

INFO: Total Population: 1922200
INFO: R0: 2
INFO: Incubation Period: 5
INFO: Illness Period: 7
X:[0, 1, 2, 3, 4, 5, 6, 7, 8, 9, 10, 11, 12, 13, 14, 15, 16, 17, 18, 19, 20, 21, 22, 23, 24, 25, 26, 27, 28, 29, 30, 31, 32, 33, 34, 35, 36, 37, 38, 39, 40, 41, 42, 43, 44, 45, 46, 47, 48, 49, 50, 51, 52, 53, 54, 55, 56, 57, 58, 59, 60, 61, 62, 63, 64, 65, 66, 67, 68, 69, 70, 71, 72, 73, 74, 75, 76, 77, 78, 79, 80, 81, 82, 83, 84, 85, 86, 87, 88, 89, 90, 91, 92, 93, 94, 95, 96, 97, 98, 99, 100, 101, 102, 103, 104, 105, 106, 107, 108, 109, 110, 111, 112, 113, 114, 115, 116, 117, 118, 119, 120, 121, 122, 123, 124, 125, 126]
YNEW:[0, 0, 0, 0, 0, 0, 0, 1, 0, 0, 0, 0, 0, 0, 0, 0, 0, 0, 0, 0, 0, 0, 0, 0, 0, 0, 0, 0, 0, 0, 0, 0, 0, 0, 0, 1, 1, 1, 2, 2, 3, 3, 3, 4, 6, 7, 7, 10, 12, 17, 20, 30, 36, 36, 36, 40, 44, 48, 54, 50, 46, 54, 60, 67, 71, 70, 60, 46, 54, 54, 54, 57, 52, 43, 41, 45, 43, 54, 60, 68, 61, 49, 43, 40, 32, 28, 30, 23, 18, 15, 10, 9, 20, 25, 26, 33, 30, 25, 20, 22, 19, 21, 24, 21, 17, 15, 9, 21, 21, 17, 11, 12, 17, 22, 10, 10, 12, 12, 11, 5, 8, 9, 2, 4, 2, 1]
YTOT: [0, 0, 0, 0, 0, 0, 0, 1, 1, 1, 1, 1, 1, 1, 1, 1, 1, 1, 1, 1, 1, 1, 1, 1, 1, 1, 1, 1, 1, 1, 1, 1, 1, 1, 1, 2, 3, 4, 6, 8, 11, 14, 17, 21, 27, 34, 41, 51, 63, 80, 100, 130, 166, 202, 238, 278, 322, 370, 424, 474, 520, 574, 634, 701, 772, 842, 902, 948, 1002, 1056, 1110, 1167, 1219, 1262, 1303, 1348, 1391, 1445, 1505, 1573, 1634, 1683, 1726, 1766, 1798, 1826, 1856, 1879, 1897, 1912, 1922, 1931, 1951, 1976, 2002, 2035, 2065, 2090, 2110, 2132, 2151, 2172, 2196, 2217, 2234, 2249, 2258, 2279, 2300, 2317, 2328, 2340, 2357, 2379, 2389, 2399, 2411, 2423, 2434, 2439, 2447, 2456, 2458, 2462, 2464, 2465]

INFO: Total Population: 1922200
INFO: R0: 2
INFO: Incubation Period: 5
INFO: Illness Period: 7
X:[0, 1, 2, 3, 4, 5, 6, 7, 8, 9, 10, 11, 12, 13, 14, 15, 16, 17, 18, 19, 20, 21, 22, 23, 24, 25, 26, 27, 28, 29, 30, 31, 32, 33, 34, 35, 36, 37, 38, 39, 40, 41, 42, 43, 44, 45, 46, 47, 48, 49, 50, 51, 52, 53, 54, 55, 56, 57, 58, 59, 60, 61, 62, 63, 64, 65, 66, 67, 68, 69, 70, 71, 72, 73, 74, 75, 76, 77, 78, 79, 80, 81, 82, 83, 84, 85, 86, 87, 88, 89, 90, 91, 92, 93, 94, 95, 96, 97, 98, 99, 100, 101, 102, 103, 104, 105, 106, 107, 108, 109, 110, 111, 112, 113, 114, 115, 116, 117, 118, 119, 120, 121, 122, 123, 124, 125, 126]
YNEW:[0, 0, 0, 0, 0, 0, 0, 1, 0, 0, 0, 0, 0, 0, 0, 0, 0, 0, 0, 0, 0, 0, 0, 0, 0, 0, 0, 0, 0, 0, 0, 0, 0, 0, 0, 1, 1, 1, 2, 2, 3, 3, 3, 4, 6, 7, 7, 10, 12, 17, 20, 30, 36, 36, 36, 40, 44, 48, 54, 50, 46, 54, 60, 67, 71, 70, 60, 46, 54, 54, 54, 57, 52, 43, 41, 45, 43, 54, 60, 68, 61, 49, 43, 40, 32, 28, 30, 23, 18, 15, 10, 9, 20, 25, 26, 33, 30, 25, 20, 22, 19, 21, 24, 21, 17, 15, 19, 18, 12, 13, 12, 12, 12, 18, 18, 11, 17, 15, 9, 4, 3, 5, 7, 1, 1, 1]
YTOT: [0, 0, 0, 0, 0, 0, 0, 1, 1, 1, 1, 1, 1, 1, 1, 1, 1, 1, 1, 1, 1, 1, 1, 1, 1, 1, 1, 1, 1, 1, 1, 1, 1, 1, 1, 2, 3, 4, 6, 8, 11, 14, 17, 21, 27, 34, 41, 51, 63, 80, 100, 130, 166, 202, 238, 278, 322, 370, 424, 474, 520, 574, 634, 701, 772, 842, 902, 948, 1002, 1056, 1110, 1167, 1219, 1262, 1303, 1348, 1391, 1445, 1505, 1573, 1634, 1683, 1726, 1766, 1798, 1826, 1856, 1879, 1897, 1912, 1922, 1931, 1951, 1976, 2002, 2035, 2065, 2090, 2110, 2132, 2151, 2172, 2196, 2217, 2234, 2249, 2268, 2286, 2298, 2311, 2323, 2335, 2347, 2365, 2383, 2394, 2411, 2426, 2435, 2439, 2442, 2447, 2454, 2455, 2456, 2457]

INFO: Total Population: 1922200
INFO: R0: 2
INFO: Incubation Period: 5
INFO: Illness Period: 7
X:[0, 1, 2, 3, 4, 5, 6, 7, 8, 9, 10, 11, 12, 13, 14, 15, 16, 17, 18, 19, 20, 21, 22, 23, 24, 25, 26, 27, 28, 29, 30, 31, 32, 33, 34, 35, 36, 37, 38, 39, 40, 41, 42, 43, 44, 45, 46, 47, 48, 49, 50, 51, 52, 53, 54, 55, 56, 57, 58, 59, 60, 61, 62, 63, 64, 65, 66, 67, 68, 69, 70, 71, 72, 73, 74, 75, 76, 77, 78, 79, 80, 81, 82, 83, 84, 85, 86, 87, 88, 89, 90, 91, 92, 93, 94, 95, 96, 97, 98, 99, 100, 101, 102, 103, 104, 105, 106, 107, 108, 109, 110, 111, 112, 113, 114, 115, 116, 117, 118, 119, 120, 121, 122, 123, 124, 125, 126, 127, 128]
YNEW:[0, 0, 0, 0, 0, 0, 0, 1, 0, 0, 0, 0, 0, 0, 0, 0, 0, 0, 0, 0, 0, 0, 0, 0, 0, 0, 0, 0, 0, 0, 0, 0, 0, 0, 0, 1, 1, 1, 2, 2, 3, 3, 3, 4, 6, 7, 7, 10, 12, 17, 20, 30, 36, 36, 36, 40, 44, 48, 54, 50, 46, 54, 60, 67, 71, 70, 60, 46, 54, 54, 54, 57, 52, 43, 41, 45, 43, 54, 60, 68, 61, 49, 43, 40, 32, 28, 30, 23, 18, 15, 10, 9, 20, 25, 26, 33, 30, 25, 20, 22, 19, 21, 24, 21, 17, 15, 21, 14, 24, 19, 15, 16, 13, 15, 19, 12, 11, 13, 13, 7, 8, 6, 4, 5, 3, 2, 1, 2]
YTOT: [0, 0, 0, 0, 0, 0, 0, 1, 1, 1, 1, 1, 1, 1, 1, 1, 1, 1, 1, 1, 1, 1, 1, 1, 1, 1, 1, 1, 1, 1, 1, 1, 1, 1, 1, 2, 3, 4, 6, 8, 11, 14, 17, 21, 27, 34, 41, 51, 63, 80, 100, 130, 166, 202, 238, 278, 322, 370, 424, 474, 520, 574, 634, 701, 772, 842, 902, 948, 1002, 1056, 1110, 1167, 1219, 1262, 1303, 1348, 1391, 1445, 1505, 1573, 1634, 1683, 1726, 1766, 1798, 1826, 1856, 1879, 1897, 1912, 1922, 1931, 1951, 1976, 2002, 2035, 2065, 2090, 2110, 2132, 2151, 2172, 2196, 2217, 2234, 2249, 2270, 2284, 2308, 2327, 2342, 2358, 2371, 2386, 2405, 2417, 2428, 2441, 2454, 2461, 2469, 2475, 2479, 2484, 2487, 2489, 2490, 2492]

INFO: Total Population: 1922200
INFO: R0: 2
INFO: Incubation Period: 5
INFO: Illness Period: 7
X:[0, 1, 2, 3, 4, 5, 6, 7, 8, 9, 10, 11, 12, 13, 14, 15, 16, 17, 18, 19, 20, 21, 22, 23, 24, 25, 26, 27, 28, 29, 30, 31, 32, 33, 34, 35, 36, 37, 38, 39, 40, 41, 42, 43, 44, 45, 46, 47, 48, 49, 50, 51, 52, 53, 54, 55, 56, 57, 58, 59, 60, 61, 62, 63, 64, 65, 66, 67, 68, 69, 70, 71, 72, 73, 74, 75, 76, 77, 78, 79, 80, 81, 82, 83, 84, 85, 86, 87, 88, 89, 90, 91, 92, 93, 94, 95, 96, 97, 98, 99, 100, 101, 102, 103, 104, 105, 106, 107, 108, 109, 110, 111, 112, 113, 114, 115, 116, 117, 118, 119, 120, 121, 122, 123, 124, 125, 126, 127]
YNEW:[0, 0, 0, 0, 0, 0, 0, 1, 0, 0, 0, 0, 0, 0, 0, 0, 0, 0, 0, 0, 0, 0, 0, 0, 0, 0, 0, 0, 0, 0, 0, 0, 0, 0, 0, 1, 1, 1, 2, 2, 3, 3, 3, 4, 6, 7, 7, 10, 12, 17, 20, 30, 36, 36, 36, 40, 44, 48, 54, 50, 46, 54, 60, 67, 71, 70, 60, 46, 54, 54, 54, 57, 52, 43, 41, 45, 43, 54, 60, 68, 61, 49, 43, 40, 32, 28, 30, 23, 18, 15, 10, 9, 20, 25, 26, 33, 30, 25, 20, 22, 19, 21, 24, 21, 17, 15, 25, 15, 17, 12, 9, 19, 12, 10, 18, 13, 19, 12, 8, 9, 2, 5, 4, 1, 2, 1, 1]
YTOT: [0, 0, 0, 0, 0, 0, 0, 1, 1, 1, 1, 1, 1, 1, 1, 1, 1, 1, 1, 1, 1, 1, 1, 1, 1, 1, 1, 1, 1, 1, 1, 1, 1, 1, 1, 2, 3, 4, 6, 8, 11, 14, 17, 21, 27, 34, 41, 51, 63, 80, 100, 130, 166, 202, 238, 278, 322, 370, 424, 474, 520, 574, 634, 701, 772, 842, 902, 948, 1002, 1056, 1110, 1167, 1219, 1262, 1303, 1348, 1391, 1445, 1505, 1573, 1634, 1683, 1726, 1766, 1798, 1826, 1856, 1879, 1897, 1912, 1922, 1931, 1951, 1976, 2002, 2035, 2065, 2090, 2110, 2132, 2151, 2172, 2196, 2217, 2234, 2249, 2274, 2289, 2306, 2318, 2327, 2346, 2358, 2368, 2386, 2399, 2418, 2430, 2438, 2447, 2449, 2454, 2458, 2459, 2461, 2462, 2463]

INFO: Total Population: 1922200
INFO: R0: 2
INFO: Incubation Period: 5
INFO: Illness Period: 7
X:[0, 1, 2, 3, 4, 5, 6, 7, 8, 9, 10, 11, 12, 13, 14, 15, 16, 17, 18, 19, 20, 21, 22, 23, 24, 25, 26, 27, 28, 29, 30, 31, 32, 33, 34, 35, 36, 37, 38, 39, 40, 41, 42, 43, 44, 45, 46, 47, 48, 49, 50, 51, 52, 53, 54, 55, 56, 57, 58, 59, 60, 61, 62, 63, 64, 65, 66, 67, 68, 69, 70, 71, 72, 73, 74, 75, 76, 77, 78, 79, 80, 81, 82, 83, 84, 85, 86, 87, 88, 89, 90, 91, 92, 93, 94, 95, 96, 97, 98, 99, 100, 101, 102, 103, 104, 105, 106, 107, 108, 109, 110, 111, 112, 113, 114, 115, 116, 117, 118, 119, 120, 121, 122, 123, 124, 125, 126]
YNEW:[0, 0, 0, 0, 0, 0, 0, 1, 0, 0, 0, 0, 0, 0, 0, 0, 0, 0, 0, 0, 0, 0, 0, 0, 0, 0, 0, 0, 0, 0, 0, 0, 0, 0, 0, 1, 1, 1, 2, 2, 3, 3, 3, 4, 6, 7, 7, 10, 12, 17, 20, 30, 36, 36, 36, 40, 44, 48, 54, 50, 46, 54, 60, 67, 71, 70, 60, 46, 54, 54, 54, 57, 52, 43, 41, 45, 43, 54, 60, 68, 61, 49, 43, 40, 32, 28, 30, 23, 18, 15, 10, 9, 20, 25, 26, 33, 30, 25, 20, 22, 19, 21, 24, 21, 17, 15, 15, 15, 24, 15, 17, 11, 12, 16, 15, 19, 12, 9, 14, 7, 12, 3, 1, 5, 1, 2]
YTOT: [0, 0, 0, 0, 0, 0, 0, 1, 1, 1, 1, 1, 1, 1, 1, 1, 1, 1, 1, 1, 1, 1, 1, 1, 1, 1, 1, 1, 1, 1, 1, 1, 1, 1, 1, 2, 3, 4, 6, 8, 11, 14, 17, 21, 27, 34, 41, 51, 63, 80, 100, 130, 166, 202, 238, 278, 322, 370, 424, 474, 520, 574, 634, 701, 772, 842, 902, 948, 1002, 1056, 1110, 1167, 1219, 1262, 1303, 1348, 1391, 1445, 1505, 1573, 1634, 1683, 1726, 1766, 1798, 1826, 1856, 1879, 1897, 1912, 1922, 1931, 1951, 1976, 2002, 2035, 2065, 2090, 2110, 2132, 2151, 2172, 2196, 2217, 2234, 2249, 2264, 2279, 2303, 2318, 2335, 2346, 2358, 2374, 2389, 2408, 2420, 2429, 2443, 2450, 2462, 2465, 2466, 2471, 2472, 2474]

INFO: Total Population: 1922200
INFO: R0: 2
INFO: Incubation Period: 5
INFO: Illness Period: 7
X:[0, 1, 2, 3, 4, 5, 6, 7, 8, 9, 10, 11, 12, 13, 14, 15, 16, 17, 18, 19, 20, 21, 22, 23, 24, 25, 26, 27, 28, 29, 30, 31, 32, 33, 34, 35, 36, 37, 38, 39, 40, 41, 42, 43, 44, 45, 46, 47, 48, 49, 50, 51, 52, 53, 54, 55, 56, 57, 58, 59, 60, 61, 62, 63, 64, 65, 66, 67, 68, 69, 70, 71, 72, 73, 74, 75, 76, 77, 78, 79, 80, 81, 82, 83, 84, 85, 86, 87, 88, 89, 90, 91, 92, 93, 94, 95, 96, 97, 98, 99, 100, 101, 102, 103, 104, 105, 106, 107, 108, 109, 110, 111, 112, 113, 114, 115, 116, 117, 118, 119, 120, 121, 122, 123, 124, 125, 126, 127, 128]
YNEW:[0, 0, 0, 0, 0, 0, 0, 1, 0, 0, 0, 0, 0, 0, 0, 0, 0, 0, 0, 0, 0, 0, 0, 0, 0, 0, 0, 0, 0, 0, 0, 0, 0, 0, 0, 1, 1, 1, 2, 2, 3, 3, 3, 4, 6, 7, 7, 10, 12, 17, 20, 30, 36, 36, 36, 40, 44, 48, 54, 50, 46, 54, 60, 67, 71, 70, 60, 46, 54, 54, 54, 57, 52, 43, 41, 45, 43, 54, 60, 68, 61, 49, 43, 40, 32, 28, 30, 23, 18, 15, 10, 9, 20, 25, 26, 33, 30, 25, 20, 22, 19, 21, 24, 21, 17, 15, 11, 14, 19, 10, 12, 7, 10, 13, 19, 17, 6, 10, 6, 5, 2, 6, 4, 3, 1, 2, 1, 1]
YTOT: [0, 0, 0, 0, 0, 0, 0, 1, 1, 1, 1, 1, 1, 1, 1, 1, 1, 1, 1, 1, 1, 1, 1, 1, 1, 1, 1, 1, 1, 1, 1, 1, 1, 1, 1, 2, 3, 4, 6, 8, 11, 14, 17, 21, 27, 34, 41, 51, 63, 80, 100, 130, 166, 202, 238, 278, 322, 370, 424, 474, 520, 574, 634, 701, 772, 842, 902, 948, 1002, 1056, 1110, 1167, 1219, 1262, 1303, 1348, 1391, 1445, 1505, 1573, 1634, 1683, 1726, 1766, 1798, 1826, 1856, 1879, 1897, 1912, 1922, 1931, 1951, 1976, 2002, 2035, 2065, 2090, 2110, 2132, 2151, 2172, 2196, 2217, 2234, 2249, 2260, 2274, 2293, 2303, 2315, 2322, 2332, 2345, 2364, 2381, 2387, 2397, 2403, 2408, 2410, 2416, 2420, 2423, 2424, 2426, 2427, 2428]

INFO: Total Population: 1922200
INFO: R0: 2
INFO: Incubation Period: 5
INFO: Illness Period: 7
X:[0, 1, 2, 3, 4, 5, 6, 7, 8, 9, 10, 11, 12, 13, 14, 15, 16, 17, 18, 19, 20, 21, 22, 23, 24, 25, 26, 27, 28, 29, 30, 31, 32, 33, 34, 35, 36, 37, 38, 39, 40, 41, 42, 43, 44, 45, 46, 47, 48, 49, 50, 51, 52, 53, 54, 55, 56, 57, 58, 59, 60, 61, 62, 63, 64, 65, 66, 67, 68, 69, 70, 71, 72, 73, 74, 75, 76, 77, 78, 79, 80, 81, 82, 83, 84, 85, 86, 87, 88, 89, 90, 91, 92, 93, 94, 95, 96, 97, 98, 99, 100, 101, 102, 103, 104, 105, 106, 107, 108, 109, 110, 111, 112, 113, 114, 115, 116, 117, 118, 119, 120, 121, 122, 123, 124, 125, 126, 127]
YNEW:[0, 0, 0, 0, 0, 0, 0, 1, 0, 0, 0, 0, 0, 0, 0, 0, 0, 0, 0, 0, 0, 0, 0, 0, 0, 0, 0, 0, 0, 0, 0, 0, 0, 0, 0, 1, 1, 1, 2, 2, 3, 3, 3, 4, 6, 7, 7, 10, 12, 17, 20, 30, 36, 36, 36, 40, 44, 48, 54, 50, 46, 54, 60, 67, 71, 70, 60, 46, 54, 54, 54, 57, 52, 43, 41, 45, 43, 54, 60, 68, 61, 49, 43, 40, 32, 28, 30, 23, 18, 15, 10, 9, 20, 25, 26, 33, 30, 25, 20, 22, 19, 21, 24, 21, 17, 15, 15, 23, 22, 22, 18, 11, 14, 25, 16, 13, 9, 13, 9, 8, 8, 9, 6, 5, 2, 3, 1]
YTOT: [0, 0, 0, 0, 0, 0, 0, 1, 1, 1, 1, 1, 1, 1, 1, 1, 1, 1, 1, 1, 1, 1, 1, 1, 1, 1, 1, 1, 1, 1, 1, 1, 1, 1, 1, 2, 3, 4, 6, 8, 11, 14, 17, 21, 27, 34, 41, 51, 63, 80, 100, 130, 166, 202, 238, 278, 322, 370, 424, 474, 520, 574, 634, 701, 772, 842, 902, 948, 1002, 1056, 1110, 1167, 1219, 1262, 1303, 1348, 1391, 1445, 1505, 1573, 1634, 1683, 1726, 1766, 1798, 1826, 1856, 1879, 1897, 1912, 1922, 1931, 1951, 1976, 2002, 2035, 2065, 2090, 2110, 2132, 2151, 2172, 2196, 2217, 2234, 2249, 2264, 2287, 2309, 2331, 2349, 2360, 2374, 2399, 2415, 2428, 2437, 2450, 2459, 2467, 2475, 2484, 2490, 2495, 2497, 2500, 2501]

INFO: Total Population: 1922200
INFO: R0: 2
INFO: Incubation Period: 5
INFO: Illness Period: 7
X:[0, 1, 2, 3, 4, 5, 6, 7, 8, 9, 10, 11, 12, 13, 14, 15, 16, 17, 18, 19, 20, 21, 22, 23, 24, 25, 26, 27, 28, 29, 30, 31, 32, 33, 34, 35, 36, 37, 38, 39, 40, 41, 42, 43, 44, 45, 46, 47, 48, 49, 50, 51, 52, 53, 54, 55, 56, 57, 58, 59, 60, 61, 62, 63, 64, 65, 66, 67, 68, 69, 70, 71, 72, 73, 74, 75, 76, 77, 78, 79, 80, 81, 82, 83, 84, 85, 86, 87, 88, 89, 90, 91, 92, 93, 94, 95, 96, 97, 98, 99, 100, 101, 102, 103, 104, 105, 106, 107, 108, 109, 110, 111, 112, 113, 114, 115, 116, 117, 118, 119, 120, 121, 122, 123, 124, 125]
YNEW:[0, 0, 0, 0, 0, 0, 0, 1, 0, 0, 0, 0, 0, 0, 0, 0, 0, 0, 0, 0, 0, 0, 0, 0, 0, 0, 0, 0, 0, 0, 0, 0, 0, 0, 0, 1, 1, 1, 2, 2, 3, 3, 3, 4, 6, 7, 7, 10, 12, 17, 20, 30, 36, 36, 36, 40, 44, 48, 54, 50, 46, 54, 60, 67, 71, 70, 60, 46, 54, 54, 54, 57, 52, 43, 41, 45, 43, 54, 60, 68, 61, 49, 43, 40, 32, 28, 30, 23, 18, 15, 10, 9, 20, 25, 26, 33, 30, 25, 20, 22, 19, 21, 24, 21, 17, 15, 20, 17, 22, 17, 10, 17, 14, 19, 17, 16, 17, 12, 9, 10, 5, 4, 4, 4, 1]
YTOT: [0, 0, 0, 0, 0, 0, 0, 1, 1, 1, 1, 1, 1, 1, 1, 1, 1, 1, 1, 1, 1, 1, 1, 1, 1, 1, 1, 1, 1, 1, 1, 1, 1, 1, 1, 2, 3, 4, 6, 8, 11, 14, 17, 21, 27, 34, 41, 51, 63, 80, 100, 130, 166, 202, 238, 278, 322, 370, 424, 474, 520, 574, 634, 701, 772, 842, 902, 948, 1002, 1056, 1110, 1167, 1219, 1262, 1303, 1348, 1391, 1445, 1505, 1573, 1634, 1683, 1726, 1766, 1798, 1826, 1856, 1879, 1897, 1912, 1922, 1931, 1951, 1976, 2002, 2035, 2065, 2090, 2110, 2132, 2151, 2172, 2196, 2217, 2234, 2249, 2269, 2286, 2308, 2325, 2335, 2352, 2366, 2385, 2402, 2418, 2435, 2447, 2456, 2466, 2471, 2475, 2479, 2483, 2484]

INFO: Total Population: 1922200
INFO: R0: 2
INFO: Incubation Period: 5
INFO: Illness Period: 7
X:[0, 1, 2, 3, 4, 5, 6, 7, 8, 9, 10, 11, 12, 13, 14, 15, 16, 17, 18, 19, 20, 21, 22, 23, 24, 25, 26, 27, 28, 29, 30, 31, 32, 33, 34, 35, 36, 37, 38, 39, 40, 41, 42, 43, 44, 45, 46, 47, 48, 49, 50, 51, 52, 53, 54, 55, 56, 57, 58, 59, 60, 61, 62, 63, 64, 65, 66, 67, 68, 69, 70, 71, 72, 73, 74, 75, 76, 77, 78, 79, 80, 81, 82, 83, 84, 85, 86, 87, 88, 89, 90, 91, 92, 93, 94, 95, 96, 97, 98, 99, 100, 101, 102, 103, 104, 105, 106, 107, 108, 109, 110, 111, 112, 113, 114, 115, 116, 117, 118, 119, 120, 121, 122, 123, 124, 125, 126, 127, 128]
YNEW:[0, 0, 0, 0, 0, 0, 0, 1, 0, 0, 0, 0, 0, 0, 0, 0, 0, 0, 0, 0, 0, 0, 0, 0, 0, 0, 0, 0, 0, 0, 0, 0, 0, 0, 0, 1, 1, 1, 2, 2, 3, 3, 3, 4, 6, 7, 7, 10, 12, 17, 20, 30, 36, 36, 36, 40, 44, 48, 54, 50, 46, 54, 60, 67, 71, 70, 60, 46, 54, 54, 54, 57, 52, 43, 41, 45, 43, 54, 60, 68, 61, 49, 43, 40, 32, 28, 30, 23, 18, 15, 10, 9, 20, 25, 26, 33, 30, 25, 20, 22, 19, 21, 24, 21, 17, 15, 21, 27, 21, 9, 16, 10, 15, 15, 19, 19, 17, 8, 9, 9, 3, 7, 1, 3, 2, 1, 1, 1]
YTOT: [0, 0, 0, 0, 0, 0, 0, 1, 1, 1, 1, 1, 1, 1, 1, 1, 1, 1, 1, 1, 1, 1, 1, 1, 1, 1, 1, 1, 1, 1, 1, 1, 1, 1, 1, 2, 3, 4, 6, 8, 11, 14, 17, 21, 27, 34, 41, 51, 63, 80, 100, 130, 166, 202, 238, 278, 322, 370, 424, 474, 520, 574, 634, 701, 772, 842, 902, 948, 1002, 1056, 1110, 1167, 1219, 1262, 1303, 1348, 1391, 1445, 1505, 1573, 1634, 1683, 1726, 1766, 1798, 1826, 1856, 1879, 1897, 1912, 1922, 1931, 1951, 1976, 2002, 2035, 2065, 2090, 2110, 2132, 2151, 2172, 2196, 2217, 2234, 2249, 2270, 2297, 2318, 2327, 2343, 2353, 2368, 2383, 2402, 2421, 2438, 2446, 2455, 2464, 2467, 2474, 2475, 2478, 2480, 2481, 2482, 2483]

INFO: Total Population: 1922200
INFO: R0: 2
INFO: Incubation Period: 5
INFO: Illness Period: 7
X:[0, 1, 2, 3, 4, 5, 6, 7, 8, 9, 10, 11, 12, 13, 14, 15, 16, 17, 18, 19, 20, 21, 22, 23, 24, 25, 26, 27, 28, 29, 30, 31, 32, 33, 34, 35, 36, 37, 38, 39, 40, 41, 42, 43, 44, 45, 46, 47, 48, 49, 50, 51, 52, 53, 54, 55, 56, 57, 58, 59, 60, 61, 62, 63, 64, 65, 66, 67, 68, 69, 70, 71, 72, 73, 74, 75, 76, 77, 78, 79, 80, 81, 82, 83, 84, 85, 86, 87, 88, 89, 90, 91, 92, 93, 94, 95, 96, 97, 98, 99, 100, 101, 102, 103, 104, 105, 106, 107, 108, 109, 110, 111, 112, 113, 114, 115, 116, 117, 118, 119, 120, 121, 122, 123, 124, 125, 126]
YNEW:[0, 0, 0, 0, 0, 0, 0, 1, 0, 0, 0, 0, 0, 0, 0, 0, 0, 0, 0, 0, 0, 0, 0, 0, 0, 0, 0, 0, 0, 0, 0, 0, 0, 0, 0, 1, 1, 1, 2, 2, 3, 3, 3, 4, 6, 7, 7, 10, 12, 17, 20, 30, 36, 36, 36, 40, 44, 48, 54, 50, 46, 54, 60, 67, 71, 70, 60, 46, 54, 54, 54, 57, 52, 43, 41, 45, 43, 54, 60, 68, 61, 49, 43, 40, 32, 28, 30, 23, 18, 15, 10, 9, 20, 25, 26, 33, 30, 25, 20, 22, 19, 21, 24, 21, 17, 15, 26, 21, 26, 16, 10, 13, 13, 14, 23, 15, 11, 10, 7, 9, 8, 6, 9, 4, 1, 2]
YTOT: [0, 0, 0, 0, 0, 0, 0, 1, 1, 1, 1, 1, 1, 1, 1, 1, 1, 1, 1, 1, 1, 1, 1, 1, 1, 1, 1, 1, 1, 1, 1, 1, 1, 1, 1, 2, 3, 4, 6, 8, 11, 14, 17, 21, 27, 34, 41, 51, 63, 80, 100, 130, 166, 202, 238, 278, 322, 370, 424, 474, 520, 574, 634, 701, 772, 842, 902, 948, 1002, 1056, 1110, 1167, 1219, 1262, 1303, 1348, 1391, 1445, 1505, 1573, 1634, 1683, 1726, 1766, 1798, 1826, 1856, 1879, 1897, 1912, 1922, 1931, 1951, 1976, 2002, 2035, 2065, 2090, 2110, 2132, 2151, 2172, 2196, 2217, 2234, 2249, 2275, 2296, 2322, 2338, 2348, 2361, 2374, 2388, 2411, 2426, 2437, 2447, 2454, 2463, 2471, 2477, 2486, 2490, 2491, 2493]

INFO: Total Population: 1922200
INFO: R0: 2
INFO: Incubation Period: 5
INFO: Illness Period: 7
X:[0, 1, 2, 3, 4, 5, 6, 7, 8, 9, 10, 11, 12, 13, 14, 15, 16, 17, 18, 19, 20, 21, 22, 23, 24, 25, 26, 27, 28, 29, 30, 31, 32, 33, 34, 35, 36, 37, 38, 39, 40, 41, 42, 43, 44, 45, 46, 47, 48, 49, 50, 51, 52, 53, 54, 55, 56, 57, 58, 59, 60, 61, 62, 63, 64, 65, 66, 67, 68, 69, 70, 71, 72, 73, 74, 75, 76, 77, 78, 79, 80, 81, 82, 83, 84, 85, 86, 87, 88, 89, 90, 91, 92, 93, 94, 95, 96, 97, 98, 99, 100, 101, 102, 103, 104, 105, 106, 107, 108, 109, 110, 111, 112, 113, 114, 115, 116, 117, 118, 119, 120, 121, 122, 123, 124, 125, 126]
YNEW:[0, 0, 0, 0, 0, 0, 0, 1, 0, 0, 0, 0, 0, 0, 0, 0, 0, 0, 0, 0, 0, 0, 0, 0, 0, 0, 0, 0, 0, 0, 0, 0, 0, 0, 0, 1, 1, 1, 2, 2, 3, 3, 3, 4, 6, 7, 7, 10, 12, 17, 20, 30, 36, 36, 36, 40, 44, 48, 54, 50, 46, 54, 60, 67, 71, 70, 60, 46, 54, 54, 54, 57, 52, 43, 41, 45, 43, 54, 60, 68, 61, 49, 43, 40, 32, 28, 30, 23, 18, 15, 10, 9, 20, 25, 26, 33, 30, 25, 20, 22, 19, 21, 24, 21, 17, 15, 26, 20, 26, 13, 11, 12, 21, 19, 9, 12, 14, 15, 10, 8, 7, 5, 7, 4, 5, 1]
YTOT: [0, 0, 0, 0, 0, 0, 0, 1, 1, 1, 1, 1, 1, 1, 1, 1, 1, 1, 1, 1, 1, 1, 1, 1, 1, 1, 1, 1, 1, 1, 1, 1, 1, 1, 1, 2, 3, 4, 6, 8, 11, 14, 17, 21, 27, 34, 41, 51, 63, 80, 100, 130, 166, 202, 238, 278, 322, 370, 424, 474, 520, 574, 634, 701, 772, 842, 902, 948, 1002, 1056, 1110, 1167, 1219, 1262, 1303, 1348, 1391, 1445, 1505, 1573, 1634, 1683, 1726, 1766, 1798, 1826, 1856, 1879, 1897, 1912, 1922, 1931, 1951, 1976, 2002, 2035, 2065, 2090, 2110, 2132, 2151, 2172, 2196, 2217, 2234, 2249, 2275, 2295, 2321, 2334, 2345, 2357, 2378, 2397, 2406, 2418, 2432, 2447, 2457, 2465, 2472, 2477, 2484, 2488, 2493, 2494]

INFO: Total Population: 1922200
INFO: R0: 2
INFO: Incubation Period: 5
INFO: Illness Period: 7
X:[0, 1, 2, 3, 4, 5, 6, 7, 8, 9, 10, 11, 12, 13, 14, 15, 16, 17, 18, 19, 20, 21, 22, 23, 24, 25, 26, 27, 28, 29, 30, 31, 32, 33, 34, 35, 36, 37, 38, 39, 40, 41, 42, 43, 44, 45, 46, 47, 48, 49, 50, 51, 52, 53, 54, 55, 56, 57, 58, 59, 60, 61, 62, 63, 64, 65, 66, 67, 68, 69, 70, 71, 72, 73, 74, 75, 76, 77, 78, 79, 80, 81, 82, 83, 84, 85, 86, 87, 88, 89, 90, 91, 92, 93, 94, 95, 96, 97, 98, 99, 100, 101, 102, 103, 104, 105, 106, 107, 108, 109, 110, 111, 112, 113, 114, 115, 116, 117, 118, 119, 120, 121, 122, 123, 124, 125, 126, 127]
YNEW:[0, 0, 0, 0, 0, 0, 0, 1, 0, 0, 0, 0, 0, 0, 0, 0, 0, 0, 0, 0, 0, 0, 0, 0, 0, 0, 0, 0, 0, 0, 0, 0, 0, 0, 0, 1, 1, 1, 2, 2, 3, 3, 3, 4, 6, 7, 7, 10, 12, 17, 20, 30, 36, 36, 36, 40, 44, 48, 54, 50, 46, 54, 60, 67, 71, 70, 60, 46, 54, 54, 54, 57, 52, 43, 41, 45, 43, 54, 60, 68, 61, 49, 43, 40, 32, 28, 30, 23, 18, 15, 10, 9, 20, 25, 26, 33, 30, 25, 20, 22, 19, 21, 24, 21, 17, 15, 25, 24, 15, 17, 11, 15, 20, 15, 22, 16, 16, 9, 10, 4, 7, 4, 4, 3, 1, 2, 1]
YTOT: [0, 0, 0, 0, 0, 0, 0, 1, 1, 1, 1, 1, 1, 1, 1, 1, 1, 1, 1, 1, 1, 1, 1, 1, 1, 1, 1, 1, 1, 1, 1, 1, 1, 1, 1, 2, 3, 4, 6, 8, 11, 14, 17, 21, 27, 34, 41, 51, 63, 80, 100, 130, 166, 202, 238, 278, 322, 370, 424, 474, 520, 574, 634, 701, 772, 842, 902, 948, 1002, 1056, 1110, 1167, 1219, 1262, 1303, 1348, 1391, 1445, 1505, 1573, 1634, 1683, 1726, 1766, 1798, 1826, 1856, 1879, 1897, 1912, 1922, 1931, 1951, 1976, 2002, 2035, 2065, 2090, 2110, 2132, 2151, 2172, 2196, 2217, 2234, 2249, 2274, 2298, 2313, 2330, 2341, 2356, 2376, 2391, 2413, 2429, 2445, 2454, 2464, 2468, 2475, 2479, 2483, 2486, 2487, 2489, 2490]

INFO: Total Population: 1922200
INFO: R0: 2
INFO: Incubation Period: 5
INFO: Illness Period: 7
X:[0, 1, 2, 3, 4, 5, 6, 7, 8, 9, 10, 11, 12, 13, 14, 15, 16, 17, 18, 19, 20, 21, 22, 23, 24, 25, 26, 27, 28, 29, 30, 31, 32, 33, 34, 35, 36, 37, 38, 39, 40, 41, 42, 43, 44, 45, 46, 47, 48, 49, 50, 51, 52, 53, 54, 55, 56, 57, 58, 59, 60, 61, 62, 63, 64, 65, 66, 67, 68, 69, 70, 71, 72, 73, 74, 75, 76, 77, 78, 79, 80, 81, 82, 83, 84, 85, 86, 87, 88, 89, 90, 91, 92, 93, 94, 95, 96, 97, 98, 99, 100, 101, 102, 103, 104, 105, 106, 107, 108, 109, 110, 111, 112, 113, 114, 115, 116, 117, 118, 119, 120, 121, 122, 123, 124, 125, 126, 127, 128]
YNEW:[0, 0, 0, 0, 0, 0, 0, 1, 0, 0, 0, 0, 0, 0, 0, 0, 0, 0, 0, 0, 0, 0, 0, 0, 0, 0, 0, 0, 0, 0, 0, 0, 0, 0, 0, 1, 1, 1, 2, 2, 3, 3, 3, 4, 6, 7, 7, 10, 12, 17, 20, 30, 36, 36, 36, 40, 44, 48, 54, 50, 46, 54, 60, 67, 71, 70, 60, 46, 54, 54, 54, 57, 52, 43, 41, 45, 43, 54, 60, 68, 61, 49, 43, 40, 32, 28, 30, 23, 18, 15, 10, 9, 20, 25, 26, 33, 30, 25, 20, 22, 19, 21, 24, 21, 17, 15, 23, 18, 18, 12, 9, 21, 20, 18, 13, 18, 17, 8, 8, 12, 6, 1, 1, 3, 2, 2, 2, 1]
YTOT: [0, 0, 0, 0, 0, 0, 0, 1, 1, 1, 1, 1, 1, 1, 1, 1, 1, 1, 1, 1, 1, 1, 1, 1, 1, 1, 1, 1, 1, 1, 1, 1, 1, 1, 1, 2, 3, 4, 6, 8, 11, 14, 17, 21, 27, 34, 41, 51, 63, 80, 100, 130, 166, 202, 238, 278, 322, 370, 424, 474, 520, 574, 634, 701, 772, 842, 902, 948, 1002, 1056, 1110, 1167, 1219, 1262, 1303, 1348, 1391, 1445, 1505, 1573, 1634, 1683, 1726, 1766, 1798, 1826, 1856, 1879, 1897, 1912, 1922, 1931, 1951, 1976, 2002, 2035, 2065, 2090, 2110, 2132, 2151, 2172, 2196, 2217, 2234, 2249, 2272, 2290, 2308, 2320, 2329, 2350, 2370, 2388, 2401, 2419, 2436, 2444, 2452, 2464, 2470, 2471, 2472, 2475, 2477, 2479, 2481, 2482]

INFO: Total Population: 1922200
INFO: R0: 2
INFO: Incubation Period: 5
INFO: Illness Period: 7
X:[0, 1, 2, 3, 4, 5, 6, 7, 8, 9, 10, 11, 12, 13, 14, 15, 16, 17, 18, 19, 20, 21, 22, 23, 24, 25, 26, 27, 28, 29, 30, 31, 32, 33, 34, 35, 36, 37, 38, 39, 40, 41, 42, 43, 44, 45, 46, 47, 48, 49, 50, 51, 52, 53, 54, 55, 56, 57, 58, 59, 60, 61, 62, 63, 64, 65, 66, 67, 68, 69, 70, 71, 72, 73, 74, 75, 76, 77, 78, 79, 80, 81, 82, 83, 84, 85, 86, 87, 88, 89, 90, 91, 92, 93, 94, 95, 96, 97, 98, 99, 100, 101, 102, 103, 104, 105, 106, 107, 108, 109, 110, 111, 112, 113, 114, 115, 116, 117, 118, 119, 120, 121, 122, 123, 124, 125, 126, 127]
YNEW:[0, 0, 0, 0, 0, 0, 0, 1, 0, 0, 0, 0, 0, 0, 0, 0, 0, 0, 0, 0, 0, 0, 0, 0, 0, 0, 0, 0, 0, 0, 0, 0, 0, 0, 0, 1, 1, 1, 2, 2, 3, 3, 3, 4, 6, 7, 7, 10, 12, 17, 20, 30, 36, 36, 36, 40, 44, 48, 54, 50, 46, 54, 60, 67, 71, 70, 60, 46, 54, 54, 54, 57, 52, 43, 41, 45, 43, 54, 60, 68, 61, 49, 43, 40, 32, 28, 30, 23, 18, 15, 10, 9, 20, 25, 26, 33, 30, 25, 20, 22, 19, 21, 24, 21, 17, 15, 23, 23, 25, 23, 5, 12, 20, 20, 18, 13, 15, 9, 11, 6, 9, 7, 6, 1, 2, 2, 2]
YTOT: [0, 0, 0, 0, 0, 0, 0, 1, 1, 1, 1, 1, 1, 1, 1, 1, 1, 1, 1, 1, 1, 1, 1, 1, 1, 1, 1, 1, 1, 1, 1, 1, 1, 1, 1, 2, 3, 4, 6, 8, 11, 14, 17, 21, 27, 34, 41, 51, 63, 80, 100, 130, 166, 202, 238, 278, 322, 370, 424, 474, 520, 574, 634, 701, 772, 842, 902, 948, 1002, 1056, 1110, 1167, 1219, 1262, 1303, 1348, 1391, 1445, 1505, 1573, 1634, 1683, 1726, 1766, 1798, 1826, 1856, 1879, 1897, 1912, 1922, 1931, 1951, 1976, 2002, 2035, 2065, 2090, 2110, 2132, 2151, 2172, 2196, 2217, 2234, 2249, 2272, 2295, 2320, 2343, 2348, 2360, 2380, 2400, 2418, 2431, 2446, 2455, 2466, 2472, 2481, 2488, 2494, 2495, 2497, 2499, 2501]

INFO: Total Population: 1922200
INFO: R0: 2
INFO: Incubation Period: 5
INFO: Illness Period: 7
X:[0, 1, 2, 3, 4, 5, 6, 7, 8, 9, 10, 11, 12, 13, 14, 15, 16, 17, 18, 19, 20, 21, 22, 23, 24, 25, 26, 27, 28, 29, 30, 31, 32, 33, 34, 35, 36, 37, 38, 39, 40, 41, 42, 43, 44, 45, 46, 47, 48, 49, 50, 51, 52, 53, 54, 55, 56, 57, 58, 59, 60, 61, 62, 63, 64, 65, 66, 67, 68, 69, 70, 71, 72, 73, 74, 75, 76, 77, 78, 79, 80, 81, 82, 83, 84, 85, 86, 87, 88, 89, 90, 91, 92, 93, 94, 95, 96, 97, 98, 99, 100, 101, 102, 103, 104, 105, 106, 107, 108, 109, 110, 111, 112, 113, 114, 115, 116, 117, 118, 119, 120, 121, 122, 123, 124, 125, 126]
YNEW:[0, 0, 0, 0, 0, 0, 0, 1, 0, 0, 0, 0, 0, 0, 0, 0, 0, 0, 0, 0, 0, 0, 0, 0, 0, 0, 0, 0, 0, 0, 0, 0, 0, 0, 0, 1, 1, 1, 2, 2, 3, 3, 3, 4, 6, 7, 7, 10, 12, 17, 20, 30, 36, 36, 36, 40, 44, 48, 54, 50, 46, 54, 60, 67, 71, 70, 60, 46, 54, 54, 54, 57, 52, 43, 41, 45, 43, 54, 60, 68, 61, 49, 43, 40, 32, 28, 30, 23, 18, 15, 10, 9, 20, 25, 26, 33, 30, 25, 20, 22, 19, 21, 24, 21, 17, 15, 25, 27, 17, 19, 18, 18, 15, 16, 15, 17, 19, 17, 12, 13, 6, 8, 6, 6, 2, 1]
YTOT: [0, 0, 0, 0, 0, 0, 0, 1, 1, 1, 1, 1, 1, 1, 1, 1, 1, 1, 1, 1, 1, 1, 1, 1, 1, 1, 1, 1, 1, 1, 1, 1, 1, 1, 1, 2, 3, 4, 6, 8, 11, 14, 17, 21, 27, 34, 41, 51, 63, 80, 100, 130, 166, 202, 238, 278, 322, 370, 424, 474, 520, 574, 634, 701, 772, 842, 902, 948, 1002, 1056, 1110, 1167, 1219, 1262, 1303, 1348, 1391, 1445, 1505, 1573, 1634, 1683, 1726, 1766, 1798, 1826, 1856, 1879, 1897, 1912, 1922, 1931, 1951, 1976, 2002, 2035, 2065, 2090, 2110, 2132, 2151, 2172, 2196, 2217, 2234, 2249, 2274, 2301, 2318, 2337, 2355, 2373, 2388, 2404, 2419, 2436, 2455, 2472, 2484, 2497, 2503, 2511, 2517, 2523, 2525, 2526]

INFO: Total Population: 1922200
INFO: R0: 2
INFO: Incubation Period: 5
INFO: Illness Period: 7
X:[0, 1, 2, 3, 4, 5, 6, 7, 8, 9, 10, 11, 12, 13, 14, 15, 16, 17, 18, 19, 20, 21, 22, 23, 24, 25, 26, 27, 28, 29, 30, 31, 32, 33, 34, 35, 36, 37, 38, 39, 40, 41, 42, 43, 44, 45, 46, 47, 48, 49, 50, 51, 52, 53, 54, 55, 56, 57, 58, 59, 60, 61, 62, 63, 64, 65, 66, 67, 68, 69, 70, 71, 72, 73, 74, 75, 76, 77, 78, 79, 80, 81, 82, 83, 84, 85, 86, 87, 88, 89, 90, 91, 92, 93, 94, 95, 96, 97, 98, 99, 100, 101, 102, 103, 104, 105, 106, 107, 108, 109, 110, 111, 112, 113, 114, 115, 116, 117, 118, 119, 120, 121, 122, 123, 124, 125, 126, 127]
YNEW:[0, 0, 0, 0, 0, 0, 0, 1, 0, 0, 0, 0, 0, 0, 0, 0, 0, 0, 0, 0, 0, 0, 0, 0, 0, 0, 0, 0, 0, 0, 0, 0, 0, 0, 0, 1, 1, 1, 2, 2, 3, 3, 3, 4, 6, 7, 7, 10, 12, 17, 20, 30, 36, 36, 36, 40, 44, 48, 54, 50, 46, 54, 60, 67, 71, 70, 60, 46, 54, 54, 54, 57, 52, 43, 41, 45, 43, 54, 60, 68, 61, 49, 43, 40, 32, 28, 30, 23, 18, 15, 10, 9, 20, 25, 26, 33, 30, 25, 20, 22, 19, 21, 24, 21, 17, 15, 17, 15, 13, 14, 17, 12, 13, 16, 17, 14, 12, 13, 7, 8, 6, 6, 2, 2, 2, 1, 1]
YTOT: [0, 0, 0, 0, 0, 0, 0, 1, 1, 1, 1, 1, 1, 1, 1, 1, 1, 1, 1, 1, 1, 1, 1, 1, 1, 1, 1, 1, 1, 1, 1, 1, 1, 1, 1, 2, 3, 4, 6, 8, 11, 14, 17, 21, 27, 34, 41, 51, 63, 80, 100, 130, 166, 202, 238, 278, 322, 370, 424, 474, 520, 574, 634, 701, 772, 842, 902, 948, 1002, 1056, 1110, 1167, 1219, 1262, 1303, 1348, 1391, 1445, 1505, 1573, 1634, 1683, 1726, 1766, 1798, 1826, 1856, 1879, 1897, 1912, 1922, 1931, 1951, 1976, 2002, 2035, 2065, 2090, 2110, 2132, 2151, 2172, 2196, 2217, 2234, 2249, 2266, 2281, 2294, 2308, 2325, 2337, 2350, 2366, 2383, 2397, 2409, 2422, 2429, 2437, 2443, 2449, 2451, 2453, 2455, 2456, 2457]

INFO: Total Population: 1922200
INFO: R0: 2
INFO: Incubation Period: 5
INFO: Illness Period: 7
X:[0, 1, 2, 3, 4, 5, 6, 7, 8, 9, 10, 11, 12, 13, 14, 15, 16, 17, 18, 19, 20, 21, 22, 23, 24, 25, 26, 27, 28, 29, 30, 31, 32, 33, 34, 35, 36, 37, 38, 39, 40, 41, 42, 43, 44, 45, 46, 47, 48, 49, 50, 51, 52, 53, 54, 55, 56, 57, 58, 59, 60, 61, 62, 63, 64, 65, 66, 67, 68, 69, 70, 71, 72, 73, 74, 75, 76, 77, 78, 79, 80, 81, 82, 83, 84, 85, 86, 87, 88, 89, 90, 91, 92, 93, 94, 95, 96, 97, 98, 99, 100, 101, 102, 103, 104, 105, 106, 107, 108, 109, 110, 111, 112, 113, 114, 115, 116, 117, 118, 119, 120, 121, 122, 123, 124, 125]
YNEW:[0, 0, 0, 0, 0, 0, 0, 1, 0, 0, 0, 0, 0, 0, 0, 0, 0, 0, 0, 0, 0, 0, 0, 0, 0, 0, 0, 0, 0, 0, 0, 0, 0, 0, 0, 1, 1, 1, 2, 2, 3, 3, 3, 4, 6, 7, 7, 10, 12, 17, 20, 30, 36, 36, 36, 40, 44, 48, 54, 50, 46, 54, 60, 67, 71, 70, 60, 46, 54, 54, 54, 57, 52, 43, 41, 45, 43, 54, 60, 68, 61, 49, 43, 40, 32, 28, 30, 23, 18, 15, 10, 9, 20, 25, 26, 33, 30, 25, 20, 22, 19, 21, 24, 21, 17, 15, 20, 21, 19, 12, 11, 8, 16, 15, 24, 16, 10, 13, 8, 7, 8, 7, 2, 3, 1]
YTOT: [0, 0, 0, 0, 0, 0, 0, 1, 1, 1, 1, 1, 1, 1, 1, 1, 1, 1, 1, 1, 1, 1, 1, 1, 1, 1, 1, 1, 1, 1, 1, 1, 1, 1, 1, 2, 3, 4, 6, 8, 11, 14, 17, 21, 27, 34, 41, 51, 63, 80, 100, 130, 166, 202, 238, 278, 322, 370, 424, 474, 520, 574, 634, 701, 772, 842, 902, 948, 1002, 1056, 1110, 1167, 1219, 1262, 1303, 1348, 1391, 1445, 1505, 1573, 1634, 1683, 1726, 1766, 1798, 1826, 1856, 1879, 1897, 1912, 1922, 1931, 1951, 1976, 2002, 2035, 2065, 2090, 2110, 2132, 2151, 2172, 2196, 2217, 2234, 2249, 2269, 2290, 2309, 2321, 2332, 2340, 2356, 2371, 2395, 2411, 2421, 2434, 2442, 2449, 2457, 2464, 2466, 2469, 2470]

INFO: Total Population: 1922200
INFO: R0: 2
INFO: Incubation Period: 5
INFO: Illness Period: 7
X:[0, 1, 2, 3, 4, 5, 6, 7, 8, 9, 10, 11, 12, 13, 14, 15, 16, 17, 18, 19, 20, 21, 22, 23, 24, 25, 26, 27, 28, 29, 30, 31, 32, 33, 34, 35, 36, 37, 38, 39, 40, 41, 42, 43, 44, 45, 46, 47, 48, 49, 50, 51, 52, 53, 54, 55, 56, 57, 58, 59, 60, 61, 62, 63, 64, 65, 66, 67, 68, 69, 70, 71, 72, 73, 74, 75, 76, 77, 78, 79, 80, 81, 82, 83, 84, 85, 86, 87, 88, 89, 90, 91, 92, 93, 94, 95, 96, 97, 98, 99, 100, 101, 102, 103, 104, 105, 106, 107, 108, 109, 110, 111, 112, 113, 114, 115, 116, 117, 118, 119, 120, 121, 122, 123, 124, 125, 126]
YNEW:[0, 0, 0, 0, 0, 0, 0, 1, 0, 0, 0, 0, 0, 0, 0, 0, 0, 0, 0, 0, 0, 0, 0, 0, 0, 0, 0, 0, 0, 0, 0, 0, 0, 0, 0, 1, 1, 1, 2, 2, 3, 3, 3, 4, 6, 7, 7, 10, 12, 17, 20, 30, 36, 36, 36, 40, 44, 48, 54, 50, 46, 54, 60, 67, 71, 70, 60, 46, 54, 54, 54, 57, 52, 43, 41, 45, 43, 54, 60, 68, 61, 49, 43, 40, 32, 28, 30, 23, 18, 15, 10, 9, 20, 25, 26, 33, 30, 25, 20, 22, 19, 21, 24, 21, 17, 15, 16, 21, 18, 2, 19, 13, 14, 18, 17, 14, 12, 8, 10, 3, 10, 5, 1, 2, 5, 2]
YTOT: [0, 0, 0, 0, 0, 0, 0, 1, 1, 1, 1, 1, 1, 1, 1, 1, 1, 1, 1, 1, 1, 1, 1, 1, 1, 1, 1, 1, 1, 1, 1, 1, 1, 1, 1, 2, 3, 4, 6, 8, 11, 14, 17, 21, 27, 34, 41, 51, 63, 80, 100, 130, 166, 202, 238, 278, 322, 370, 424, 474, 520, 574, 634, 701, 772, 842, 902, 948, 1002, 1056, 1110, 1167, 1219, 1262, 1303, 1348, 1391, 1445, 1505, 1573, 1634, 1683, 1726, 1766, 1798, 1826, 1856, 1879, 1897, 1912, 1922, 1931, 1951, 1976, 2002, 2035, 2065, 2090, 2110, 2132, 2151, 2172, 2196, 2217, 2234, 2249, 2265, 2286, 2304, 2306, 2325, 2338, 2352, 2370, 2387, 2401, 2413, 2421, 2431, 2434, 2444, 2449, 2450, 2452, 2457, 2459]

INFO: Total Population: 1922200
INFO: R0: 2
INFO: Incubation Period: 5
INFO: Illness Period: 7
X:[0, 1, 2, 3, 4, 5, 6, 7, 8, 9, 10, 11, 12, 13, 14, 15, 16, 17, 18, 19, 20, 21, 22, 23, 24, 25, 26, 27, 28, 29, 30, 31, 32, 33, 34, 35, 36, 37, 38, 39, 40, 41, 42, 43, 44, 45, 46, 47, 48, 49, 50, 51, 52, 53, 54, 55, 56, 57, 58, 59, 60, 61, 62, 63, 64, 65, 66, 67, 68, 69, 70, 71, 72, 73, 74, 75, 76, 77, 78, 79, 80, 81, 82, 83, 84, 85, 86, 87, 88, 89, 90, 91, 92, 93, 94, 95, 96, 97, 98, 99, 100, 101, 102, 103, 104, 105, 106, 107, 108, 109, 110, 111, 112, 113, 114, 115, 116, 117, 118, 119, 120, 121, 122, 123, 124, 125, 126, 127]
YNEW:[0, 0, 0, 0, 0, 0, 0, 1, 0, 0, 0, 0, 0, 0, 0, 0, 0, 0, 0, 0, 0, 0, 0, 0, 0, 0, 0, 0, 0, 0, 0, 0, 0, 0, 0, 1, 1, 1, 2, 2, 3, 3, 3, 4, 6, 7, 7, 10, 12, 17, 20, 30, 36, 36, 36, 40, 44, 48, 54, 50, 46, 54, 60, 67, 71, 70, 60, 46, 54, 54, 54, 57, 52, 43, 41, 45, 43, 54, 60, 68, 61, 49, 43, 40, 32, 28, 30, 23, 18, 15, 10, 9, 20, 25, 26, 33, 30, 25, 20, 22, 19, 21, 24, 21, 17, 15, 28, 22, 20, 21, 14, 12, 15, 25, 15, 18, 18, 10, 9, 8, 11, 3, 4, 5, 1, 3, 2]
YTOT: [0, 0, 0, 0, 0, 0, 0, 1, 1, 1, 1, 1, 1, 1, 1, 1, 1, 1, 1, 1, 1, 1, 1, 1, 1, 1, 1, 1, 1, 1, 1, 1, 1, 1, 1, 2, 3, 4, 6, 8, 11, 14, 17, 21, 27, 34, 41, 51, 63, 80, 100, 130, 166, 202, 238, 278, 322, 370, 424, 474, 520, 574, 634, 701, 772, 842, 902, 948, 1002, 1056, 1110, 1167, 1219, 1262, 1303, 1348, 1391, 1445, 1505, 1573, 1634, 1683, 1726, 1766, 1798, 1826, 1856, 1879, 1897, 1912, 1922, 1931, 1951, 1976, 2002, 2035, 2065, 2090, 2110, 2132, 2151, 2172, 2196, 2217, 2234, 2249, 2277, 2299, 2319, 2340, 2354, 2366, 2381, 2406, 2421, 2439, 2457, 2467, 2476, 2484, 2495, 2498, 2502, 2507, 2508, 2511, 2513]

INFO: Total Population: 1922200
INFO: R0: 2
INFO: Incubation Period: 5
INFO: Illness Period: 7
X:[0, 1, 2, 3, 4, 5, 6, 7, 8, 9, 10, 11, 12, 13, 14, 15, 16, 17, 18, 19, 20, 21, 22, 23, 24, 25, 26, 27, 28, 29, 30, 31, 32, 33, 34, 35, 36, 37, 38, 39, 40, 41, 42, 43, 44, 45, 46, 47, 48, 49, 50, 51, 52, 53, 54, 55, 56, 57, 58, 59, 60, 61, 62, 63, 64, 65, 66, 67, 68, 69, 70, 71, 72, 73, 74, 75, 76, 77, 78, 79, 80, 81, 82, 83, 84, 85, 86, 87, 88, 89, 90, 91, 92, 93, 94, 95, 96, 97, 98, 99, 100, 101, 102, 103, 104, 105, 106, 107, 108, 109, 110, 111, 112, 113, 114, 115, 116, 117, 118, 119, 120, 121, 122, 123, 124, 125, 126]
YNEW:[0, 0, 0, 0, 0, 0, 0, 1, 0, 0, 0, 0, 0, 0, 0, 0, 0, 0, 0, 0, 0, 0, 0, 0, 0, 0, 0, 0, 0, 0, 0, 0, 0, 0, 0, 1, 1, 1, 2, 2, 3, 3, 3, 4, 6, 7, 7, 10, 12, 17, 20, 30, 36, 36, 36, 40, 44, 48, 54, 50, 46, 54, 60, 67, 71, 70, 60, 46, 54, 54, 54, 57, 52, 43, 41, 45, 43, 54, 60, 68, 61, 49, 43, 40, 32, 28, 30, 23, 18, 15, 10, 9, 20, 25, 26, 33, 30, 25, 20, 22, 19, 21, 24, 21, 17, 15, 18, 26, 13, 19, 11, 8, 15, 17, 15, 14, 20, 9, 13, 8, 5, 6, 4, 1, 1, 1]
YTOT: [0, 0, 0, 0, 0, 0, 0, 1, 1, 1, 1, 1, 1, 1, 1, 1, 1, 1, 1, 1, 1, 1, 1, 1, 1, 1, 1, 1, 1, 1, 1, 1, 1, 1, 1, 2, 3, 4, 6, 8, 11, 14, 17, 21, 27, 34, 41, 51, 63, 80, 100, 130, 166, 202, 238, 278, 322, 370, 424, 474, 520, 574, 634, 701, 772, 842, 902, 948, 1002, 1056, 1110, 1167, 1219, 1262, 1303, 1348, 1391, 1445, 1505, 1573, 1634, 1683, 1726, 1766, 1798, 1826, 1856, 1879, 1897, 1912, 1922, 1931, 1951, 1976, 2002, 2035, 2065, 2090, 2110, 2132, 2151, 2172, 2196, 2217, 2234, 2249, 2267, 2293, 2306, 2325, 2336, 2344, 2359, 2376, 2391, 2405, 2425, 2434, 2447, 2455, 2460, 2466, 2470, 2471, 2472, 2473]

END