

INFO: Total Population: 446449
INFO: R0: 2
INFO: Incubation Period: 5
INFO: Illness Period: 12
X:[0, 1, 2, 3, 4, 5, 6, 7, 8, 9, 10, 11, 12, 13, 14, 15, 16, 17, 18, 19, 20, 21, 22, 23, 24, 25, 26, 27, 28, 29, 30, 31, 32, 33, 34, 35, 36, 37, 38, 39, 40, 41, 42, 43, 44, 45, 46, 47, 48, 49, 50, 51, 52, 53, 54]
YNEW:[2, 0, 6, 0, 3, 2, 2, 2, 3, 4, 6, 5, 5, 6, 10, 9, 9, 13, 18, 20, 23, 31, 40, 38, 37, 36, 31, 31, 26, 33, 33, 36, 29, 32, 39, 43, 54, 59, 46, 57, 49, 40, 39, 37, 44, 44, 38, 24, 21, 19, 16, 13, 7, 7]
YTOT: [2, 2, 8, 8, 11, 13, 15, 17, 20, 24, 30, 35, 40, 46, 56, 65, 74, 87, 105, 125, 148, 179, 219, 257, 294, 330, 361, 392, 418, 451, 484, 520, 549, 581, 620, 663, 717, 776, 822, 879, 928, 968, 1007, 1044, 1088, 1132, 1170, 1194, 1215, 1234, 1250, 1263, 1270, 1277]

INFO: Total Population: 446449
INFO: R0: 2
INFO: Incubation Period: 5
INFO: Illness Period: 12
X:[0, 1, 2, 3, 4, 5, 6, 7, 8, 9, 10, 11, 12, 13, 14, 15, 16, 17, 18, 19, 20, 21, 22, 23, 24, 25, 26, 27, 28, 29, 30, 31, 32, 33, 34, 35, 36, 37, 38, 39, 40, 41, 42, 43, 44, 45, 46, 47, 48, 49, 50, 51, 52, 53]
YNEW:[2, 0, 6, 0, 3, 2, 2, 2, 3, 4, 6, 5, 5, 6, 10, 9, 9, 13, 18, 20, 23, 31, 40, 38, 37, 36, 31, 31, 26, 33, 33, 36, 29, 32, 39, 43, 54, 59, 46, 57, 49, 40, 37, 35, 49, 31, 39, 26, 28, 23, 15, 12, 6]
YTOT: [2, 2, 8, 8, 11, 13, 15, 17, 20, 24, 30, 35, 40, 46, 56, 65, 74, 87, 105, 125, 148, 179, 219, 257, 294, 330, 361, 392, 418, 451, 484, 520, 549, 581, 620, 663, 717, 776, 822, 879, 928, 968, 1005, 1040, 1089, 1120, 1159, 1185, 1213, 1236, 1251, 1263, 1269]

INFO: Total Population: 446449
INFO: R0: 2
INFO: Incubation Period: 5
INFO: Illness Period: 12
X:[0, 1, 2, 3, 4, 5, 6, 7, 8, 9, 10, 11, 12, 13, 14, 15, 16, 17, 18, 19, 20, 21, 22, 23, 24, 25, 26, 27, 28, 29, 30, 31, 32, 33, 34, 35, 36, 37, 38, 39, 40, 41, 42, 43, 44, 45, 46, 47, 48, 49, 50, 51, 52, 53, 54, 55, 56, 57, 58, 59]
YNEW:[2, 0, 6, 0, 3, 2, 2, 2, 3, 4, 6, 5, 5, 6, 10, 9, 9, 13, 18, 20, 23, 31, 40, 38, 37, 36, 31, 31, 26, 33, 33, 36, 29, 32, 39, 43, 54, 59, 46, 57, 49, 40, 46, 39, 46, 33, 24, 51, 38, 27, 17, 25, 11, 11, 5, 2, 3, 5, 1]
YTOT: [2, 2, 8, 8, 11, 13, 15, 17, 20, 24, 30, 35, 40, 46, 56, 65, 74, 87, 105, 125, 148, 179, 219, 257, 294, 330, 361, 392, 418, 451, 484, 520, 549, 581, 620, 663, 717, 776, 822, 879, 928, 968, 1014, 1053, 1099, 1132, 1156, 1207, 1245, 1272, 1289, 1314, 1325, 1336, 1341, 1343, 1346, 1351, 1352]

INFO: Total Population: 446449
INFO: R0: 2
INFO: Incubation Period: 5
INFO: Illness Period: 12
X:[0, 1, 2, 3, 4, 5, 6, 7, 8, 9, 10, 11, 12, 13, 14, 15, 16, 17, 18, 19, 20, 21, 22, 23, 24, 25, 26, 27, 28, 29, 30, 31, 32, 33, 34, 35, 36, 37, 38, 39, 40, 41, 42, 43, 44, 45, 46, 47, 48, 49, 50, 51, 52, 53, 54, 55, 56, 57, 58, 59, 60]
YNEW:[2, 0, 6, 0, 3, 2, 2, 2, 3, 4, 6, 5, 5, 6, 10, 9, 9, 13, 18, 20, 23, 31, 40, 38, 37, 36, 31, 31, 26, 33, 33, 36, 29, 32, 39, 43, 54, 59, 46, 57, 49, 40, 44, 31, 41, 35, 26, 43, 35, 37, 27, 22, 16, 7, 3, 6, 4, 1, 5, 1]
YTOT: [2, 2, 8, 8, 11, 13, 15, 17, 20, 24, 30, 35, 40, 46, 56, 65, 74, 87, 105, 125, 148, 179, 219, 257, 294, 330, 361, 392, 418, 451, 484, 520, 549, 581, 620, 663, 717, 776, 822, 879, 928, 968, 1012, 1043, 1084, 1119, 1145, 1188, 1223, 1260, 1287, 1309, 1325, 1332, 1335, 1341, 1345, 1346, 1351, 1352]

INFO: Total Population: 446449
INFO: R0: 2
INFO: Incubation Period: 5
INFO: Illness Period: 12
X:[0, 1, 2, 3, 4, 5, 6, 7, 8, 9, 10, 11, 12, 13, 14, 15, 16, 17, 18, 19, 20, 21, 22, 23, 24, 25, 26, 27, 28, 29, 30, 31, 32, 33, 34, 35, 36, 37, 38, 39, 40, 41, 42, 43, 44, 45, 46, 47, 48, 49, 50, 51, 52, 53, 54]
YNEW:[2, 0, 6, 0, 3, 2, 2, 2, 3, 4, 6, 5, 5, 6, 10, 9, 9, 13, 18, 20, 23, 31, 40, 38, 37, 36, 31, 31, 26, 33, 33, 36, 29, 32, 39, 43, 54, 59, 46, 57, 49, 40, 44, 34, 38, 39, 28, 21, 26, 25, 16, 11, 9, 2]
YTOT: [2, 2, 8, 8, 11, 13, 15, 17, 20, 24, 30, 35, 40, 46, 56, 65, 74, 87, 105, 125, 148, 179, 219, 257, 294, 330, 361, 392, 418, 451, 484, 520, 549, 581, 620, 663, 717, 776, 822, 879, 928, 968, 1012, 1046, 1084, 1123, 1151, 1172, 1198, 1223, 1239, 1250, 1259, 1261]

INFO: Total Population: 446449
INFO: R0: 2
INFO: Incubation Period: 5
INFO: Illness Period: 12
X:[0, 1, 2, 3, 4, 5, 6, 7, 8, 9, 10, 11, 12, 13, 14, 15, 16, 17, 18, 19, 20, 21, 22, 23, 24, 25, 26, 27, 28, 29, 30, 31, 32, 33, 34, 35, 36, 37, 38, 39, 40, 41, 42, 43, 44, 45, 46, 47, 48, 49, 50, 51, 52, 53, 54]
YNEW:[2, 0, 6, 0, 3, 2, 2, 2, 3, 4, 6, 5, 5, 6, 10, 9, 9, 13, 18, 20, 23, 31, 40, 38, 37, 36, 31, 31, 26, 33, 33, 36, 29, 32, 39, 43, 54, 59, 46, 57, 49, 40, 59, 38, 31, 39, 33, 28, 22, 23, 18, 11, 7, 4]
YTOT: [2, 2, 8, 8, 11, 13, 15, 17, 20, 24, 30, 35, 40, 46, 56, 65, 74, 87, 105, 125, 148, 179, 219, 257, 294, 330, 361, 392, 418, 451, 484, 520, 549, 581, 620, 663, 717, 776, 822, 879, 928, 968, 1027, 1065, 1096, 1135, 1168, 1196, 1218, 1241, 1259, 1270, 1277, 1281]

INFO: Total Population: 446449
INFO: R0: 2
INFO: Incubation Period: 5
INFO: Illness Period: 12
X:[0, 1, 2, 3, 4, 5, 6, 7, 8, 9, 10, 11, 12, 13, 14, 15, 16, 17, 18, 19, 20, 21, 22, 23, 24, 25, 26, 27, 28, 29, 30, 31, 32, 33, 34, 35, 36, 37, 38, 39, 40, 41, 42, 43, 44, 45, 46, 47, 48, 49, 50, 51, 52, 53, 54, 55, 56, 57, 58, 59, 60]
YNEW:[2, 0, 6, 0, 3, 2, 2, 2, 3, 4, 6, 5, 5, 6, 10, 9, 9, 13, 18, 20, 23, 31, 40, 38, 37, 36, 31, 31, 26, 33, 33, 36, 29, 32, 39, 43, 54, 59, 46, 57, 49, 40, 45, 40, 40, 39, 23, 46, 47, 18, 26, 19, 17, 14, 3, 5, 4, 1, 7, 2]
YTOT: [2, 2, 8, 8, 11, 13, 15, 17, 20, 24, 30, 35, 40, 46, 56, 65, 74, 87, 105, 125, 148, 179, 219, 257, 294, 330, 361, 392, 418, 451, 484, 520, 549, 581, 620, 663, 717, 776, 822, 879, 928, 968, 1013, 1053, 1093, 1132, 1155, 1201, 1248, 1266, 1292, 1311, 1328, 1342, 1345, 1350, 1354, 1355, 1362, 1364]

INFO: Total Population: 446449
INFO: R0: 2
INFO: Incubation Period: 5
INFO: Illness Period: 12
X:[0, 1, 2, 3, 4, 5, 6, 7, 8, 9, 10, 11, 12, 13, 14, 15, 16, 17, 18, 19, 20, 21, 22, 23, 24, 25, 26, 27, 28, 29, 30, 31, 32, 33, 34, 35, 36, 37, 38, 39, 40, 41, 42, 43, 44, 45, 46, 47, 48, 49, 50, 51, 52, 53, 54]
YNEW:[2, 0, 6, 0, 3, 2, 2, 2, 3, 4, 6, 5, 5, 6, 10, 9, 9, 13, 18, 20, 23, 31, 40, 38, 37, 36, 31, 31, 26, 33, 33, 36, 29, 32, 39, 43, 54, 59, 46, 57, 49, 40, 40, 36, 36, 42, 34, 30, 23, 17, 16, 6, 14, 5]
YTOT: [2, 2, 8, 8, 11, 13, 15, 17, 20, 24, 30, 35, 40, 46, 56, 65, 74, 87, 105, 125, 148, 179, 219, 257, 294, 330, 361, 392, 418, 451, 484, 520, 549, 581, 620, 663, 717, 776, 822, 879, 928, 968, 1008, 1044, 1080, 1122, 1156, 1186, 1209, 1226, 1242, 1248, 1262, 1267]

INFO: Total Population: 446449
INFO: R0: 2
INFO: Incubation Period: 5
INFO: Illness Period: 12
X:[0, 1, 2, 3, 4, 5, 6, 7, 8, 9, 10, 11, 12, 13, 14, 15, 16, 17, 18, 19, 20, 21, 22, 23, 24, 25, 26, 27, 28, 29, 30, 31, 32, 33, 34, 35, 36, 37, 38, 39, 40, 41, 42, 43, 44, 45, 46, 47, 48, 49, 50, 51, 52, 53, 54, 55, 56, 57, 58, 59, 60]
YNEW:[2, 0, 6, 0, 3, 2, 2, 2, 3, 4, 6, 5, 5, 6, 10, 9, 9, 13, 18, 20, 23, 31, 40, 38, 37, 36, 31, 31, 26, 33, 33, 36, 29, 32, 39, 43, 54, 59, 46, 57, 49, 40, 40, 50, 39, 39, 20, 33, 30, 29, 35, 21, 10, 5, 5, 2, 2, 2, 2, 3]
YTOT: [2, 2, 8, 8, 11, 13, 15, 17, 20, 24, 30, 35, 40, 46, 56, 65, 74, 87, 105, 125, 148, 179, 219, 257, 294, 330, 361, 392, 418, 451, 484, 520, 549, 581, 620, 663, 717, 776, 822, 879, 928, 968, 1008, 1058, 1097, 1136, 1156, 1189, 1219, 1248, 1283, 1304, 1314, 1319, 1324, 1326, 1328, 1330, 1332, 1335]

INFO: Total Population: 446449
INFO: R0: 2
INFO: Incubation Period: 5
INFO: Illness Period: 12
X:[0, 1, 2, 3, 4, 5, 6, 7, 8, 9, 10, 11, 12, 13, 14, 15, 16, 17, 18, 19, 20, 21, 22, 23, 24, 25, 26, 27, 28, 29, 30, 31, 32, 33, 34, 35, 36, 37, 38, 39, 40, 41, 42, 43, 44, 45, 46, 47, 48, 49, 50, 51, 52, 53, 54]
YNEW:[2, 0, 6, 0, 3, 2, 2, 2, 3, 4, 6, 5, 5, 6, 10, 9, 9, 13, 18, 20, 23, 31, 40, 38, 37, 36, 31, 31, 26, 33, 33, 36, 29, 32, 39, 43, 54, 59, 46, 57, 49, 40, 32, 43, 44, 45, 24, 26, 26, 20, 14, 9, 4, 4]
YTOT: [2, 2, 8, 8, 11, 13, 15, 17, 20, 24, 30, 35, 40, 46, 56, 65, 74, 87, 105, 125, 148, 179, 219, 257, 294, 330, 361, 392, 418, 451, 484, 520, 549, 581, 620, 663, 717, 776, 822, 879, 928, 968, 1000, 1043, 1087, 1132, 1156, 1182, 1208, 1228, 1242, 1251, 1255, 1259]

INFO: Total Population: 446449
INFO: R0: 2
INFO: Incubation Period: 5
INFO: Illness Period: 12
X:[0, 1, 2, 3, 4, 5, 6, 7, 8, 9, 10, 11, 12, 13, 14, 15, 16, 17, 18, 19, 20, 21, 22, 23, 24, 25, 26, 27, 28, 29, 30, 31, 32, 33, 34, 35, 36, 37, 38, 39, 40, 41, 42, 43, 44, 45, 46, 47, 48, 49, 50, 51, 52, 53, 54, 55, 56, 57, 58, 59]
YNEW:[2, 0, 6, 0, 3, 2, 2, 2, 3, 4, 6, 5, 5, 6, 10, 9, 9, 13, 18, 20, 23, 31, 40, 38, 37, 36, 31, 31, 26, 33, 33, 36, 29, 32, 39, 43, 54, 59, 46, 57, 49, 40, 32, 40, 38, 31, 33, 35, 29, 37, 20, 10, 21, 9, 4, 2, 1, 1, 1]
YTOT: [2, 2, 8, 8, 11, 13, 15, 17, 20, 24, 30, 35, 40, 46, 56, 65, 74, 87, 105, 125, 148, 179, 219, 257, 294, 330, 361, 392, 418, 451, 484, 520, 549, 581, 620, 663, 717, 776, 822, 879, 928, 968, 1000, 1040, 1078, 1109, 1142, 1177, 1206, 1243, 1263, 1273, 1294, 1303, 1307, 1309, 1310, 1311, 1312]

INFO: Total Population: 446449
INFO: R0: 2
INFO: Incubation Period: 5
INFO: Illness Period: 12
X:[0, 1, 2, 3, 4, 5, 6, 7, 8, 9, 10, 11, 12, 13, 14, 15, 16, 17, 18, 19, 20, 21, 22, 23, 24, 25, 26, 27, 28, 29, 30, 31, 32, 33, 34, 35, 36, 37, 38, 39, 40, 41, 42, 43, 44, 45, 46, 47, 48, 49, 50, 51, 52, 53, 54, 55, 56, 57, 58, 59]
YNEW:[2, 0, 6, 0, 3, 2, 2, 2, 3, 4, 6, 5, 5, 6, 10, 9, 9, 13, 18, 20, 23, 31, 40, 38, 37, 36, 31, 31, 26, 33, 33, 36, 29, 32, 39, 43, 54, 59, 46, 57, 49, 40, 34, 47, 27, 39, 28, 41, 37, 36, 24, 9, 12, 7, 5, 6, 3, 2, 1]
YTOT: [2, 2, 8, 8, 11, 13, 15, 17, 20, 24, 30, 35, 40, 46, 56, 65, 74, 87, 105, 125, 148, 179, 219, 257, 294, 330, 361, 392, 418, 451, 484, 520, 549, 581, 620, 663, 717, 776, 822, 879, 928, 968, 1002, 1049, 1076, 1115, 1143, 1184, 1221, 1257, 1281, 1290, 1302, 1309, 1314, 1320, 1323, 1325, 1326]

INFO: Total Population: 446449
INFO: R0: 2
INFO: Incubation Period: 5
INFO: Illness Period: 12
X:[0, 1, 2, 3, 4, 5, 6, 7, 8, 9, 10, 11, 12, 13, 14, 15, 16, 17, 18, 19, 20, 21, 22, 23, 24, 25, 26, 27, 28, 29, 30, 31, 32, 33, 34, 35, 36, 37, 38, 39, 40, 41, 42, 43, 44, 45, 46, 47, 48, 49, 50, 51, 52, 53, 54, 55, 56, 57, 58, 59, 60]
YNEW:[2, 0, 6, 0, 3, 2, 2, 2, 3, 4, 6, 5, 5, 6, 10, 9, 9, 13, 18, 20, 23, 31, 40, 38, 37, 36, 31, 31, 26, 33, 33, 36, 29, 32, 39, 43, 54, 59, 46, 57, 49, 40, 49, 37, 37, 48, 28, 32, 36, 36, 22, 20, 15, 10, 5, 4, 2, 4, 2, 2]
YTOT: [2, 2, 8, 8, 11, 13, 15, 17, 20, 24, 30, 35, 40, 46, 56, 65, 74, 87, 105, 125, 148, 179, 219, 257, 294, 330, 361, 392, 418, 451, 484, 520, 549, 581, 620, 663, 717, 776, 822, 879, 928, 968, 1017, 1054, 1091, 1139, 1167, 1199, 1235, 1271, 1293, 1313, 1328, 1338, 1343, 1347, 1349, 1353, 1355, 1357]

INFO: Total Population: 446449
INFO: R0: 2
INFO: Incubation Period: 5
INFO: Illness Period: 12
X:[0, 1, 2, 3, 4, 5, 6, 7, 8, 9, 10, 11, 12, 13, 14, 15, 16, 17, 18, 19, 20, 21, 22, 23, 24, 25, 26, 27, 28, 29, 30, 31, 32, 33, 34, 35, 36, 37, 38, 39, 40, 41, 42, 43, 44, 45, 46, 47, 48, 49, 50, 51, 52, 53, 54, 55, 56, 57, 58, 59]
YNEW:[2, 0, 6, 0, 3, 2, 2, 2, 3, 4, 6, 5, 5, 6, 10, 9, 9, 13, 18, 20, 23, 31, 40, 38, 37, 36, 31, 31, 26, 33, 33, 36, 29, 32, 39, 43, 54, 59, 46, 57, 49, 40, 42, 36, 42, 36, 32, 45, 30, 28, 24, 18, 12, 3, 7, 2, 1, 2, 2]
YTOT: [2, 2, 8, 8, 11, 13, 15, 17, 20, 24, 30, 35, 40, 46, 56, 65, 74, 87, 105, 125, 148, 179, 219, 257, 294, 330, 361, 392, 418, 451, 484, 520, 549, 581, 620, 663, 717, 776, 822, 879, 928, 968, 1010, 1046, 1088, 1124, 1156, 1201, 1231, 1259, 1283, 1301, 1313, 1316, 1323, 1325, 1326, 1328, 1330]

INFO: Total Population: 446449
INFO: R0: 2
INFO: Incubation Period: 5
INFO: Illness Period: 12
X:[0, 1, 2, 3, 4, 5, 6, 7, 8, 9, 10, 11, 12, 13, 14, 15, 16, 17, 18, 19, 20, 21, 22, 23, 24, 25, 26, 27, 28, 29, 30, 31, 32, 33, 34, 35, 36, 37, 38, 39, 40, 41, 42, 43, 44, 45, 46, 47, 48, 49, 50, 51, 52, 53, 54, 55, 56, 57, 58, 59]
YNEW:[2, 0, 6, 0, 3, 2, 2, 2, 3, 4, 6, 5, 5, 6, 10, 9, 9, 13, 18, 20, 23, 31, 40, 38, 37, 36, 31, 31, 26, 33, 33, 36, 29, 32, 39, 43, 54, 59, 46, 57, 49, 40, 46, 42, 35, 45, 27, 47, 26, 31, 15, 15, 16, 9, 6, 11, 3, 4, 1]
YTOT: [2, 2, 8, 8, 11, 13, 15, 17, 20, 24, 30, 35, 40, 46, 56, 65, 74, 87, 105, 125, 148, 179, 219, 257, 294, 330, 361, 392, 418, 451, 484, 520, 549, 581, 620, 663, 717, 776, 822, 879, 928, 968, 1014, 1056, 1091, 1136, 1163, 1210, 1236, 1267, 1282, 1297, 1313, 1322, 1328, 1339, 1342, 1346, 1347]

INFO: Total Population: 446449
INFO: R0: 2
INFO: Incubation Period: 5
INFO: Illness Period: 12
X:[0, 1, 2, 3, 4, 5, 6, 7, 8, 9, 10, 11, 12, 13, 14, 15, 16, 17, 18, 19, 20, 21, 22, 23, 24, 25, 26, 27, 28, 29, 30, 31, 32, 33, 34, 35, 36, 37, 38, 39, 40, 41, 42, 43, 44, 45, 46, 47, 48, 49, 50, 51, 52, 53, 54, 55, 56, 57, 58]
YNEW:[2, 0, 6, 0, 3, 2, 2, 2, 3, 4, 6, 5, 5, 6, 10, 9, 9, 13, 18, 20, 23, 31, 40, 38, 37, 36, 31, 31, 26, 33, 33, 36, 29, 32, 39, 43, 54, 59, 46, 57, 49, 40, 51, 47, 30, 37, 45, 42, 26, 29, 25, 20, 22, 7, 11, 6, 3, 1]
YTOT: [2, 2, 8, 8, 11, 13, 15, 17, 20, 24, 30, 35, 40, 46, 56, 65, 74, 87, 105, 125, 148, 179, 219, 257, 294, 330, 361, 392, 418, 451, 484, 520, 549, 581, 620, 663, 717, 776, 822, 879, 928, 968, 1019, 1066, 1096, 1133, 1178, 1220, 1246, 1275, 1300, 1320, 1342, 1349, 1360, 1366, 1369, 1370]

INFO: Total Population: 446449
INFO: R0: 2
INFO: Incubation Period: 5
INFO: Illness Period: 12
X:[0, 1, 2, 3, 4, 5, 6, 7, 8, 9, 10, 11, 12, 13, 14, 15, 16, 17, 18, 19, 20, 21, 22, 23, 24, 25, 26, 27, 28, 29, 30, 31, 32, 33, 34, 35, 36, 37, 38, 39, 40, 41, 42, 43, 44, 45, 46, 47, 48, 49, 50, 51, 52, 53, 54]
YNEW:[2, 0, 6, 0, 3, 2, 2, 2, 3, 4, 6, 5, 5, 6, 10, 9, 9, 13, 18, 20, 23, 31, 40, 38, 37, 36, 31, 31, 26, 33, 33, 36, 29, 32, 39, 43, 54, 59, 46, 57, 49, 40, 48, 40, 39, 41, 30, 31, 29, 22, 8, 11, 9, 2]
YTOT: [2, 2, 8, 8, 11, 13, 15, 17, 20, 24, 30, 35, 40, 46, 56, 65, 74, 87, 105, 125, 148, 179, 219, 257, 294, 330, 361, 392, 418, 451, 484, 520, 549, 581, 620, 663, 717, 776, 822, 879, 928, 968, 1016, 1056, 1095, 1136, 1166, 1197, 1226, 1248, 1256, 1267, 1276, 1278]

INFO: Total Population: 446449
INFO: R0: 2
INFO: Incubation Period: 5
INFO: Illness Period: 12
X:[0, 1, 2, 3, 4, 5, 6, 7, 8, 9, 10, 11, 12, 13, 14, 15, 16, 17, 18, 19, 20, 21, 22, 23, 24, 25, 26, 27, 28, 29, 30, 31, 32, 33, 34, 35, 36, 37, 38, 39, 40, 41, 42, 43, 44, 45, 46, 47, 48, 49, 50, 51, 52, 53, 54, 55, 56, 57, 58, 59, 60]
YNEW:[2, 0, 6, 0, 3, 2, 2, 2, 3, 4, 6, 5, 5, 6, 10, 9, 9, 13, 18, 20, 23, 31, 40, 38, 37, 36, 31, 31, 26, 33, 33, 36, 29, 32, 39, 43, 54, 59, 46, 57, 49, 40, 47, 27, 40, 35, 35, 31, 40, 30, 20, 21, 13, 11, 3, 2, 5, 3, 5, 2]
YTOT: [2, 2, 8, 8, 11, 13, 15, 17, 20, 24, 30, 35, 40, 46, 56, 65, 74, 87, 105, 125, 148, 179, 219, 257, 294, 330, 361, 392, 418, 451, 484, 520, 549, 581, 620, 663, 717, 776, 822, 879, 928, 968, 1015, 1042, 1082, 1117, 1152, 1183, 1223, 1253, 1273, 1294, 1307, 1318, 1321, 1323, 1328, 1331, 1336, 1338]

INFO: Total Population: 446449
INFO: R0: 2
INFO: Incubation Period: 5
INFO: Illness Period: 12
X:[0, 1, 2, 3, 4, 5, 6, 7, 8, 9, 10, 11, 12, 13, 14, 15, 16, 17, 18, 19, 20, 21, 22, 23, 24, 25, 26, 27, 28, 29, 30, 31, 32, 33, 34, 35, 36, 37, 38, 39, 40, 41, 42, 43, 44, 45, 46, 47, 48, 49, 50, 51, 52, 53, 54, 55, 56, 57, 58, 59, 60]
YNEW:[2, 0, 6, 0, 3, 2, 2, 2, 3, 4, 6, 5, 5, 6, 10, 9, 9, 13, 18, 20, 23, 31, 40, 38, 37, 36, 31, 31, 26, 33, 33, 36, 29, 32, 39, 43, 54, 59, 46, 57, 49, 40, 46, 41, 37, 29, 35, 49, 32, 30, 28, 20, 16, 9, 6, 2, 3, 2, 2, 1]
YTOT: [2, 2, 8, 8, 11, 13, 15, 17, 20, 24, 30, 35, 40, 46, 56, 65, 74, 87, 105, 125, 148, 179, 219, 257, 294, 330, 361, 392, 418, 451, 484, 520, 549, 581, 620, 663, 717, 776, 822, 879, 928, 968, 1014, 1055, 1092, 1121, 1156, 1205, 1237, 1267, 1295, 1315, 1331, 1340, 1346, 1348, 1351, 1353, 1355, 1356]

INFO: Total Population: 446449
INFO: R0: 2
INFO: Incubation Period: 5
INFO: Illness Period: 12
X:[0, 1, 2, 3, 4, 5, 6, 7, 8, 9, 10, 11, 12, 13, 14, 15, 16, 17, 18, 19, 20, 21, 22, 23, 24, 25, 26, 27, 28, 29, 30, 31, 32, 33, 34, 35, 36, 37, 38, 39, 40, 41, 42, 43, 44, 45, 46, 47, 48, 49, 50, 51, 52, 53, 54]
YNEW:[2, 0, 6, 0, 3, 2, 2, 2, 3, 4, 6, 5, 5, 6, 10, 9, 9, 13, 18, 20, 23, 31, 40, 38, 37, 36, 31, 31, 26, 33, 33, 36, 29, 32, 39, 43, 54, 59, 46, 57, 49, 40, 46, 41, 32, 32, 25, 29, 31, 16, 14, 19, 10, 2]
YTOT: [2, 2, 8, 8, 11, 13, 15, 17, 20, 24, 30, 35, 40, 46, 56, 65, 74, 87, 105, 125, 148, 179, 219, 257, 294, 330, 361, 392, 418, 451, 484, 520, 549, 581, 620, 663, 717, 776, 822, 879, 928, 968, 1014, 1055, 1087, 1119, 1144, 1173, 1204, 1220, 1234, 1253, 1263, 1265]

INFO: Total Population: 446449
INFO: R0: 2
INFO: Incubation Period: 5
INFO: Illness Period: 12
X:[0, 1, 2, 3, 4, 5, 6, 7, 8, 9, 10, 11, 12, 13, 14, 15, 16, 17, 18, 19, 20, 21, 22, 23, 24, 25, 26, 27, 28, 29, 30, 31, 32, 33, 34, 35, 36, 37, 38, 39, 40, 41, 42, 43, 44, 45, 46, 47, 48, 49, 50, 51, 52, 53, 54]
YNEW:[2, 0, 6, 0, 3, 2, 2, 2, 3, 4, 6, 5, 5, 6, 10, 9, 9, 13, 18, 20, 23, 31, 40, 38, 37, 36, 31, 31, 26, 33, 33, 36, 29, 32, 39, 43, 54, 59, 46, 57, 49, 40, 33, 37, 44, 32, 41, 29, 28, 26, 17, 8, 8, 3]
YTOT: [2, 2, 8, 8, 11, 13, 15, 17, 20, 24, 30, 35, 40, 46, 56, 65, 74, 87, 105, 125, 148, 179, 219, 257, 294, 330, 361, 392, 418, 451, 484, 520, 549, 581, 620, 663, 717, 776, 822, 879, 928, 968, 1001, 1038, 1082, 1114, 1155, 1184, 1212, 1238, 1255, 1263, 1271, 1274]

INFO: Total Population: 446449
INFO: R0: 2
INFO: Incubation Period: 5
INFO: Illness Period: 12
X:[0, 1, 2, 3, 4, 5, 6, 7, 8, 9, 10, 11, 12, 13, 14, 15, 16, 17, 18, 19, 20, 21, 22, 23, 24, 25, 26, 27, 28, 29, 30, 31, 32, 33, 34, 35, 36, 37, 38, 39, 40, 41, 42, 43, 44, 45, 46, 47, 48, 49, 50, 51, 52, 53, 54]
YNEW:[2, 0, 6, 0, 3, 2, 2, 2, 3, 4, 6, 5, 5, 6, 10, 9, 9, 13, 18, 20, 23, 31, 40, 38, 37, 36, 31, 31, 26, 33, 33, 36, 29, 32, 39, 43, 54, 59, 46, 57, 49, 40, 41, 41, 41, 40, 29, 32, 24, 13, 12, 9, 5, 3]
YTOT: [2, 2, 8, 8, 11, 13, 15, 17, 20, 24, 30, 35, 40, 46, 56, 65, 74, 87, 105, 125, 148, 179, 219, 257, 294, 330, 361, 392, 418, 451, 484, 520, 549, 581, 620, 663, 717, 776, 822, 879, 928, 968, 1009, 1050, 1091, 1131, 1160, 1192, 1216, 1229, 1241, 1250, 1255, 1258]

INFO: Total Population: 446449
INFO: R0: 2
INFO: Incubation Period: 5
INFO: Illness Period: 12
X:[0, 1, 2, 3, 4, 5, 6, 7, 8, 9, 10, 11, 12, 13, 14, 15, 16, 17, 18, 19, 20, 21, 22, 23, 24, 25, 26, 27, 28, 29, 30, 31, 32, 33, 34, 35, 36, 37, 38, 39, 40, 41, 42, 43, 44, 45, 46, 47, 48, 49, 50, 51, 52, 53, 54]
YNEW:[2, 0, 6, 0, 3, 2, 2, 2, 3, 4, 6, 5, 5, 6, 10, 9, 9, 13, 18, 20, 23, 31, 40, 38, 37, 36, 31, 31, 26, 33, 33, 36, 29, 32, 39, 43, 54, 59, 46, 57, 49, 40, 40, 47, 39, 39, 29, 23, 21, 21, 13, 11, 5, 5]
YTOT: [2, 2, 8, 8, 11, 13, 15, 17, 20, 24, 30, 35, 40, 46, 56, 65, 74, 87, 105, 125, 148, 179, 219, 257, 294, 330, 361, 392, 418, 451, 484, 520, 549, 581, 620, 663, 717, 776, 822, 879, 928, 968, 1008, 1055, 1094, 1133, 1162, 1185, 1206, 1227, 1240, 1251, 1256, 1261]

INFO: Total Population: 446449
INFO: R0: 2
INFO: Incubation Period: 5
INFO: Illness Period: 12
X:[0, 1, 2, 3, 4, 5, 6, 7, 8, 9, 10, 11, 12, 13, 14, 15, 16, 17, 18, 19, 20, 21, 22, 23, 24, 25, 26, 27, 28, 29, 30, 31, 32, 33, 34, 35, 36, 37, 38, 39, 40, 41, 42, 43, 44, 45, 46, 47, 48, 49, 50, 51, 52, 53, 54, 55, 56, 57, 58, 59, 60]
YNEW:[2, 0, 6, 0, 3, 2, 2, 2, 3, 4, 6, 5, 5, 6, 10, 9, 9, 13, 18, 20, 23, 31, 40, 38, 37, 36, 31, 31, 26, 33, 33, 36, 29, 32, 39, 43, 54, 59, 46, 57, 49, 40, 47, 40, 39, 36, 27, 46, 31, 24, 26, 25, 12, 12, 8, 2, 3, 1, 1, 1]
YTOT: [2, 2, 8, 8, 11, 13, 15, 17, 20, 24, 30, 35, 40, 46, 56, 65, 74, 87, 105, 125, 148, 179, 219, 257, 294, 330, 361, 392, 418, 451, 484, 520, 549, 581, 620, 663, 717, 776, 822, 879, 928, 968, 1015, 1055, 1094, 1130, 1157, 1203, 1234, 1258, 1284, 1309, 1321, 1333, 1341, 1343, 1346, 1347, 1348, 1349]

INFO: Total Population: 446449
INFO: R0: 2
INFO: Incubation Period: 5
INFO: Illness Period: 12
X:[0, 1, 2, 3, 4, 5, 6, 7, 8, 9, 10, 11, 12, 13, 14, 15, 16, 17, 18, 19, 20, 21, 22, 23, 24, 25, 26, 27, 28, 29, 30, 31, 32, 33, 34, 35, 36, 37, 38, 39, 40, 41, 42, 43, 44, 45, 46, 47, 48, 49, 50, 51, 52, 53, 54, 55, 56, 57, 58, 59, 60]
YNEW:[2, 0, 6, 0, 3, 2, 2, 2, 3, 4, 6, 5, 5, 6, 10, 9, 9, 13, 18, 20, 23, 31, 40, 38, 37, 36, 31, 31, 26, 33, 33, 36, 29, 32, 39, 43, 54, 59, 46, 57, 49, 40, 44, 31, 40, 38, 29, 42, 46, 22, 23, 22, 11, 9, 4, 5, 3, 4, 2, 2]
YTOT: [2, 2, 8, 8, 11, 13, 15, 17, 20, 24, 30, 35, 40, 46, 56, 65, 74, 87, 105, 125, 148, 179, 219, 257, 294, 330, 361, 392, 418, 451, 484, 520, 549, 581, 620, 663, 717, 776, 822, 879, 928, 968, 1012, 1043, 1083, 1121, 1150, 1192, 1238, 1260, 1283, 1305, 1316, 1325, 1329, 1334, 1337, 1341, 1343, 1345]

INFO: Total Population: 446449
INFO: R0: 2
INFO: Incubation Period: 5
INFO: Illness Period: 12
X:[0, 1, 2, 3, 4, 5, 6, 7, 8, 9, 10, 11, 12, 13, 14, 15, 16, 17, 18, 19, 20, 21, 22, 23, 24, 25, 26, 27, 28, 29, 30, 31, 32, 33, 34, 35, 36, 37, 38, 39, 40, 41, 42, 43, 44, 45, 46, 47, 48, 49, 50, 51, 52, 53, 54]
YNEW:[2, 0, 6, 0, 3, 2, 2, 2, 3, 4, 6, 5, 5, 6, 10, 9, 9, 13, 18, 20, 23, 31, 40, 38, 37, 36, 31, 31, 26, 33, 33, 36, 29, 32, 39, 43, 54, 59, 46, 57, 49, 40, 37, 45, 36, 34, 33, 34, 23, 15, 14, 9, 6, 2]
YTOT: [2, 2, 8, 8, 11, 13, 15, 17, 20, 24, 30, 35, 40, 46, 56, 65, 74, 87, 105, 125, 148, 179, 219, 257, 294, 330, 361, 392, 418, 451, 484, 520, 549, 581, 620, 663, 717, 776, 822, 879, 928, 968, 1005, 1050, 1086, 1120, 1153, 1187, 1210, 1225, 1239, 1248, 1254, 1256]

INFO: Total Population: 446449
INFO: R0: 2
INFO: Incubation Period: 5
INFO: Illness Period: 12
X:[0, 1, 2, 3, 4, 5, 6, 7, 8, 9, 10, 11, 12, 13, 14, 15, 16, 17, 18, 19, 20, 21, 22, 23, 24, 25, 26, 27, 28, 29, 30, 31, 32, 33, 34, 35, 36, 37, 38, 39, 40, 41, 42, 43, 44, 45, 46, 47, 48, 49, 50, 51, 52, 53, 54, 55, 56, 57, 58, 59]
YNEW:[2, 0, 6, 0, 3, 2, 2, 2, 3, 4, 6, 5, 5, 6, 10, 9, 9, 13, 18, 20, 23, 31, 40, 38, 37, 36, 31, 31, 26, 33, 33, 36, 29, 32, 39, 43, 54, 59, 46, 57, 49, 40, 32, 48, 37, 31, 31, 33, 33, 30, 16, 20, 13, 15, 6, 5, 4, 2, 1]
YTOT: [2, 2, 8, 8, 11, 13, 15, 17, 20, 24, 30, 35, 40, 46, 56, 65, 74, 87, 105, 125, 148, 179, 219, 257, 294, 330, 361, 392, 418, 451, 484, 520, 549, 581, 620, 663, 717, 776, 822, 879, 928, 968, 1000, 1048, 1085, 1116, 1147, 1180, 1213, 1243, 1259, 1279, 1292, 1307, 1313, 1318, 1322, 1324, 1325]

INFO: Total Population: 446449
INFO: R0: 2
INFO: Incubation Period: 5
INFO: Illness Period: 12
X:[0, 1, 2, 3, 4, 5, 6, 7, 8, 9, 10, 11, 12, 13, 14, 15, 16, 17, 18, 19, 20, 21, 22, 23, 24, 25, 26, 27, 28, 29, 30, 31, 32, 33, 34, 35, 36, 37, 38, 39, 40, 41, 42, 43, 44, 45, 46, 47, 48, 49, 50, 51, 52, 53, 54, 55]
YNEW:[2, 0, 6, 0, 3, 2, 2, 2, 3, 4, 6, 5, 5, 6, 10, 9, 9, 13, 18, 20, 23, 31, 40, 38, 37, 36, 31, 31, 26, 33, 33, 36, 29, 32, 39, 43, 54, 59, 46, 57, 49, 40, 33, 36, 43, 33, 26, 34, 24, 18, 19, 13, 3, 4, 1]
YTOT: [2, 2, 8, 8, 11, 13, 15, 17, 20, 24, 30, 35, 40, 46, 56, 65, 74, 87, 105, 125, 148, 179, 219, 257, 294, 330, 361, 392, 418, 451, 484, 520, 549, 581, 620, 663, 717, 776, 822, 879, 928, 968, 1001, 1037, 1080, 1113, 1139, 1173, 1197, 1215, 1234, 1247, 1250, 1254, 1255]

INFO: Total Population: 446449
INFO: R0: 2
INFO: Incubation Period: 5
INFO: Illness Period: 12
X:[0, 1, 2, 3, 4, 5, 6, 7, 8, 9, 10, 11, 12, 13, 14, 15, 16, 17, 18, 19, 20, 21, 22, 23, 24, 25, 26, 27, 28, 29, 30, 31, 32, 33, 34, 35, 36, 37, 38, 39, 40, 41, 42, 43, 44, 45, 46, 47, 48, 49, 50, 51, 52, 53, 54]
YNEW:[2, 0, 6, 0, 3, 2, 2, 2, 3, 4, 6, 5, 5, 6, 10, 9, 9, 13, 18, 20, 23, 31, 40, 38, 37, 36, 31, 31, 26, 33, 33, 36, 29, 32, 39, 43, 54, 59, 46, 57, 49, 40, 39, 44, 32, 40, 26, 37, 25, 18, 20, 13, 8, 5]
YTOT: [2, 2, 8, 8, 11, 13, 15, 17, 20, 24, 30, 35, 40, 46, 56, 65, 74, 87, 105, 125, 148, 179, 219, 257, 294, 330, 361, 392, 418, 451, 484, 520, 549, 581, 620, 663, 717, 776, 822, 879, 928, 968, 1007, 1051, 1083, 1123, 1149, 1186, 1211, 1229, 1249, 1262, 1270, 1275]

INFO: Total Population: 446449
INFO: R0: 2
INFO: Incubation Period: 5
INFO: Illness Period: 12
X:[0, 1, 2, 3, 4, 5, 6, 7, 8, 9, 10, 11, 12, 13, 14, 15, 16, 17, 18, 19, 20, 21, 22, 23, 24, 25, 26, 27, 28, 29, 30, 31, 32, 33, 34, 35, 36, 37, 38, 39, 40, 41, 42, 43, 44, 45, 46, 47, 48, 49, 50, 51, 52, 53, 54, 55, 56, 57, 58, 59]
YNEW:[2, 0, 6, 0, 3, 2, 2, 2, 3, 4, 6, 5, 5, 6, 10, 9, 9, 13, 18, 20, 23, 31, 40, 38, 37, 36, 31, 31, 26, 33, 33, 36, 29, 32, 39, 43, 54, 59, 46, 57, 49, 40, 43, 36, 42, 41, 26, 41, 37, 32, 30, 16, 17, 9, 7, 5, 3, 3, 1]
YTOT: [2, 2, 8, 8, 11, 13, 15, 17, 20, 24, 30, 35, 40, 46, 56, 65, 74, 87, 105, 125, 148, 179, 219, 257, 294, 330, 361, 392, 418, 451, 484, 520, 549, 581, 620, 663, 717, 776, 822, 879, 928, 968, 1011, 1047, 1089, 1130, 1156, 1197, 1234, 1266, 1296, 1312, 1329, 1338, 1345, 1350, 1353, 1356, 1357]

INFO: Total Population: 446449
INFO: R0: 2
INFO: Incubation Period: 5
INFO: Illness Period: 12
X:[0, 1, 2, 3, 4, 5, 6, 7, 8, 9, 10, 11, 12, 13, 14, 15, 16, 17, 18, 19, 20, 21, 22, 23, 24, 25, 26, 27, 28, 29, 30, 31, 32, 33, 34, 35, 36, 37, 38, 39, 40, 41, 42, 43, 44, 45, 46, 47, 48, 49, 50, 51, 52, 53, 54]
YNEW:[2, 0, 6, 0, 3, 2, 2, 2, 3, 4, 6, 5, 5, 6, 10, 9, 9, 13, 18, 20, 23, 31, 40, 38, 37, 36, 31, 31, 26, 33, 33, 36, 29, 32, 39, 43, 54, 59, 46, 57, 49, 40, 36, 42, 43, 34, 32, 26, 20, 22, 19, 9, 8, 4]
YTOT: [2, 2, 8, 8, 11, 13, 15, 17, 20, 24, 30, 35, 40, 46, 56, 65, 74, 87, 105, 125, 148, 179, 219, 257, 294, 330, 361, 392, 418, 451, 484, 520, 549, 581, 620, 663, 717, 776, 822, 879, 928, 968, 1004, 1046, 1089, 1123, 1155, 1181, 1201, 1223, 1242, 1251, 1259, 1263]

INFO: Total Population: 446449
INFO: R0: 2
INFO: Incubation Period: 5
INFO: Illness Period: 12
X:[0, 1, 2, 3, 4, 5, 6, 7, 8, 9, 10, 11, 12, 13, 14, 15, 16, 17, 18, 19, 20, 21, 22, 23, 24, 25, 26, 27, 28, 29, 30, 31, 32, 33, 34, 35, 36, 37, 38, 39, 40, 41, 42, 43, 44, 45, 46, 47, 48, 49, 50, 51, 52, 53, 54, 55, 56, 57, 58, 59, 60]
YNEW:[2, 0, 6, 0, 3, 2, 2, 2, 3, 4, 6, 5, 5, 6, 10, 9, 9, 13, 18, 20, 23, 31, 40, 38, 37, 36, 31, 31, 26, 33, 33, 36, 29, 32, 39, 43, 54, 59, 46, 57, 49, 40, 42, 41, 35, 40, 38, 39, 30, 25, 28, 13, 16, 8, 5, 4, 2, 2, 1, 1]
YTOT: [2, 2, 8, 8, 11, 13, 15, 17, 20, 24, 30, 35, 40, 46, 56, 65, 74, 87, 105, 125, 148, 179, 219, 257, 294, 330, 361, 392, 418, 451, 484, 520, 549, 581, 620, 663, 717, 776, 822, 879, 928, 968, 1010, 1051, 1086, 1126, 1164, 1203, 1233, 1258, 1286, 1299, 1315, 1323, 1328, 1332, 1334, 1336, 1337, 1338]

INFO: Total Population: 446449
INFO: R0: 2
INFO: Incubation Period: 5
INFO: Illness Period: 12
X:[0, 1, 2, 3, 4, 5, 6, 7, 8, 9, 10, 11, 12, 13, 14, 15, 16, 17, 18, 19, 20, 21, 22, 23, 24, 25, 26, 27, 28, 29, 30, 31, 32, 33, 34, 35, 36, 37, 38, 39, 40, 41, 42, 43, 44, 45, 46, 47, 48, 49, 50, 51, 52, 53, 54, 55]
YNEW:[2, 0, 6, 0, 3, 2, 2, 2, 3, 4, 6, 5, 5, 6, 10, 9, 9, 13, 18, 20, 23, 31, 40, 38, 37, 36, 31, 31, 26, 33, 33, 36, 29, 32, 39, 43, 54, 59, 46, 57, 49, 40, 29, 48, 37, 35, 34, 28, 30, 15, 19, 15, 8, 4, 1]
YTOT: [2, 2, 8, 8, 11, 13, 15, 17, 20, 24, 30, 35, 40, 46, 56, 65, 74, 87, 105, 125, 148, 179, 219, 257, 294, 330, 361, 392, 418, 451, 484, 520, 549, 581, 620, 663, 717, 776, 822, 879, 928, 968, 997, 1045, 1082, 1117, 1151, 1179, 1209, 1224, 1243, 1258, 1266, 1270, 1271]

INFO: Total Population: 446449
INFO: R0: 2
INFO: Incubation Period: 5
INFO: Illness Period: 12
X:[0, 1, 2, 3, 4, 5, 6, 7, 8, 9, 10, 11, 12, 13, 14, 15, 16, 17, 18, 19, 20, 21, 22, 23, 24, 25, 26, 27, 28, 29, 30, 31, 32, 33, 34, 35, 36, 37, 38, 39, 40, 41, 42, 43, 44, 45, 46, 47, 48, 49, 50, 51, 52, 53, 54]
YNEW:[2, 0, 6, 0, 3, 2, 2, 2, 3, 4, 6, 5, 5, 6, 10, 9, 9, 13, 18, 20, 23, 31, 40, 38, 37, 36, 31, 31, 26, 33, 33, 36, 29, 32, 39, 43, 54, 59, 46, 57, 49, 40, 36, 36, 39, 36, 34, 32, 22, 23, 15, 14, 8, 5]
YTOT: [2, 2, 8, 8, 11, 13, 15, 17, 20, 24, 30, 35, 40, 46, 56, 65, 74, 87, 105, 125, 148, 179, 219, 257, 294, 330, 361, 392, 418, 451, 484, 520, 549, 581, 620, 663, 717, 776, 822, 879, 928, 968, 1004, 1040, 1079, 1115, 1149, 1181, 1203, 1226, 1241, 1255, 1263, 1268]

INFO: Total Population: 446449
INFO: R0: 2
INFO: Incubation Period: 5
INFO: Illness Period: 12
X:[0, 1, 2, 3, 4, 5, 6, 7, 8, 9, 10, 11, 12, 13, 14, 15, 16, 17, 18, 19, 20, 21, 22, 23, 24, 25, 26, 27, 28, 29, 30, 31, 32, 33, 34, 35, 36, 37, 38, 39, 40, 41, 42, 43, 44, 45, 46, 47, 48, 49, 50, 51, 52, 53, 54, 55, 56, 57, 58, 59, 60]
YNEW:[2, 0, 6, 0, 3, 2, 2, 2, 3, 4, 6, 5, 5, 6, 10, 9, 9, 13, 18, 20, 23, 31, 40, 38, 37, 36, 31, 31, 26, 33, 33, 36, 29, 32, 39, 43, 54, 59, 46, 57, 49, 40, 36, 32, 34, 36, 31, 38, 52, 35, 19, 18, 7, 6, 5, 6, 3, 2, 2, 1]
YTOT: [2, 2, 8, 8, 11, 13, 15, 17, 20, 24, 30, 35, 40, 46, 56, 65, 74, 87, 105, 125, 148, 179, 219, 257, 294, 330, 361, 392, 418, 451, 484, 520, 549, 581, 620, 663, 717, 776, 822, 879, 928, 968, 1004, 1036, 1070, 1106, 1137, 1175, 1227, 1262, 1281, 1299, 1306, 1312, 1317, 1323, 1326, 1328, 1330, 1331]

INFO: Total Population: 446449
INFO: R0: 2
INFO: Incubation Period: 5
INFO: Illness Period: 12
X:[0, 1, 2, 3, 4, 5, 6, 7, 8, 9, 10, 11, 12, 13, 14, 15, 16, 17, 18, 19, 20, 21, 22, 23, 24, 25, 26, 27, 28, 29, 30, 31, 32, 33, 34, 35, 36, 37, 38, 39, 40, 41, 42, 43, 44, 45, 46, 47, 48, 49, 50, 51, 52, 53, 54, 55, 56, 57, 58, 59]
YNEW:[2, 0, 6, 0, 3, 2, 2, 2, 3, 4, 6, 5, 5, 6, 10, 9, 9, 13, 18, 20, 23, 31, 40, 38, 37, 36, 31, 31, 26, 33, 33, 36, 29, 32, 39, 43, 54, 59, 46, 57, 49, 40, 35, 45, 40, 40, 30, 37, 33, 24, 16, 20, 13, 4, 6, 3, 2, 2, 1]
YTOT: [2, 2, 8, 8, 11, 13, 15, 17, 20, 24, 30, 35, 40, 46, 56, 65, 74, 87, 105, 125, 148, 179, 219, 257, 294, 330, 361, 392, 418, 451, 484, 520, 549, 581, 620, 663, 717, 776, 822, 879, 928, 968, 1003, 1048, 1088, 1128, 1158, 1195, 1228, 1252, 1268, 1288, 1301, 1305, 1311, 1314, 1316, 1318, 1319]

INFO: Total Population: 446449
INFO: R0: 2
INFO: Incubation Period: 5
INFO: Illness Period: 12
X:[0, 1, 2, 3, 4, 5, 6, 7, 8, 9, 10, 11, 12, 13, 14, 15, 16, 17, 18, 19, 20, 21, 22, 23, 24, 25, 26, 27, 28, 29, 30, 31, 32, 33, 34, 35, 36, 37, 38, 39, 40, 41, 42, 43, 44, 45, 46, 47, 48, 49, 50, 51, 52, 53, 54, 55, 56, 57, 58, 59, 60]
YNEW:[2, 0, 6, 0, 3, 2, 2, 2, 3, 4, 6, 5, 5, 6, 10, 9, 9, 13, 18, 20, 23, 31, 40, 38, 37, 36, 31, 31, 26, 33, 33, 36, 29, 32, 39, 43, 54, 59, 46, 57, 49, 40, 43, 40, 35, 37, 32, 37, 38, 30, 30, 17, 17, 8, 6, 1, 4, 5, 1, 1]
YTOT: [2, 2, 8, 8, 11, 13, 15, 17, 20, 24, 30, 35, 40, 46, 56, 65, 74, 87, 105, 125, 148, 179, 219, 257, 294, 330, 361, 392, 418, 451, 484, 520, 549, 581, 620, 663, 717, 776, 822, 879, 928, 968, 1011, 1051, 1086, 1123, 1155, 1192, 1230, 1260, 1290, 1307, 1324, 1332, 1338, 1339, 1343, 1348, 1349, 1350]

INFO: Total Population: 446449
INFO: R0: 2
INFO: Incubation Period: 5
INFO: Illness Period: 12
X:[0, 1, 2, 3, 4, 5, 6, 7, 8, 9, 10, 11, 12, 13, 14, 15, 16, 17, 18, 19, 20, 21, 22, 23, 24, 25, 26, 27, 28, 29, 30, 31, 32, 33, 34, 35, 36, 37, 38, 39, 40, 41, 42, 43, 44, 45, 46, 47, 48, 49, 50, 51, 52, 53, 54, 55, 56, 57, 58, 59]
YNEW:[2, 0, 6, 0, 3, 2, 2, 2, 3, 4, 6, 5, 5, 6, 10, 9, 9, 13, 18, 20, 23, 31, 40, 38, 37, 36, 31, 31, 26, 33, 33, 36, 29, 32, 39, 43, 54, 59, 46, 57, 49, 40, 37, 49, 36, 37, 31, 33, 31, 29, 21, 18, 13, 9, 5, 2, 5, 2, 1]
YTOT: [2, 2, 8, 8, 11, 13, 15, 17, 20, 24, 30, 35, 40, 46, 56, 65, 74, 87, 105, 125, 148, 179, 219, 257, 294, 330, 361, 392, 418, 451, 484, 520, 549, 581, 620, 663, 717, 776, 822, 879, 928, 968, 1005, 1054, 1090, 1127, 1158, 1191, 1222, 1251, 1272, 1290, 1303, 1312, 1317, 1319, 1324, 1326, 1327]

INFO: Total Population: 446449
INFO: R0: 2
INFO: Incubation Period: 5
INFO: Illness Period: 12
X:[0, 1, 2, 3, 4, 5, 6, 7, 8, 9, 10, 11, 12, 13, 14, 15, 16, 17, 18, 19, 20, 21, 22, 23, 24, 25, 26, 27, 28, 29, 30, 31, 32, 33, 34, 35, 36, 37, 38, 39, 40, 41, 42, 43, 44, 45, 46, 47, 48, 49, 50, 51, 52, 53, 54, 55, 56, 57, 58, 59]
YNEW:[2, 0, 6, 0, 3, 2, 2, 2, 3, 4, 6, 5, 5, 6, 10, 9, 9, 13, 18, 20, 23, 31, 40, 38, 37, 36, 31, 31, 26, 33, 33, 36, 29, 32, 39, 43, 54, 59, 46, 57, 49, 40, 24, 44, 34, 30, 39, 35, 36, 30, 21, 12, 13, 10, 4, 2, 3, 1, 1]
YTOT: [2, 2, 8, 8, 11, 13, 15, 17, 20, 24, 30, 35, 40, 46, 56, 65, 74, 87, 105, 125, 148, 179, 219, 257, 294, 330, 361, 392, 418, 451, 484, 520, 549, 581, 620, 663, 717, 776, 822, 879, 928, 968, 992, 1036, 1070, 1100, 1139, 1174, 1210, 1240, 1261, 1273, 1286, 1296, 1300, 1302, 1305, 1306, 1307]

INFO: Total Population: 446449
INFO: R0: 2
INFO: Incubation Period: 5
INFO: Illness Period: 12
X:[0, 1, 2, 3, 4, 5, 6, 7, 8, 9, 10, 11, 12, 13, 14, 15, 16, 17, 18, 19, 20, 21, 22, 23, 24, 25, 26, 27, 28, 29, 30, 31, 32, 33, 34, 35, 36, 37, 38, 39, 40, 41, 42, 43, 44, 45, 46, 47, 48, 49, 50, 51, 52, 53, 54, 55, 56, 57, 58, 59, 60]
YNEW:[2, 0, 6, 0, 3, 2, 2, 2, 3, 4, 6, 5, 5, 6, 10, 9, 9, 13, 18, 20, 23, 31, 40, 38, 37, 36, 31, 31, 26, 33, 33, 36, 29, 32, 39, 43, 54, 59, 46, 57, 49, 40, 44, 39, 28, 23, 32, 51, 32, 32, 21, 22, 11, 10, 6, 1, 6, 2, 1, 2]
YTOT: [2, 2, 8, 8, 11, 13, 15, 17, 20, 24, 30, 35, 40, 46, 56, 65, 74, 87, 105, 125, 148, 179, 219, 257, 294, 330, 361, 392, 418, 451, 484, 520, 549, 581, 620, 663, 717, 776, 822, 879, 928, 968, 1012, 1051, 1079, 1102, 1134, 1185, 1217, 1249, 1270, 1292, 1303, 1313, 1319, 1320, 1326, 1328, 1329, 1331]

INFO: Total Population: 446449
INFO: R0: 2
INFO: Incubation Period: 5
INFO: Illness Period: 12
X:[0, 1, 2, 3, 4, 5, 6, 7, 8, 9, 10, 11, 12, 13, 14, 15, 16, 17, 18, 19, 20, 21, 22, 23, 24, 25, 26, 27, 28, 29, 30, 31, 32, 33, 34, 35, 36, 37, 38, 39, 40, 41, 42, 43, 44, 45, 46, 47, 48, 49, 50, 51, 52, 53, 54]
YNEW:[2, 0, 6, 0, 3, 2, 2, 2, 3, 4, 6, 5, 5, 6, 10, 9, 9, 13, 18, 20, 23, 31, 40, 38, 37, 36, 31, 31, 26, 33, 33, 36, 29, 32, 39, 43, 54, 59, 46, 57, 49, 40, 38, 42, 37, 33, 35, 25, 20, 20, 17, 19, 4, 3]
YTOT: [2, 2, 8, 8, 11, 13, 15, 17, 20, 24, 30, 35, 40, 46, 56, 65, 74, 87, 105, 125, 148, 179, 219, 257, 294, 330, 361, 392, 418, 451, 484, 520, 549, 581, 620, 663, 717, 776, 822, 879, 928, 968, 1006, 1048, 1085, 1118, 1153, 1178, 1198, 1218, 1235, 1254, 1258, 1261]

INFO: Total Population: 446449
INFO: R0: 2
INFO: Incubation Period: 5
INFO: Illness Period: 12
X:[0, 1, 2, 3, 4, 5, 6, 7, 8, 9, 10, 11, 12, 13, 14, 15, 16, 17, 18, 19, 20, 21, 22, 23, 24, 25, 26, 27, 28, 29, 30, 31, 32, 33, 34, 35, 36, 37, 38, 39, 40, 41, 42, 43, 44, 45, 46, 47, 48, 49, 50, 51, 52, 53, 54, 55, 56]
YNEW:[2, 0, 6, 0, 3, 2, 2, 2, 3, 4, 6, 5, 5, 6, 10, 9, 9, 13, 18, 20, 23, 31, 40, 38, 37, 36, 31, 31, 26, 33, 33, 36, 29, 32, 39, 43, 54, 59, 46, 57, 49, 40, 28, 42, 29, 33, 34, 31, 30, 25, 14, 12, 3, 2, 1, 1]
YTOT: [2, 2, 8, 8, 11, 13, 15, 17, 20, 24, 30, 35, 40, 46, 56, 65, 74, 87, 105, 125, 148, 179, 219, 257, 294, 330, 361, 392, 418, 451, 484, 520, 549, 581, 620, 663, 717, 776, 822, 879, 928, 968, 996, 1038, 1067, 1100, 1134, 1165, 1195, 1220, 1234, 1246, 1249, 1251, 1252, 1253]

INFO: Total Population: 446449
INFO: R0: 2
INFO: Incubation Period: 5
INFO: Illness Period: 12
X:[0, 1, 2, 3, 4, 5, 6, 7, 8, 9, 10, 11, 12, 13, 14, 15, 16, 17, 18, 19, 20, 21, 22, 23, 24, 25, 26, 27, 28, 29, 30, 31, 32, 33, 34, 35, 36, 37, 38, 39, 40, 41, 42, 43, 44, 45, 46, 47, 48, 49, 50, 51, 52, 53, 54]
YNEW:[2, 0, 6, 0, 3, 2, 2, 2, 3, 4, 6, 5, 5, 6, 10, 9, 9, 13, 18, 20, 23, 31, 40, 38, 37, 36, 31, 31, 26, 33, 33, 36, 29, 32, 39, 43, 54, 59, 46, 57, 49, 40, 33, 36, 34, 36, 33, 32, 20, 25, 24, 9, 7, 6]
YTOT: [2, 2, 8, 8, 11, 13, 15, 17, 20, 24, 30, 35, 40, 46, 56, 65, 74, 87, 105, 125, 148, 179, 219, 257, 294, 330, 361, 392, 418, 451, 484, 520, 549, 581, 620, 663, 717, 776, 822, 879, 928, 968, 1001, 1037, 1071, 1107, 1140, 1172, 1192, 1217, 1241, 1250, 1257, 1263]

INFO: Total Population: 446449
INFO: R0: 2
INFO: Incubation Period: 5
INFO: Illness Period: 12
X:[0, 1, 2, 3, 4, 5, 6, 7, 8, 9, 10, 11, 12, 13, 14, 15, 16, 17, 18, 19, 20, 21, 22, 23, 24, 25, 26, 27, 28, 29, 30, 31, 32, 33, 34, 35, 36, 37, 38, 39, 40, 41, 42, 43, 44, 45, 46, 47, 48, 49, 50, 51, 52, 53, 54, 55, 56, 57, 58, 59]
YNEW:[2, 0, 6, 0, 3, 2, 2, 2, 3, 4, 6, 5, 5, 6, 10, 9, 9, 13, 18, 20, 23, 31, 40, 38, 37, 36, 31, 31, 26, 33, 33, 36, 29, 32, 39, 43, 54, 59, 46, 57, 49, 40, 43, 31, 31, 43, 22, 38, 30, 35, 28, 19, 13, 9, 10, 5, 4, 1, 2]
YTOT: [2, 2, 8, 8, 11, 13, 15, 17, 20, 24, 30, 35, 40, 46, 56, 65, 74, 87, 105, 125, 148, 179, 219, 257, 294, 330, 361, 392, 418, 451, 484, 520, 549, 581, 620, 663, 717, 776, 822, 879, 928, 968, 1011, 1042, 1073, 1116, 1138, 1176, 1206, 1241, 1269, 1288, 1301, 1310, 1320, 1325, 1329, 1330, 1332]

INFO: Total Population: 446449
INFO: R0: 2
INFO: Incubation Period: 5
INFO: Illness Period: 12
X:[0, 1, 2, 3, 4, 5, 6, 7, 8, 9, 10, 11, 12, 13, 14, 15, 16, 17, 18, 19, 20, 21, 22, 23, 24, 25, 26, 27, 28, 29, 30, 31, 32, 33, 34, 35, 36, 37, 38, 39, 40, 41, 42, 43, 44, 45, 46, 47, 48, 49, 50, 51, 52, 53, 54]
YNEW:[2, 0, 6, 0, 3, 2, 2, 2, 3, 4, 6, 5, 5, 6, 10, 9, 9, 13, 18, 20, 23, 31, 40, 38, 37, 36, 31, 31, 26, 33, 33, 36, 29, 32, 39, 43, 54, 59, 46, 57, 49, 40, 39, 32, 46, 34, 40, 23, 33, 22, 16, 15, 4, 1]
YTOT: [2, 2, 8, 8, 11, 13, 15, 17, 20, 24, 30, 35, 40, 46, 56, 65, 74, 87, 105, 125, 148, 179, 219, 257, 294, 330, 361, 392, 418, 451, 484, 520, 549, 581, 620, 663, 717, 776, 822, 879, 928, 968, 1007, 1039, 1085, 1119, 1159, 1182, 1215, 1237, 1253, 1268, 1272, 1273]

INFO: Total Population: 446449
INFO: R0: 2
INFO: Incubation Period: 5
INFO: Illness Period: 12
X:[0, 1, 2, 3, 4, 5, 6, 7, 8, 9, 10, 11, 12, 13, 14, 15, 16, 17, 18, 19, 20, 21, 22, 23, 24, 25, 26, 27, 28, 29, 30, 31, 32, 33, 34, 35, 36, 37, 38, 39, 40, 41, 42, 43, 44, 45, 46, 47, 48, 49, 50, 51, 52, 53, 54, 55]
YNEW:[2, 0, 6, 0, 3, 2, 2, 2, 3, 4, 6, 5, 5, 6, 10, 9, 9, 13, 18, 20, 23, 31, 40, 38, 37, 36, 31, 31, 26, 33, 33, 36, 29, 32, 39, 43, 54, 59, 46, 57, 49, 40, 46, 43, 35, 35, 35, 22, 29, 22, 11, 9, 6, 6, 1]
YTOT: [2, 2, 8, 8, 11, 13, 15, 17, 20, 24, 30, 35, 40, 46, 56, 65, 74, 87, 105, 125, 148, 179, 219, 257, 294, 330, 361, 392, 418, 451, 484, 520, 549, 581, 620, 663, 717, 776, 822, 879, 928, 968, 1014, 1057, 1092, 1127, 1162, 1184, 1213, 1235, 1246, 1255, 1261, 1267, 1268]

INFO: Total Population: 446449
INFO: R0: 2
INFO: Incubation Period: 5
INFO: Illness Period: 12
X:[0, 1, 2, 3, 4, 5, 6, 7, 8, 9, 10, 11, 12, 13, 14, 15, 16, 17, 18, 19, 20, 21, 22, 23, 24, 25, 26, 27, 28, 29, 30, 31, 32, 33, 34, 35, 36, 37, 38, 39, 40, 41, 42, 43, 44, 45, 46, 47, 48, 49, 50, 51, 52, 53, 54, 55, 56, 57, 58, 59]
YNEW:[2, 0, 6, 0, 3, 2, 2, 2, 3, 4, 6, 5, 5, 6, 10, 9, 9, 13, 18, 20, 23, 31, 40, 38, 37, 36, 31, 31, 26, 33, 33, 36, 29, 32, 39, 43, 54, 59, 46, 57, 49, 40, 36, 41, 22, 46, 24, 51, 27, 31, 20, 23, 11, 9, 4, 4, 2, 1, 1]
YTOT: [2, 2, 8, 8, 11, 13, 15, 17, 20, 24, 30, 35, 40, 46, 56, 65, 74, 87, 105, 125, 148, 179, 219, 257, 294, 330, 361, 392, 418, 451, 484, 520, 549, 581, 620, 663, 717, 776, 822, 879, 928, 968, 1004, 1045, 1067, 1113, 1137, 1188, 1215, 1246, 1266, 1289, 1300, 1309, 1313, 1317, 1319, 1320, 1321]

INFO: Total Population: 446449
INFO: R0: 2
INFO: Incubation Period: 5
INFO: Illness Period: 12
X:[0, 1, 2, 3, 4, 5, 6, 7, 8, 9, 10, 11, 12, 13, 14, 15, 16, 17, 18, 19, 20, 21, 22, 23, 24, 25, 26, 27, 28, 29, 30, 31, 32, 33, 34, 35, 36, 37, 38, 39, 40, 41, 42, 43, 44, 45, 46, 47, 48, 49, 50, 51, 52, 53, 54, 55]
YNEW:[2, 0, 6, 0, 3, 2, 2, 2, 3, 4, 6, 5, 5, 6, 10, 9, 9, 13, 18, 20, 23, 31, 40, 38, 37, 36, 31, 31, 26, 33, 33, 36, 29, 32, 39, 43, 54, 59, 46, 57, 49, 40, 56, 36, 34, 32, 41, 27, 20, 16, 14, 13, 6, 3, 1]
YTOT: [2, 2, 8, 8, 11, 13, 15, 17, 20, 24, 30, 35, 40, 46, 56, 65, 74, 87, 105, 125, 148, 179, 219, 257, 294, 330, 361, 392, 418, 451, 484, 520, 549, 581, 620, 663, 717, 776, 822, 879, 928, 968, 1024, 1060, 1094, 1126, 1167, 1194, 1214, 1230, 1244, 1257, 1263, 1266, 1267]

INFO: Total Population: 446449
INFO: R0: 2
INFO: Incubation Period: 5
INFO: Illness Period: 12
X:[0, 1, 2, 3, 4, 5, 6, 7, 8, 9, 10, 11, 12, 13, 14, 15, 16, 17, 18, 19, 20, 21, 22, 23, 24, 25, 26, 27, 28, 29, 30, 31, 32, 33, 34, 35, 36, 37, 38, 39, 40, 41, 42, 43, 44, 45, 46, 47, 48, 49, 50, 51, 52, 53, 54, 55, 56, 57, 58]
YNEW:[2, 0, 6, 0, 3, 2, 2, 2, 3, 4, 6, 5, 5, 6, 10, 9, 9, 13, 18, 20, 23, 31, 40, 38, 37, 36, 31, 31, 26, 33, 33, 36, 29, 32, 39, 43, 54, 59, 46, 57, 49, 40, 41, 35, 23, 41, 37, 45, 45, 31, 30, 15, 14, 7, 2, 5, 2, 1]
YTOT: [2, 2, 8, 8, 11, 13, 15, 17, 20, 24, 30, 35, 40, 46, 56, 65, 74, 87, 105, 125, 148, 179, 219, 257, 294, 330, 361, 392, 418, 451, 484, 520, 549, 581, 620, 663, 717, 776, 822, 879, 928, 968, 1009, 1044, 1067, 1108, 1145, 1190, 1235, 1266, 1296, 1311, 1325, 1332, 1334, 1339, 1341, 1342]

INFO: Total Population: 446449
INFO: R0: 2
INFO: Incubation Period: 5
INFO: Illness Period: 12
X:[0, 1, 2, 3, 4, 5, 6, 7, 8, 9, 10, 11, 12, 13, 14, 15, 16, 17, 18, 19, 20, 21, 22, 23, 24, 25, 26, 27, 28, 29, 30, 31, 32, 33, 34, 35, 36, 37, 38, 39, 40, 41, 42, 43, 44, 45, 46, 47, 48, 49, 50, 51, 52, 53, 54, 55, 56, 57, 58, 59, 60]
YNEW:[2, 0, 6, 0, 3, 2, 2, 2, 3, 4, 6, 5, 5, 6, 10, 9, 9, 13, 18, 20, 23, 31, 40, 38, 37, 36, 31, 31, 26, 33, 33, 36, 29, 32, 39, 43, 54, 59, 46, 57, 49, 40, 40, 37, 31, 31, 43, 49, 38, 28, 24, 14, 16, 8, 2, 4, 2, 3, 2, 1]
YTOT: [2, 2, 8, 8, 11, 13, 15, 17, 20, 24, 30, 35, 40, 46, 56, 65, 74, 87, 105, 125, 148, 179, 219, 257, 294, 330, 361, 392, 418, 451, 484, 520, 549, 581, 620, 663, 717, 776, 822, 879, 928, 968, 1008, 1045, 1076, 1107, 1150, 1199, 1237, 1265, 1289, 1303, 1319, 1327, 1329, 1333, 1335, 1338, 1340, 1341]

END