

INFO: Total Population: 446449
INFO: R0: 2
INFO: Incubation Period: 5
INFO: Illness Period: 12
X:[0, 1, 2, 3, 4, 5, 6, 7, 8, 9, 10, 11, 12, 13, 14, 15, 16, 17, 18, 19, 20, 21, 22, 23, 24, 25, 26, 27, 28, 29, 30, 31, 32, 33, 34, 35, 36, 37, 38, 39, 40, 41, 42, 43, 44, 45, 46, 47, 48, 49, 50, 51, 52, 53, 54]
YNEW:[2, 0, 6, 0, 3, 2, 2, 2, 3, 4, 6, 5, 5, 6, 10, 9, 9, 13, 18, 20, 23, 31, 40, 38, 37, 36, 31, 31, 26, 33, 33, 36, 29, 32, 39, 43, 54, 59, 46, 57, 49, 40, 14, 23, 25, 15, 20, 15, 14, 15, 11, 4, 5, 3]
YTOT: [2, 2, 8, 8, 11, 13, 15, 17, 20, 24, 30, 35, 40, 46, 56, 65, 74, 87, 105, 125, 148, 179, 219, 257, 294, 330, 361, 392, 418, 451, 484, 520, 549, 581, 620, 663, 717, 776, 822, 879, 928, 968, 982, 1005, 1030, 1045, 1065, 1080, 1094, 1109, 1120, 1124, 1129, 1132]

INFO: Total Population: 446449
INFO: R0: 2
INFO: Incubation Period: 5
INFO: Illness Period: 12
X:[0, 1, 2, 3, 4, 5, 6, 7, 8, 9, 10, 11, 12, 13, 14, 15, 16, 17, 18, 19, 20, 21, 22, 23, 24, 25, 26, 27, 28, 29, 30, 31, 32, 33, 34, 35, 36, 37, 38, 39, 40, 41, 42, 43, 44, 45, 46, 47, 48, 49, 50, 51, 52, 53, 54, 55, 56, 57]
YNEW:[2, 0, 6, 0, 3, 2, 2, 2, 3, 4, 6, 5, 5, 6, 10, 9, 9, 13, 18, 20, 23, 31, 40, 38, 37, 36, 31, 31, 26, 33, 33, 36, 29, 32, 39, 43, 54, 59, 46, 57, 49, 40, 23, 21, 21, 22, 19, 15, 14, 14, 4, 11, 7, 3, 1, 1, 1]
YTOT: [2, 2, 8, 8, 11, 13, 15, 17, 20, 24, 30, 35, 40, 46, 56, 65, 74, 87, 105, 125, 148, 179, 219, 257, 294, 330, 361, 392, 418, 451, 484, 520, 549, 581, 620, 663, 717, 776, 822, 879, 928, 968, 991, 1012, 1033, 1055, 1074, 1089, 1103, 1117, 1121, 1132, 1139, 1142, 1143, 1144, 1145]

INFO: Total Population: 446449
INFO: R0: 2
INFO: Incubation Period: 5
INFO: Illness Period: 12
X:[0, 1, 2, 3, 4, 5, 6, 7, 8, 9, 10, 11, 12, 13, 14, 15, 16, 17, 18, 19, 20, 21, 22, 23, 24, 25, 26, 27, 28, 29, 30, 31, 32, 33, 34, 35, 36, 37, 38, 39, 40, 41, 42, 43, 44, 45, 46, 47, 48, 49, 50, 51, 52, 53, 54, 55, 56]
YNEW:[2, 0, 6, 0, 3, 2, 2, 2, 3, 4, 6, 5, 5, 6, 10, 9, 9, 13, 18, 20, 23, 31, 40, 38, 37, 36, 31, 31, 26, 33, 33, 36, 29, 32, 39, 43, 54, 59, 46, 57, 49, 40, 31, 22, 17, 23, 14, 15, 14, 16, 10, 6, 3, 4, 1, 2]
YTOT: [2, 2, 8, 8, 11, 13, 15, 17, 20, 24, 30, 35, 40, 46, 56, 65, 74, 87, 105, 125, 148, 179, 219, 257, 294, 330, 361, 392, 418, 451, 484, 520, 549, 581, 620, 663, 717, 776, 822, 879, 928, 968, 999, 1021, 1038, 1061, 1075, 1090, 1104, 1120, 1130, 1136, 1139, 1143, 1144, 1146]

INFO: Total Population: 446449
INFO: R0: 2
INFO: Incubation Period: 5
INFO: Illness Period: 12
X:[0, 1, 2, 3, 4, 5, 6, 7, 8, 9, 10, 11, 12, 13, 14, 15, 16, 17, 18, 19, 20, 21, 22, 23, 24, 25, 26, 27, 28, 29, 30, 31, 32, 33, 34, 35, 36, 37, 38, 39, 40, 41, 42, 43, 44, 45, 46, 47, 48, 49, 50, 51, 52, 53, 54, 55]
YNEW:[2, 0, 6, 0, 3, 2, 2, 2, 3, 4, 6, 5, 5, 6, 10, 9, 9, 13, 18, 20, 23, 31, 40, 38, 37, 36, 31, 31, 26, 33, 33, 36, 29, 32, 39, 43, 54, 59, 46, 57, 49, 40, 20, 20, 26, 14, 14, 20, 13, 9, 11, 4, 4, 1, 1]
YTOT: [2, 2, 8, 8, 11, 13, 15, 17, 20, 24, 30, 35, 40, 46, 56, 65, 74, 87, 105, 125, 148, 179, 219, 257, 294, 330, 361, 392, 418, 451, 484, 520, 549, 581, 620, 663, 717, 776, 822, 879, 928, 968, 988, 1008, 1034, 1048, 1062, 1082, 1095, 1104, 1115, 1119, 1123, 1124, 1125]

INFO: Total Population: 446449
INFO: R0: 2
INFO: Incubation Period: 5
INFO: Illness Period: 12
X:[0, 1, 2, 3, 4, 5, 6, 7, 8, 9, 10, 11, 12, 13, 14, 15, 16, 17, 18, 19, 20, 21, 22, 23, 24, 25, 26, 27, 28, 29, 30, 31, 32, 33, 34, 35, 36, 37, 38, 39, 40, 41, 42, 43, 44, 45, 46, 47, 48, 49, 50, 51, 52, 53, 54, 55]
YNEW:[2, 0, 6, 0, 3, 2, 2, 2, 3, 4, 6, 5, 5, 6, 10, 9, 9, 13, 18, 20, 23, 31, 40, 38, 37, 36, 31, 31, 26, 33, 33, 36, 29, 32, 39, 43, 54, 59, 46, 57, 49, 40, 22, 22, 9, 23, 12, 10, 11, 16, 5, 9, 9, 2, 1]
YTOT: [2, 2, 8, 8, 11, 13, 15, 17, 20, 24, 30, 35, 40, 46, 56, 65, 74, 87, 105, 125, 148, 179, 219, 257, 294, 330, 361, 392, 418, 451, 484, 520, 549, 581, 620, 663, 717, 776, 822, 879, 928, 968, 990, 1012, 1021, 1044, 1056, 1066, 1077, 1093, 1098, 1107, 1116, 1118, 1119]

INFO: Total Population: 446449
INFO: R0: 2
INFO: Incubation Period: 5
INFO: Illness Period: 12
X:[0, 1, 2, 3, 4, 5, 6, 7, 8, 9, 10, 11, 12, 13, 14, 15, 16, 17, 18, 19, 20, 21, 22, 23, 24, 25, 26, 27, 28, 29, 30, 31, 32, 33, 34, 35, 36, 37, 38, 39, 40, 41, 42, 43, 44, 45, 46, 47, 48, 49, 50, 51, 52, 53, 54]
YNEW:[2, 0, 6, 0, 3, 2, 2, 2, 3, 4, 6, 5, 5, 6, 10, 9, 9, 13, 18, 20, 23, 31, 40, 38, 37, 36, 31, 31, 26, 33, 33, 36, 29, 32, 39, 43, 54, 59, 46, 57, 49, 40, 18, 30, 23, 21, 12, 22, 13, 11, 3, 11, 4, 2]
YTOT: [2, 2, 8, 8, 11, 13, 15, 17, 20, 24, 30, 35, 40, 46, 56, 65, 74, 87, 105, 125, 148, 179, 219, 257, 294, 330, 361, 392, 418, 451, 484, 520, 549, 581, 620, 663, 717, 776, 822, 879, 928, 968, 986, 1016, 1039, 1060, 1072, 1094, 1107, 1118, 1121, 1132, 1136, 1138]

INFO: Total Population: 446449
INFO: R0: 2
INFO: Incubation Period: 5
INFO: Illness Period: 12
X:[0, 1, 2, 3, 4, 5, 6, 7, 8, 9, 10, 11, 12, 13, 14, 15, 16, 17, 18, 19, 20, 21, 22, 23, 24, 25, 26, 27, 28, 29, 30, 31, 32, 33, 34, 35, 36, 37, 38, 39, 40, 41, 42, 43, 44, 45, 46, 47, 48, 49, 50, 51, 52, 53, 54, 55, 56, 57, 58]
YNEW:[2, 0, 6, 0, 3, 2, 2, 2, 3, 4, 6, 5, 5, 6, 10, 9, 9, 13, 18, 20, 23, 31, 40, 38, 37, 36, 31, 31, 26, 33, 33, 36, 29, 32, 39, 43, 54, 59, 46, 57, 49, 40, 20, 21, 21, 24, 20, 16, 7, 14, 9, 9, 3, 3, 1, 2, 1, 1]
YTOT: [2, 2, 8, 8, 11, 13, 15, 17, 20, 24, 30, 35, 40, 46, 56, 65, 74, 87, 105, 125, 148, 179, 219, 257, 294, 330, 361, 392, 418, 451, 484, 520, 549, 581, 620, 663, 717, 776, 822, 879, 928, 968, 988, 1009, 1030, 1054, 1074, 1090, 1097, 1111, 1120, 1129, 1132, 1135, 1136, 1138, 1139, 1140]

INFO: Total Population: 446449
INFO: R0: 2
INFO: Incubation Period: 5
INFO: Illness Period: 12
X:[0, 1, 2, 3, 4, 5, 6, 7, 8, 9, 10, 11, 12, 13, 14, 15, 16, 17, 18, 19, 20, 21, 22, 23, 24, 25, 26, 27, 28, 29, 30, 31, 32, 33, 34, 35, 36, 37, 38, 39, 40, 41, 42, 43, 44, 45, 46, 47, 48, 49, 50, 51, 52, 53]
YNEW:[2, 0, 6, 0, 3, 2, 2, 2, 3, 4, 6, 5, 5, 6, 10, 9, 9, 13, 18, 20, 23, 31, 40, 38, 37, 36, 31, 31, 26, 33, 33, 36, 29, 32, 39, 43, 54, 59, 46, 57, 49, 40, 20, 21, 23, 16, 27, 10, 12, 16, 6, 4, 6]
YTOT: [2, 2, 8, 8, 11, 13, 15, 17, 20, 24, 30, 35, 40, 46, 56, 65, 74, 87, 105, 125, 148, 179, 219, 257, 294, 330, 361, 392, 418, 451, 484, 520, 549, 581, 620, 663, 717, 776, 822, 879, 928, 968, 988, 1009, 1032, 1048, 1075, 1085, 1097, 1113, 1119, 1123, 1129]

INFO: Total Population: 446449
INFO: R0: 2
INFO: Incubation Period: 5
INFO: Illness Period: 12
X:[0, 1, 2, 3, 4, 5, 6, 7, 8, 9, 10, 11, 12, 13, 14, 15, 16, 17, 18, 19, 20, 21, 22, 23, 24, 25, 26, 27, 28, 29, 30, 31, 32, 33, 34, 35, 36, 37, 38, 39, 40, 41, 42, 43, 44, 45, 46, 47, 48, 49, 50, 51, 52, 53, 54]
YNEW:[2, 0, 6, 0, 3, 2, 2, 2, 3, 4, 6, 5, 5, 6, 10, 9, 9, 13, 18, 20, 23, 31, 40, 38, 37, 36, 31, 31, 26, 33, 33, 36, 29, 32, 39, 43, 54, 59, 46, 57, 49, 40, 23, 17, 17, 16, 27, 17, 13, 13, 4, 11, 1, 4]
YTOT: [2, 2, 8, 8, 11, 13, 15, 17, 20, 24, 30, 35, 40, 46, 56, 65, 74, 87, 105, 125, 148, 179, 219, 257, 294, 330, 361, 392, 418, 451, 484, 520, 549, 581, 620, 663, 717, 776, 822, 879, 928, 968, 991, 1008, 1025, 1041, 1068, 1085, 1098, 1111, 1115, 1126, 1127, 1131]

INFO: Total Population: 446449
INFO: R0: 2
INFO: Incubation Period: 5
INFO: Illness Period: 12
X:[0, 1, 2, 3, 4, 5, 6, 7, 8, 9, 10, 11, 12, 13, 14, 15, 16, 17, 18, 19, 20, 21, 22, 23, 24, 25, 26, 27, 28, 29, 30, 31, 32, 33, 34, 35, 36, 37, 38, 39, 40, 41, 42, 43, 44, 45, 46, 47, 48, 49, 50, 51, 52, 53, 54]
YNEW:[2, 0, 6, 0, 3, 2, 2, 2, 3, 4, 6, 5, 5, 6, 10, 9, 9, 13, 18, 20, 23, 31, 40, 38, 37, 36, 31, 31, 26, 33, 33, 36, 29, 32, 39, 43, 54, 59, 46, 57, 49, 40, 23, 22, 16, 23, 19, 16, 16, 7, 11, 6, 4, 2]
YTOT: [2, 2, 8, 8, 11, 13, 15, 17, 20, 24, 30, 35, 40, 46, 56, 65, 74, 87, 105, 125, 148, 179, 219, 257, 294, 330, 361, 392, 418, 451, 484, 520, 549, 581, 620, 663, 717, 776, 822, 879, 928, 968, 991, 1013, 1029, 1052, 1071, 1087, 1103, 1110, 1121, 1127, 1131, 1133]

INFO: Total Population: 446449
INFO: R0: 2
INFO: Incubation Period: 5
INFO: Illness Period: 12
X:[0, 1, 2, 3, 4, 5, 6, 7, 8, 9, 10, 11, 12, 13, 14, 15, 16, 17, 18, 19, 20, 21, 22, 23, 24, 25, 26, 27, 28, 29, 30, 31, 32, 33, 34, 35, 36, 37, 38, 39, 40, 41, 42, 43, 44, 45, 46, 47, 48, 49, 50, 51, 52, 53, 54, 55]
YNEW:[2, 0, 6, 0, 3, 2, 2, 2, 3, 4, 6, 5, 5, 6, 10, 9, 9, 13, 18, 20, 23, 31, 40, 38, 37, 36, 31, 31, 26, 33, 33, 36, 29, 32, 39, 43, 54, 59, 46, 57, 49, 40, 22, 32, 20, 22, 18, 16, 20, 14, 11, 8, 4, 1, 1]
YTOT: [2, 2, 8, 8, 11, 13, 15, 17, 20, 24, 30, 35, 40, 46, 56, 65, 74, 87, 105, 125, 148, 179, 219, 257, 294, 330, 361, 392, 418, 451, 484, 520, 549, 581, 620, 663, 717, 776, 822, 879, 928, 968, 990, 1022, 1042, 1064, 1082, 1098, 1118, 1132, 1143, 1151, 1155, 1156, 1157]

INFO: Total Population: 446449
INFO: R0: 2
INFO: Incubation Period: 5
INFO: Illness Period: 12
X:[0, 1, 2, 3, 4, 5, 6, 7, 8, 9, 10, 11, 12, 13, 14, 15, 16, 17, 18, 19, 20, 21, 22, 23, 24, 25, 26, 27, 28, 29, 30, 31, 32, 33, 34, 35, 36, 37, 38, 39, 40, 41, 42, 43, 44, 45, 46, 47, 48, 49, 50, 51, 52, 53, 54]
YNEW:[2, 0, 6, 0, 3, 2, 2, 2, 3, 4, 6, 5, 5, 6, 10, 9, 9, 13, 18, 20, 23, 31, 40, 38, 37, 36, 31, 31, 26, 33, 33, 36, 29, 32, 39, 43, 54, 59, 46, 57, 49, 40, 27, 19, 31, 19, 13, 9, 13, 7, 9, 4, 4, 1]
YTOT: [2, 2, 8, 8, 11, 13, 15, 17, 20, 24, 30, 35, 40, 46, 56, 65, 74, 87, 105, 125, 148, 179, 219, 257, 294, 330, 361, 392, 418, 451, 484, 520, 549, 581, 620, 663, 717, 776, 822, 879, 928, 968, 995, 1014, 1045, 1064, 1077, 1086, 1099, 1106, 1115, 1119, 1123, 1124]

INFO: Total Population: 446449
INFO: R0: 2
INFO: Incubation Period: 5
INFO: Illness Period: 12
X:[0, 1, 2, 3, 4, 5, 6, 7, 8, 9, 10, 11, 12, 13, 14, 15, 16, 17, 18, 19, 20, 21, 22, 23, 24, 25, 26, 27, 28, 29, 30, 31, 32, 33, 34, 35, 36, 37, 38, 39, 40, 41, 42, 43, 44, 45, 46, 47, 48, 49, 50, 51, 52, 53, 54]
YNEW:[2, 0, 6, 0, 3, 2, 2, 2, 3, 4, 6, 5, 5, 6, 10, 9, 9, 13, 18, 20, 23, 31, 40, 38, 37, 36, 31, 31, 26, 33, 33, 36, 29, 32, 39, 43, 54, 59, 46, 57, 49, 40, 14, 22, 13, 22, 18, 15, 10, 10, 8, 8, 4, 1]
YTOT: [2, 2, 8, 8, 11, 13, 15, 17, 20, 24, 30, 35, 40, 46, 56, 65, 74, 87, 105, 125, 148, 179, 219, 257, 294, 330, 361, 392, 418, 451, 484, 520, 549, 581, 620, 663, 717, 776, 822, 879, 928, 968, 982, 1004, 1017, 1039, 1057, 1072, 1082, 1092, 1100, 1108, 1112, 1113]

INFO: Total Population: 446449
INFO: R0: 2
INFO: Incubation Period: 5
INFO: Illness Period: 12
X:[0, 1, 2, 3, 4, 5, 6, 7, 8, 9, 10, 11, 12, 13, 14, 15, 16, 17, 18, 19, 20, 21, 22, 23, 24, 25, 26, 27, 28, 29, 30, 31, 32, 33, 34, 35, 36, 37, 38, 39, 40, 41, 42, 43, 44, 45, 46, 47, 48, 49, 50, 51, 52, 53, 54, 55, 56, 57]
YNEW:[2, 0, 6, 0, 3, 2, 2, 2, 3, 4, 6, 5, 5, 6, 10, 9, 9, 13, 18, 20, 23, 31, 40, 38, 37, 36, 31, 31, 26, 33, 33, 36, 29, 32, 39, 43, 54, 59, 46, 57, 49, 40, 23, 22, 28, 22, 16, 10, 13, 14, 10, 11, 4, 3, 1, 1, 1]
YTOT: [2, 2, 8, 8, 11, 13, 15, 17, 20, 24, 30, 35, 40, 46, 56, 65, 74, 87, 105, 125, 148, 179, 219, 257, 294, 330, 361, 392, 418, 451, 484, 520, 549, 581, 620, 663, 717, 776, 822, 879, 928, 968, 991, 1013, 1041, 1063, 1079, 1089, 1102, 1116, 1126, 1137, 1141, 1144, 1145, 1146, 1147]

INFO: Total Population: 446449
INFO: R0: 2
INFO: Incubation Period: 5
INFO: Illness Period: 12
X:[0, 1, 2, 3, 4, 5, 6, 7, 8, 9, 10, 11, 12, 13, 14, 15, 16, 17, 18, 19, 20, 21, 22, 23, 24, 25, 26, 27, 28, 29, 30, 31, 32, 33, 34, 35, 36, 37, 38, 39, 40, 41, 42, 43, 44, 45, 46, 47, 48, 49, 50, 51, 52, 53, 54, 55, 56, 57]
YNEW:[2, 0, 6, 0, 3, 2, 2, 2, 3, 4, 6, 5, 5, 6, 10, 9, 9, 13, 18, 20, 23, 31, 40, 38, 37, 36, 31, 31, 26, 33, 33, 36, 29, 32, 39, 43, 54, 59, 46, 57, 49, 40, 23, 36, 19, 21, 14, 17, 12, 13, 9, 6, 9, 3, 1, 1, 3]
YTOT: [2, 2, 8, 8, 11, 13, 15, 17, 20, 24, 30, 35, 40, 46, 56, 65, 74, 87, 105, 125, 148, 179, 219, 257, 294, 330, 361, 392, 418, 451, 484, 520, 549, 581, 620, 663, 717, 776, 822, 879, 928, 968, 991, 1027, 1046, 1067, 1081, 1098, 1110, 1123, 1132, 1138, 1147, 1150, 1151, 1152, 1155]

INFO: Total Population: 446449
INFO: R0: 2
INFO: Incubation Period: 5
INFO: Illness Period: 12
X:[0, 1, 2, 3, 4, 5, 6, 7, 8, 9, 10, 11, 12, 13, 14, 15, 16, 17, 18, 19, 20, 21, 22, 23, 24, 25, 26, 27, 28, 29, 30, 31, 32, 33, 34, 35, 36, 37, 38, 39, 40, 41, 42, 43, 44, 45, 46, 47, 48, 49, 50, 51, 52, 53, 54]
YNEW:[2, 0, 6, 0, 3, 2, 2, 2, 3, 4, 6, 5, 5, 6, 10, 9, 9, 13, 18, 20, 23, 31, 40, 38, 37, 36, 31, 31, 26, 33, 33, 36, 29, 32, 39, 43, 54, 59, 46, 57, 49, 40, 23, 21, 26, 25, 14, 19, 21, 11, 9, 8, 4, 5]
YTOT: [2, 2, 8, 8, 11, 13, 15, 17, 20, 24, 30, 35, 40, 46, 56, 65, 74, 87, 105, 125, 148, 179, 219, 257, 294, 330, 361, 392, 418, 451, 484, 520, 549, 581, 620, 663, 717, 776, 822, 879, 928, 968, 991, 1012, 1038, 1063, 1077, 1096, 1117, 1128, 1137, 1145, 1149, 1154]

INFO: Total Population: 446449
INFO: R0: 2
INFO: Incubation Period: 5
INFO: Illness Period: 12
X:[0, 1, 2, 3, 4, 5, 6, 7, 8, 9, 10, 11, 12, 13, 14, 15, 16, 17, 18, 19, 20, 21, 22, 23, 24, 25, 26, 27, 28, 29, 30, 31, 32, 33, 34, 35, 36, 37, 38, 39, 40, 41, 42, 43, 44, 45, 46, 47, 48, 49, 50, 51, 52, 53, 54]
YNEW:[2, 0, 6, 0, 3, 2, 2, 2, 3, 4, 6, 5, 5, 6, 10, 9, 9, 13, 18, 20, 23, 31, 40, 38, 37, 36, 31, 31, 26, 33, 33, 36, 29, 32, 39, 43, 54, 59, 46, 57, 49, 40, 14, 15, 21, 21, 21, 18, 17, 13, 8, 7, 2, 2]
YTOT: [2, 2, 8, 8, 11, 13, 15, 17, 20, 24, 30, 35, 40, 46, 56, 65, 74, 87, 105, 125, 148, 179, 219, 257, 294, 330, 361, 392, 418, 451, 484, 520, 549, 581, 620, 663, 717, 776, 822, 879, 928, 968, 982, 997, 1018, 1039, 1060, 1078, 1095, 1108, 1116, 1123, 1125, 1127]

INFO: Total Population: 446449
INFO: R0: 2
INFO: Incubation Period: 5
INFO: Illness Period: 12
X:[0, 1, 2, 3, 4, 5, 6, 7, 8, 9, 10, 11, 12, 13, 14, 15, 16, 17, 18, 19, 20, 21, 22, 23, 24, 25, 26, 27, 28, 29, 30, 31, 32, 33, 34, 35, 36, 37, 38, 39, 40, 41, 42, 43, 44, 45, 46, 47, 48, 49, 50, 51, 52, 53]
YNEW:[2, 0, 6, 0, 3, 2, 2, 2, 3, 4, 6, 5, 5, 6, 10, 9, 9, 13, 18, 20, 23, 31, 40, 38, 37, 36, 31, 31, 26, 33, 33, 36, 29, 32, 39, 43, 54, 59, 46, 57, 49, 40, 19, 18, 15, 22, 23, 16, 14, 11, 6, 7, 2]
YTOT: [2, 2, 8, 8, 11, 13, 15, 17, 20, 24, 30, 35, 40, 46, 56, 65, 74, 87, 105, 125, 148, 179, 219, 257, 294, 330, 361, 392, 418, 451, 484, 520, 549, 581, 620, 663, 717, 776, 822, 879, 928, 968, 987, 1005, 1020, 1042, 1065, 1081, 1095, 1106, 1112, 1119, 1121]

INFO: Total Population: 446449
INFO: R0: 2
INFO: Incubation Period: 5
INFO: Illness Period: 12
X:[0, 1, 2, 3, 4, 5, 6, 7, 8, 9, 10, 11, 12, 13, 14, 15, 16, 17, 18, 19, 20, 21, 22, 23, 24, 25, 26, 27, 28, 29, 30, 31, 32, 33, 34, 35, 36, 37, 38, 39, 40, 41, 42, 43, 44, 45, 46, 47, 48, 49, 50, 51, 52, 53, 54, 55]
YNEW:[2, 0, 6, 0, 3, 2, 2, 2, 3, 4, 6, 5, 5, 6, 10, 9, 9, 13, 18, 20, 23, 31, 40, 38, 37, 36, 31, 31, 26, 33, 33, 36, 29, 32, 39, 43, 54, 59, 46, 57, 49, 40, 28, 26, 25, 11, 15, 15, 12, 19, 19, 11, 6, 3, 1]
YTOT: [2, 2, 8, 8, 11, 13, 15, 17, 20, 24, 30, 35, 40, 46, 56, 65, 74, 87, 105, 125, 148, 179, 219, 257, 294, 330, 361, 392, 418, 451, 484, 520, 549, 581, 620, 663, 717, 776, 822, 879, 928, 968, 996, 1022, 1047, 1058, 1073, 1088, 1100, 1119, 1138, 1149, 1155, 1158, 1159]

INFO: Total Population: 446449
INFO: R0: 2
INFO: Incubation Period: 5
INFO: Illness Period: 12
X:[0, 1, 2, 3, 4, 5, 6, 7, 8, 9, 10, 11, 12, 13, 14, 15, 16, 17, 18, 19, 20, 21, 22, 23, 24, 25, 26, 27, 28, 29, 30, 31, 32, 33, 34, 35, 36, 37, 38, 39, 40, 41, 42, 43, 44, 45, 46, 47, 48, 49, 50, 51, 52, 53, 54, 55]
YNEW:[2, 0, 6, 0, 3, 2, 2, 2, 3, 4, 6, 5, 5, 6, 10, 9, 9, 13, 18, 20, 23, 31, 40, 38, 37, 36, 31, 31, 26, 33, 33, 36, 29, 32, 39, 43, 54, 59, 46, 57, 49, 40, 25, 17, 18, 17, 18, 18, 20, 6, 14, 7, 4, 3, 1]
YTOT: [2, 2, 8, 8, 11, 13, 15, 17, 20, 24, 30, 35, 40, 46, 56, 65, 74, 87, 105, 125, 148, 179, 219, 257, 294, 330, 361, 392, 418, 451, 484, 520, 549, 581, 620, 663, 717, 776, 822, 879, 928, 968, 993, 1010, 1028, 1045, 1063, 1081, 1101, 1107, 1121, 1128, 1132, 1135, 1136]

INFO: Total Population: 446449
INFO: R0: 2
INFO: Incubation Period: 5
INFO: Illness Period: 12
X:[0, 1, 2, 3, 4, 5, 6, 7, 8, 9, 10, 11, 12, 13, 14, 15, 16, 17, 18, 19, 20, 21, 22, 23, 24, 25, 26, 27, 28, 29, 30, 31, 32, 33, 34, 35, 36, 37, 38, 39, 40, 41, 42, 43, 44, 45, 46, 47, 48, 49, 50, 51, 52, 53, 54, 55, 56]
YNEW:[2, 0, 6, 0, 3, 2, 2, 2, 3, 4, 6, 5, 5, 6, 10, 9, 9, 13, 18, 20, 23, 31, 40, 38, 37, 36, 31, 31, 26, 33, 33, 36, 29, 32, 39, 43, 54, 59, 46, 57, 49, 40, 20, 24, 16, 15, 22, 16, 13, 19, 11, 13, 3, 6, 1, 2]
YTOT: [2, 2, 8, 8, 11, 13, 15, 17, 20, 24, 30, 35, 40, 46, 56, 65, 74, 87, 105, 125, 148, 179, 219, 257, 294, 330, 361, 392, 418, 451, 484, 520, 549, 581, 620, 663, 717, 776, 822, 879, 928, 968, 988, 1012, 1028, 1043, 1065, 1081, 1094, 1113, 1124, 1137, 1140, 1146, 1147, 1149]

INFO: Total Population: 446449
INFO: R0: 2
INFO: Incubation Period: 5
INFO: Illness Period: 12
X:[0, 1, 2, 3, 4, 5, 6, 7, 8, 9, 10, 11, 12, 13, 14, 15, 16, 17, 18, 19, 20, 21, 22, 23, 24, 25, 26, 27, 28, 29, 30, 31, 32, 33, 34, 35, 36, 37, 38, 39, 40, 41, 42, 43, 44, 45, 46, 47, 48, 49, 50, 51, 52, 53, 54]
YNEW:[2, 0, 6, 0, 3, 2, 2, 2, 3, 4, 6, 5, 5, 6, 10, 9, 9, 13, 18, 20, 23, 31, 40, 38, 37, 36, 31, 31, 26, 33, 33, 36, 29, 32, 39, 43, 54, 59, 46, 57, 49, 40, 31, 25, 23, 16, 17, 17, 15, 12, 9, 11, 5, 1]
YTOT: [2, 2, 8, 8, 11, 13, 15, 17, 20, 24, 30, 35, 40, 46, 56, 65, 74, 87, 105, 125, 148, 179, 219, 257, 294, 330, 361, 392, 418, 451, 484, 520, 549, 581, 620, 663, 717, 776, 822, 879, 928, 968, 999, 1024, 1047, 1063, 1080, 1097, 1112, 1124, 1133, 1144, 1149, 1150]

INFO: Total Population: 446449
INFO: R0: 2
INFO: Incubation Period: 5
INFO: Illness Period: 12
X:[0, 1, 2, 3, 4, 5, 6, 7, 8, 9, 10, 11, 12, 13, 14, 15, 16, 17, 18, 19, 20, 21, 22, 23, 24, 25, 26, 27, 28, 29, 30, 31, 32, 33, 34, 35, 36, 37, 38, 39, 40, 41, 42, 43, 44, 45, 46, 47, 48, 49, 50, 51, 52, 53, 54, 55]
YNEW:[2, 0, 6, 0, 3, 2, 2, 2, 3, 4, 6, 5, 5, 6, 10, 9, 9, 13, 18, 20, 23, 31, 40, 38, 37, 36, 31, 31, 26, 33, 33, 36, 29, 32, 39, 43, 54, 59, 46, 57, 49, 40, 22, 25, 32, 11, 19, 12, 12, 14, 7, 14, 3, 3, 1]
YTOT: [2, 2, 8, 8, 11, 13, 15, 17, 20, 24, 30, 35, 40, 46, 56, 65, 74, 87, 105, 125, 148, 179, 219, 257, 294, 330, 361, 392, 418, 451, 484, 520, 549, 581, 620, 663, 717, 776, 822, 879, 928, 968, 990, 1015, 1047, 1058, 1077, 1089, 1101, 1115, 1122, 1136, 1139, 1142, 1143]

INFO: Total Population: 446449
INFO: R0: 2
INFO: Incubation Period: 5
INFO: Illness Period: 12
X:[0, 1, 2, 3, 4, 5, 6, 7, 8, 9, 10, 11, 12, 13, 14, 15, 16, 17, 18, 19, 20, 21, 22, 23, 24, 25, 26, 27, 28, 29, 30, 31, 32, 33, 34, 35, 36, 37, 38, 39, 40, 41, 42, 43, 44, 45, 46, 47, 48, 49, 50, 51, 52, 53]
YNEW:[2, 0, 6, 0, 3, 2, 2, 2, 3, 4, 6, 5, 5, 6, 10, 9, 9, 13, 18, 20, 23, 31, 40, 38, 37, 36, 31, 31, 26, 33, 33, 36, 29, 32, 39, 43, 54, 59, 46, 57, 49, 40, 23, 30, 14, 20, 19, 16, 13, 10, 8, 4, 4]
YTOT: [2, 2, 8, 8, 11, 13, 15, 17, 20, 24, 30, 35, 40, 46, 56, 65, 74, 87, 105, 125, 148, 179, 219, 257, 294, 330, 361, 392, 418, 451, 484, 520, 549, 581, 620, 663, 717, 776, 822, 879, 928, 968, 991, 1021, 1035, 1055, 1074, 1090, 1103, 1113, 1121, 1125, 1129]

INFO: Total Population: 446449
INFO: R0: 2
INFO: Incubation Period: 5
INFO: Illness Period: 12
X:[0, 1, 2, 3, 4, 5, 6, 7, 8, 9, 10, 11, 12, 13, 14, 15, 16, 17, 18, 19, 20, 21, 22, 23, 24, 25, 26, 27, 28, 29, 30, 31, 32, 33, 34, 35, 36, 37, 38, 39, 40, 41, 42, 43, 44, 45, 46, 47, 48, 49, 50, 51, 52, 53, 54]
YNEW:[2, 0, 6, 0, 3, 2, 2, 2, 3, 4, 6, 5, 5, 6, 10, 9, 9, 13, 18, 20, 23, 31, 40, 38, 37, 36, 31, 31, 26, 33, 33, 36, 29, 32, 39, 43, 54, 59, 46, 57, 49, 40, 22, 21, 15, 25, 13, 9, 21, 8, 6, 7, 7, 3]
YTOT: [2, 2, 8, 8, 11, 13, 15, 17, 20, 24, 30, 35, 40, 46, 56, 65, 74, 87, 105, 125, 148, 179, 219, 257, 294, 330, 361, 392, 418, 451, 484, 520, 549, 581, 620, 663, 717, 776, 822, 879, 928, 968, 990, 1011, 1026, 1051, 1064, 1073, 1094, 1102, 1108, 1115, 1122, 1125]

INFO: Total Population: 446449
INFO: R0: 2
INFO: Incubation Period: 5
INFO: Illness Period: 12
X:[0, 1, 2, 3, 4, 5, 6, 7, 8, 9, 10, 11, 12, 13, 14, 15, 16, 17, 18, 19, 20, 21, 22, 23, 24, 25, 26, 27, 28, 29, 30, 31, 32, 33, 34, 35, 36, 37, 38, 39, 40, 41, 42, 43, 44, 45, 46, 47, 48, 49, 50, 51, 52, 53, 54, 55, 56, 57]
YNEW:[2, 0, 6, 0, 3, 2, 2, 2, 3, 4, 6, 5, 5, 6, 10, 9, 9, 13, 18, 20, 23, 31, 40, 38, 37, 36, 31, 31, 26, 33, 33, 36, 29, 32, 39, 43, 54, 59, 46, 57, 49, 40, 29, 21, 22, 16, 12, 18, 14, 13, 12, 11, 4, 3, 1, 1, 1]
YTOT: [2, 2, 8, 8, 11, 13, 15, 17, 20, 24, 30, 35, 40, 46, 56, 65, 74, 87, 105, 125, 148, 179, 219, 257, 294, 330, 361, 392, 418, 451, 484, 520, 549, 581, 620, 663, 717, 776, 822, 879, 928, 968, 997, 1018, 1040, 1056, 1068, 1086, 1100, 1113, 1125, 1136, 1140, 1143, 1144, 1145, 1146]

INFO: Total Population: 446449
INFO: R0: 2
INFO: Incubation Period: 5
INFO: Illness Period: 12
X:[0, 1, 2, 3, 4, 5, 6, 7, 8, 9, 10, 11, 12, 13, 14, 15, 16, 17, 18, 19, 20, 21, 22, 23, 24, 25, 26, 27, 28, 29, 30, 31, 32, 33, 34, 35, 36, 37, 38, 39, 40, 41, 42, 43, 44, 45, 46, 47, 48, 49, 50, 51, 52, 53, 54]
YNEW:[2, 0, 6, 0, 3, 2, 2, 2, 3, 4, 6, 5, 5, 6, 10, 9, 9, 13, 18, 20, 23, 31, 40, 38, 37, 36, 31, 31, 26, 33, 33, 36, 29, 32, 39, 43, 54, 59, 46, 57, 49, 40, 21, 18, 21, 20, 22, 17, 16, 12, 9, 6, 1, 2]
YTOT: [2, 2, 8, 8, 11, 13, 15, 17, 20, 24, 30, 35, 40, 46, 56, 65, 74, 87, 105, 125, 148, 179, 219, 257, 294, 330, 361, 392, 418, 451, 484, 520, 549, 581, 620, 663, 717, 776, 822, 879, 928, 968, 989, 1007, 1028, 1048, 1070, 1087, 1103, 1115, 1124, 1130, 1131, 1133]

INFO: Total Population: 446449
INFO: R0: 2
INFO: Incubation Period: 5
INFO: Illness Period: 12
X:[0, 1, 2, 3, 4, 5, 6, 7, 8, 9, 10, 11, 12, 13, 14, 15, 16, 17, 18, 19, 20, 21, 22, 23, 24, 25, 26, 27, 28, 29, 30, 31, 32, 33, 34, 35, 36, 37, 38, 39, 40, 41, 42, 43, 44, 45, 46, 47, 48, 49, 50, 51, 52, 53, 54]
YNEW:[2, 0, 6, 0, 3, 2, 2, 2, 3, 4, 6, 5, 5, 6, 10, 9, 9, 13, 18, 20, 23, 31, 40, 38, 37, 36, 31, 31, 26, 33, 33, 36, 29, 32, 39, 43, 54, 59, 46, 57, 49, 40, 16, 26, 16, 27, 12, 15, 9, 8, 9, 6, 5, 1]
YTOT: [2, 2, 8, 8, 11, 13, 15, 17, 20, 24, 30, 35, 40, 46, 56, 65, 74, 87, 105, 125, 148, 179, 219, 257, 294, 330, 361, 392, 418, 451, 484, 520, 549, 581, 620, 663, 717, 776, 822, 879, 928, 968, 984, 1010, 1026, 1053, 1065, 1080, 1089, 1097, 1106, 1112, 1117, 1118]

INFO: Total Population: 446449
INFO: R0: 2
INFO: Incubation Period: 5
INFO: Illness Period: 12
X:[0, 1, 2, 3, 4, 5, 6, 7, 8, 9, 10, 11, 12, 13, 14, 15, 16, 17, 18, 19, 20, 21, 22, 23, 24, 25, 26, 27, 28, 29, 30, 31, 32, 33, 34, 35, 36, 37, 38, 39, 40, 41, 42, 43, 44, 45, 46, 47, 48, 49, 50, 51, 52, 53, 54]
YNEW:[2, 0, 6, 0, 3, 2, 2, 2, 3, 4, 6, 5, 5, 6, 10, 9, 9, 13, 18, 20, 23, 31, 40, 38, 37, 36, 31, 31, 26, 33, 33, 36, 29, 32, 39, 43, 54, 59, 46, 57, 49, 40, 17, 28, 23, 18, 19, 14, 20, 9, 12, 4, 4, 1]
YTOT: [2, 2, 8, 8, 11, 13, 15, 17, 20, 24, 30, 35, 40, 46, 56, 65, 74, 87, 105, 125, 148, 179, 219, 257, 294, 330, 361, 392, 418, 451, 484, 520, 549, 581, 620, 663, 717, 776, 822, 879, 928, 968, 985, 1013, 1036, 1054, 1073, 1087, 1107, 1116, 1128, 1132, 1136, 1137]

INFO: Total Population: 446449
INFO: R0: 2
INFO: Incubation Period: 5
INFO: Illness Period: 12
X:[0, 1, 2, 3, 4, 5, 6, 7, 8, 9, 10, 11, 12, 13, 14, 15, 16, 17, 18, 19, 20, 21, 22, 23, 24, 25, 26, 27, 28, 29, 30, 31, 32, 33, 34, 35, 36, 37, 38, 39, 40, 41, 42, 43, 44, 45, 46, 47, 48, 49, 50, 51, 52, 53, 54]
YNEW:[2, 0, 6, 0, 3, 2, 2, 2, 3, 4, 6, 5, 5, 6, 10, 9, 9, 13, 18, 20, 23, 31, 40, 38, 37, 36, 31, 31, 26, 33, 33, 36, 29, 32, 39, 43, 54, 59, 46, 57, 49, 40, 19, 25, 18, 24, 16, 13, 11, 10, 10, 5, 3, 3]
YTOT: [2, 2, 8, 8, 11, 13, 15, 17, 20, 24, 30, 35, 40, 46, 56, 65, 74, 87, 105, 125, 148, 179, 219, 257, 294, 330, 361, 392, 418, 451, 484, 520, 549, 581, 620, 663, 717, 776, 822, 879, 928, 968, 987, 1012, 1030, 1054, 1070, 1083, 1094, 1104, 1114, 1119, 1122, 1125]

INFO: Total Population: 446449
INFO: R0: 2
INFO: Incubation Period: 5
INFO: Illness Period: 12
X:[0, 1, 2, 3, 4, 5, 6, 7, 8, 9, 10, 11, 12, 13, 14, 15, 16, 17, 18, 19, 20, 21, 22, 23, 24, 25, 26, 27, 28, 29, 30, 31, 32, 33, 34, 35, 36, 37, 38, 39, 40, 41, 42, 43, 44, 45, 46, 47, 48, 49, 50, 51, 52, 53, 54]
YNEW:[2, 0, 6, 0, 3, 2, 2, 2, 3, 4, 6, 5, 5, 6, 10, 9, 9, 13, 18, 20, 23, 31, 40, 38, 37, 36, 31, 31, 26, 33, 33, 36, 29, 32, 39, 43, 54, 59, 46, 57, 49, 40, 26, 23, 18, 20, 15, 14, 13, 13, 13, 6, 6, 1]
YTOT: [2, 2, 8, 8, 11, 13, 15, 17, 20, 24, 30, 35, 40, 46, 56, 65, 74, 87, 105, 125, 148, 179, 219, 257, 294, 330, 361, 392, 418, 451, 484, 520, 549, 581, 620, 663, 717, 776, 822, 879, 928, 968, 994, 1017, 1035, 1055, 1070, 1084, 1097, 1110, 1123, 1129, 1135, 1136]

INFO: Total Population: 446449
INFO: R0: 2
INFO: Incubation Period: 5
INFO: Illness Period: 12
X:[0, 1, 2, 3, 4, 5, 6, 7, 8, 9, 10, 11, 12, 13, 14, 15, 16, 17, 18, 19, 20, 21, 22, 23, 24, 25, 26, 27, 28, 29, 30, 31, 32, 33, 34, 35, 36, 37, 38, 39, 40, 41, 42, 43, 44, 45, 46, 47, 48, 49, 50, 51, 52, 53, 54, 55]
YNEW:[2, 0, 6, 0, 3, 2, 2, 2, 3, 4, 6, 5, 5, 6, 10, 9, 9, 13, 18, 20, 23, 31, 40, 38, 37, 36, 31, 31, 26, 33, 33, 36, 29, 32, 39, 43, 54, 59, 46, 57, 49, 40, 30, 26, 20, 21, 15, 20, 18, 12, 12, 5, 6, 5, 2]
YTOT: [2, 2, 8, 8, 11, 13, 15, 17, 20, 24, 30, 35, 40, 46, 56, 65, 74, 87, 105, 125, 148, 179, 219, 257, 294, 330, 361, 392, 418, 451, 484, 520, 549, 581, 620, 663, 717, 776, 822, 879, 928, 968, 998, 1024, 1044, 1065, 1080, 1100, 1118, 1130, 1142, 1147, 1153, 1158, 1160]

INFO: Total Population: 446449
INFO: R0: 2
INFO: Incubation Period: 5
INFO: Illness Period: 12
X:[0, 1, 2, 3, 4, 5, 6, 7, 8, 9, 10, 11, 12, 13, 14, 15, 16, 17, 18, 19, 20, 21, 22, 23, 24, 25, 26, 27, 28, 29, 30, 31, 32, 33, 34, 35, 36, 37, 38, 39, 40, 41, 42, 43, 44, 45, 46, 47, 48, 49, 50, 51, 52, 53, 54, 55]
YNEW:[2, 0, 6, 0, 3, 2, 2, 2, 3, 4, 6, 5, 5, 6, 10, 9, 9, 13, 18, 20, 23, 31, 40, 38, 37, 36, 31, 31, 26, 33, 33, 36, 29, 32, 39, 43, 54, 59, 46, 57, 49, 40, 18, 19, 22, 28, 12, 14, 16, 9, 7, 10, 9, 1, 1]
YTOT: [2, 2, 8, 8, 11, 13, 15, 17, 20, 24, 30, 35, 40, 46, 56, 65, 74, 87, 105, 125, 148, 179, 219, 257, 294, 330, 361, 392, 418, 451, 484, 520, 549, 581, 620, 663, 717, 776, 822, 879, 928, 968, 986, 1005, 1027, 1055, 1067, 1081, 1097, 1106, 1113, 1123, 1132, 1133, 1134]

INFO: Total Population: 446449
INFO: R0: 2
INFO: Incubation Period: 5
INFO: Illness Period: 12
X:[0, 1, 2, 3, 4, 5, 6, 7, 8, 9, 10, 11, 12, 13, 14, 15, 16, 17, 18, 19, 20, 21, 22, 23, 24, 25, 26, 27, 28, 29, 30, 31, 32, 33, 34, 35, 36, 37, 38, 39, 40, 41, 42, 43, 44, 45, 46, 47, 48, 49, 50, 51, 52, 53, 54, 55]
YNEW:[2, 0, 6, 0, 3, 2, 2, 2, 3, 4, 6, 5, 5, 6, 10, 9, 9, 13, 18, 20, 23, 31, 40, 38, 37, 36, 31, 31, 26, 33, 33, 36, 29, 32, 39, 43, 54, 59, 46, 57, 49, 40, 23, 16, 24, 14, 18, 16, 17, 11, 8, 7, 4, 4, 1]
YTOT: [2, 2, 8, 8, 11, 13, 15, 17, 20, 24, 30, 35, 40, 46, 56, 65, 74, 87, 105, 125, 148, 179, 219, 257, 294, 330, 361, 392, 418, 451, 484, 520, 549, 581, 620, 663, 717, 776, 822, 879, 928, 968, 991, 1007, 1031, 1045, 1063, 1079, 1096, 1107, 1115, 1122, 1126, 1130, 1131]

INFO: Total Population: 446449
INFO: R0: 2
INFO: Incubation Period: 5
INFO: Illness Period: 12
X:[0, 1, 2, 3, 4, 5, 6, 7, 8, 9, 10, 11, 12, 13, 14, 15, 16, 17, 18, 19, 20, 21, 22, 23, 24, 25, 26, 27, 28, 29, 30, 31, 32, 33, 34, 35, 36, 37, 38, 39, 40, 41, 42, 43, 44, 45, 46, 47, 48, 49, 50, 51, 52, 53, 54, 55, 56, 57]
YNEW:[2, 0, 6, 0, 3, 2, 2, 2, 3, 4, 6, 5, 5, 6, 10, 9, 9, 13, 18, 20, 23, 31, 40, 38, 37, 36, 31, 31, 26, 33, 33, 36, 29, 32, 39, 43, 54, 59, 46, 57, 49, 40, 24, 23, 20, 22, 16, 16, 17, 16, 12, 8, 5, 1, 2, 1, 2]
YTOT: [2, 2, 8, 8, 11, 13, 15, 17, 20, 24, 30, 35, 40, 46, 56, 65, 74, 87, 105, 125, 148, 179, 219, 257, 294, 330, 361, 392, 418, 451, 484, 520, 549, 581, 620, 663, 717, 776, 822, 879, 928, 968, 992, 1015, 1035, 1057, 1073, 1089, 1106, 1122, 1134, 1142, 1147, 1148, 1150, 1151, 1153]

INFO: Total Population: 446449
INFO: R0: 2
INFO: Incubation Period: 5
INFO: Illness Period: 12
X:[0, 1, 2, 3, 4, 5, 6, 7, 8, 9, 10, 11, 12, 13, 14, 15, 16, 17, 18, 19, 20, 21, 22, 23, 24, 25, 26, 27, 28, 29, 30, 31, 32, 33, 34, 35, 36, 37, 38, 39, 40, 41, 42, 43, 44, 45, 46, 47, 48, 49, 50, 51, 52, 53, 54]
YNEW:[2, 0, 6, 0, 3, 2, 2, 2, 3, 4, 6, 5, 5, 6, 10, 9, 9, 13, 18, 20, 23, 31, 40, 38, 37, 36, 31, 31, 26, 33, 33, 36, 29, 32, 39, 43, 54, 59, 46, 57, 49, 40, 18, 22, 20, 29, 10, 22, 14, 16, 7, 2, 3, 3]
YTOT: [2, 2, 8, 8, 11, 13, 15, 17, 20, 24, 30, 35, 40, 46, 56, 65, 74, 87, 105, 125, 148, 179, 219, 257, 294, 330, 361, 392, 418, 451, 484, 520, 549, 581, 620, 663, 717, 776, 822, 879, 928, 968, 986, 1008, 1028, 1057, 1067, 1089, 1103, 1119, 1126, 1128, 1131, 1134]

INFO: Total Population: 446449
INFO: R0: 2
INFO: Incubation Period: 5
INFO: Illness Period: 12
X:[0, 1, 2, 3, 4, 5, 6, 7, 8, 9, 10, 11, 12, 13, 14, 15, 16, 17, 18, 19, 20, 21, 22, 23, 24, 25, 26, 27, 28, 29, 30, 31, 32, 33, 34, 35, 36, 37, 38, 39, 40, 41, 42, 43, 44, 45, 46, 47, 48, 49, 50, 51, 52, 53, 54, 55, 56]
YNEW:[2, 0, 6, 0, 3, 2, 2, 2, 3, 4, 6, 5, 5, 6, 10, 9, 9, 13, 18, 20, 23, 31, 40, 38, 37, 36, 31, 31, 26, 33, 33, 36, 29, 32, 39, 43, 54, 59, 46, 57, 49, 40, 27, 16, 25, 17, 19, 16, 18, 15, 11, 7, 6, 1, 1, 1]
YTOT: [2, 2, 8, 8, 11, 13, 15, 17, 20, 24, 30, 35, 40, 46, 56, 65, 74, 87, 105, 125, 148, 179, 219, 257, 294, 330, 361, 392, 418, 451, 484, 520, 549, 581, 620, 663, 717, 776, 822, 879, 928, 968, 995, 1011, 1036, 1053, 1072, 1088, 1106, 1121, 1132, 1139, 1145, 1146, 1147, 1148]

INFO: Total Population: 446449
INFO: R0: 2
INFO: Incubation Period: 5
INFO: Illness Period: 12
X:[0, 1, 2, 3, 4, 5, 6, 7, 8, 9, 10, 11, 12, 13, 14, 15, 16, 17, 18, 19, 20, 21, 22, 23, 24, 25, 26, 27, 28, 29, 30, 31, 32, 33, 34, 35, 36, 37, 38, 39, 40, 41, 42, 43, 44, 45, 46, 47, 48, 49, 50, 51, 52, 53, 54]
YNEW:[2, 0, 6, 0, 3, 2, 2, 2, 3, 4, 6, 5, 5, 6, 10, 9, 9, 13, 18, 20, 23, 31, 40, 38, 37, 36, 31, 31, 26, 33, 33, 36, 29, 32, 39, 43, 54, 59, 46, 57, 49, 40, 18, 23, 20, 24, 24, 14, 14, 14, 8, 9, 1, 1]
YTOT: [2, 2, 8, 8, 11, 13, 15, 17, 20, 24, 30, 35, 40, 46, 56, 65, 74, 87, 105, 125, 148, 179, 219, 257, 294, 330, 361, 392, 418, 451, 484, 520, 549, 581, 620, 663, 717, 776, 822, 879, 928, 968, 986, 1009, 1029, 1053, 1077, 1091, 1105, 1119, 1127, 1136, 1137, 1138]

INFO: Total Population: 446449
INFO: R0: 2
INFO: Incubation Period: 5
INFO: Illness Period: 12
X:[0, 1, 2, 3, 4, 5, 6, 7, 8, 9, 10, 11, 12, 13, 14, 15, 16, 17, 18, 19, 20, 21, 22, 23, 24, 25, 26, 27, 28, 29, 30, 31, 32, 33, 34, 35, 36, 37, 38, 39, 40, 41, 42, 43, 44, 45, 46, 47, 48, 49, 50, 51, 52, 53, 54, 55, 56, 57]
YNEW:[2, 0, 6, 0, 3, 2, 2, 2, 3, 4, 6, 5, 5, 6, 10, 9, 9, 13, 18, 20, 23, 31, 40, 38, 37, 36, 31, 31, 26, 33, 33, 36, 29, 32, 39, 43, 54, 59, 46, 57, 49, 40, 23, 23, 24, 28, 26, 18, 20, 11, 15, 5, 9, 3, 1, 3, 1]
YTOT: [2, 2, 8, 8, 11, 13, 15, 17, 20, 24, 30, 35, 40, 46, 56, 65, 74, 87, 105, 125, 148, 179, 219, 257, 294, 330, 361, 392, 418, 451, 484, 520, 549, 581, 620, 663, 717, 776, 822, 879, 928, 968, 991, 1014, 1038, 1066, 1092, 1110, 1130, 1141, 1156, 1161, 1170, 1173, 1174, 1177, 1178]

INFO: Total Population: 446449
INFO: R0: 2
INFO: Incubation Period: 5
INFO: Illness Period: 12
X:[0, 1, 2, 3, 4, 5, 6, 7, 8, 9, 10, 11, 12, 13, 14, 15, 16, 17, 18, 19, 20, 21, 22, 23, 24, 25, 26, 27, 28, 29, 30, 31, 32, 33, 34, 35, 36, 37, 38, 39, 40, 41, 42, 43, 44, 45, 46, 47, 48, 49, 50, 51, 52, 53, 54]
YNEW:[2, 0, 6, 0, 3, 2, 2, 2, 3, 4, 6, 5, 5, 6, 10, 9, 9, 13, 18, 20, 23, 31, 40, 38, 37, 36, 31, 31, 26, 33, 33, 36, 29, 32, 39, 43, 54, 59, 46, 57, 49, 40, 24, 32, 29, 18, 18, 13, 11, 14, 10, 5, 2, 5]
YTOT: [2, 2, 8, 8, 11, 13, 15, 17, 20, 24, 30, 35, 40, 46, 56, 65, 74, 87, 105, 125, 148, 179, 219, 257, 294, 330, 361, 392, 418, 451, 484, 520, 549, 581, 620, 663, 717, 776, 822, 879, 928, 968, 992, 1024, 1053, 1071, 1089, 1102, 1113, 1127, 1137, 1142, 1144, 1149]

INFO: Total Population: 446449
INFO: R0: 2
INFO: Incubation Period: 5
INFO: Illness Period: 12
X:[0, 1, 2, 3, 4, 5, 6, 7, 8, 9, 10, 11, 12, 13, 14, 15, 16, 17, 18, 19, 20, 21, 22, 23, 24, 25, 26, 27, 28, 29, 30, 31, 32, 33, 34, 35, 36, 37, 38, 39, 40, 41, 42, 43, 44, 45, 46, 47, 48, 49, 50, 51, 52, 53, 54]
YNEW:[2, 0, 6, 0, 3, 2, 2, 2, 3, 4, 6, 5, 5, 6, 10, 9, 9, 13, 18, 20, 23, 31, 40, 38, 37, 36, 31, 31, 26, 33, 33, 36, 29, 32, 39, 43, 54, 59, 46, 57, 49, 40, 24, 21, 20, 19, 19, 17, 6, 8, 10, 6, 7, 4]
YTOT: [2, 2, 8, 8, 11, 13, 15, 17, 20, 24, 30, 35, 40, 46, 56, 65, 74, 87, 105, 125, 148, 179, 219, 257, 294, 330, 361, 392, 418, 451, 484, 520, 549, 581, 620, 663, 717, 776, 822, 879, 928, 968, 992, 1013, 1033, 1052, 1071, 1088, 1094, 1102, 1112, 1118, 1125, 1129]

INFO: Total Population: 446449
INFO: R0: 2
INFO: Incubation Period: 5
INFO: Illness Period: 12
X:[0, 1, 2, 3, 4, 5, 6, 7, 8, 9, 10, 11, 12, 13, 14, 15, 16, 17, 18, 19, 20, 21, 22, 23, 24, 25, 26, 27, 28, 29, 30, 31, 32, 33, 34, 35, 36, 37, 38, 39, 40, 41, 42, 43, 44, 45, 46, 47, 48, 49, 50, 51, 52, 53, 54]
YNEW:[2, 0, 6, 0, 3, 2, 2, 2, 3, 4, 6, 5, 5, 6, 10, 9, 9, 13, 18, 20, 23, 31, 40, 38, 37, 36, 31, 31, 26, 33, 33, 36, 29, 32, 39, 43, 54, 59, 46, 57, 49, 40, 23, 22, 26, 20, 20, 18, 8, 5, 11, 4, 2, 3]
YTOT: [2, 2, 8, 8, 11, 13, 15, 17, 20, 24, 30, 35, 40, 46, 56, 65, 74, 87, 105, 125, 148, 179, 219, 257, 294, 330, 361, 392, 418, 451, 484, 520, 549, 581, 620, 663, 717, 776, 822, 879, 928, 968, 991, 1013, 1039, 1059, 1079, 1097, 1105, 1110, 1121, 1125, 1127, 1130]

INFO: Total Population: 446449
INFO: R0: 2
INFO: Incubation Period: 5
INFO: Illness Period: 12
X:[0, 1, 2, 3, 4, 5, 6, 7, 8, 9, 10, 11, 12, 13, 14, 15, 16, 17, 18, 19, 20, 21, 22, 23, 24, 25, 26, 27, 28, 29, 30, 31, 32, 33, 34, 35, 36, 37, 38, 39, 40, 41, 42, 43, 44, 45, 46, 47, 48, 49, 50, 51, 52, 53, 54]
YNEW:[2, 0, 6, 0, 3, 2, 2, 2, 3, 4, 6, 5, 5, 6, 10, 9, 9, 13, 18, 20, 23, 31, 40, 38, 37, 36, 31, 31, 26, 33, 33, 36, 29, 32, 39, 43, 54, 59, 46, 57, 49, 40, 19, 29, 22, 12, 17, 15, 18, 17, 11, 10, 2, 3]
YTOT: [2, 2, 8, 8, 11, 13, 15, 17, 20, 24, 30, 35, 40, 46, 56, 65, 74, 87, 105, 125, 148, 179, 219, 257, 294, 330, 361, 392, 418, 451, 484, 520, 549, 581, 620, 663, 717, 776, 822, 879, 928, 968, 987, 1016, 1038, 1050, 1067, 1082, 1100, 1117, 1128, 1138, 1140, 1143]

INFO: Total Population: 446449
INFO: R0: 2
INFO: Incubation Period: 5
INFO: Illness Period: 12
X:[0, 1, 2, 3, 4, 5, 6, 7, 8, 9, 10, 11, 12, 13, 14, 15, 16, 17, 18, 19, 20, 21, 22, 23, 24, 25, 26, 27, 28, 29, 30, 31, 32, 33, 34, 35, 36, 37, 38, 39, 40, 41, 42, 43, 44, 45, 46, 47, 48, 49, 50, 51, 52, 53, 54]
YNEW:[2, 0, 6, 0, 3, 2, 2, 2, 3, 4, 6, 5, 5, 6, 10, 9, 9, 13, 18, 20, 23, 31, 40, 38, 37, 36, 31, 31, 26, 33, 33, 36, 29, 32, 39, 43, 54, 59, 46, 57, 49, 40, 36, 21, 15, 18, 22, 21, 14, 5, 8, 9, 3, 2]
YTOT: [2, 2, 8, 8, 11, 13, 15, 17, 20, 24, 30, 35, 40, 46, 56, 65, 74, 87, 105, 125, 148, 179, 219, 257, 294, 330, 361, 392, 418, 451, 484, 520, 549, 581, 620, 663, 717, 776, 822, 879, 928, 968, 1004, 1025, 1040, 1058, 1080, 1101, 1115, 1120, 1128, 1137, 1140, 1142]

INFO: Total Population: 446449
INFO: R0: 2
INFO: Incubation Period: 5
INFO: Illness Period: 12
X:[0, 1, 2, 3, 4, 5, 6, 7, 8, 9, 10, 11, 12, 13, 14, 15, 16, 17, 18, 19, 20, 21, 22, 23, 24, 25, 26, 27, 28, 29, 30, 31, 32, 33, 34, 35, 36, 37, 38, 39, 40, 41, 42, 43, 44, 45, 46, 47, 48, 49, 50, 51, 52, 53, 54]
YNEW:[2, 0, 6, 0, 3, 2, 2, 2, 3, 4, 6, 5, 5, 6, 10, 9, 9, 13, 18, 20, 23, 31, 40, 38, 37, 36, 31, 31, 26, 33, 33, 36, 29, 32, 39, 43, 54, 59, 46, 57, 49, 40, 24, 27, 26, 15, 25, 16, 22, 11, 10, 5, 2, 2]
YTOT: [2, 2, 8, 8, 11, 13, 15, 17, 20, 24, 30, 35, 40, 46, 56, 65, 74, 87, 105, 125, 148, 179, 219, 257, 294, 330, 361, 392, 418, 451, 484, 520, 549, 581, 620, 663, 717, 776, 822, 879, 928, 968, 992, 1019, 1045, 1060, 1085, 1101, 1123, 1134, 1144, 1149, 1151, 1153]

INFO: Total Population: 446449
INFO: R0: 2
INFO: Incubation Period: 5
INFO: Illness Period: 12
X:[0, 1, 2, 3, 4, 5, 6, 7, 8, 9, 10, 11, 12, 13, 14, 15, 16, 17, 18, 19, 20, 21, 22, 23, 24, 25, 26, 27, 28, 29, 30, 31, 32, 33, 34, 35, 36, 37, 38, 39, 40, 41, 42, 43, 44, 45, 46, 47, 48, 49, 50, 51, 52, 53, 54]
YNEW:[2, 0, 6, 0, 3, 2, 2, 2, 3, 4, 6, 5, 5, 6, 10, 9, 9, 13, 18, 20, 23, 31, 40, 38, 37, 36, 31, 31, 26, 33, 33, 36, 29, 32, 39, 43, 54, 59, 46, 57, 49, 40, 18, 21, 18, 22, 23, 20, 12, 14, 4, 8, 5, 2]
YTOT: [2, 2, 8, 8, 11, 13, 15, 17, 20, 24, 30, 35, 40, 46, 56, 65, 74, 87, 105, 125, 148, 179, 219, 257, 294, 330, 361, 392, 418, 451, 484, 520, 549, 581, 620, 663, 717, 776, 822, 879, 928, 968, 986, 1007, 1025, 1047, 1070, 1090, 1102, 1116, 1120, 1128, 1133, 1135]

INFO: Total Population: 446449
INFO: R0: 2
INFO: Incubation Period: 5
INFO: Illness Period: 12
X:[0, 1, 2, 3, 4, 5, 6, 7, 8, 9, 10, 11, 12, 13, 14, 15, 16, 17, 18, 19, 20, 21, 22, 23, 24, 25, 26, 27, 28, 29, 30, 31, 32, 33, 34, 35, 36, 37, 38, 39, 40, 41, 42, 43, 44, 45, 46, 47, 48, 49, 50, 51, 52, 53, 54]
YNEW:[2, 0, 6, 0, 3, 2, 2, 2, 3, 4, 6, 5, 5, 6, 10, 9, 9, 13, 18, 20, 23, 31, 40, 38, 37, 36, 31, 31, 26, 33, 33, 36, 29, 32, 39, 43, 54, 59, 46, 57, 49, 40, 20, 27, 19, 19, 18, 11, 13, 15, 10, 3, 4, 1]
YTOT: [2, 2, 8, 8, 11, 13, 15, 17, 20, 24, 30, 35, 40, 46, 56, 65, 74, 87, 105, 125, 148, 179, 219, 257, 294, 330, 361, 392, 418, 451, 484, 520, 549, 581, 620, 663, 717, 776, 822, 879, 928, 968, 988, 1015, 1034, 1053, 1071, 1082, 1095, 1110, 1120, 1123, 1127, 1128]

INFO: Total Population: 446449
INFO: R0: 2
INFO: Incubation Period: 5
INFO: Illness Period: 12
X:[0, 1, 2, 3, 4, 5, 6, 7, 8, 9, 10, 11, 12, 13, 14, 15, 16, 17, 18, 19, 20, 21, 22, 23, 24, 25, 26, 27, 28, 29, 30, 31, 32, 33, 34, 35, 36, 37, 38, 39, 40, 41, 42, 43, 44, 45, 46, 47, 48, 49, 50, 51, 52, 53, 54, 55, 56]
YNEW:[2, 0, 6, 0, 3, 2, 2, 2, 3, 4, 6, 5, 5, 6, 10, 9, 9, 13, 18, 20, 23, 31, 40, 38, 37, 36, 31, 31, 26, 33, 33, 36, 29, 32, 39, 43, 54, 59, 46, 57, 49, 40, 20, 21, 21, 16, 14, 15, 13, 14, 11, 6, 2, 5, 1, 1]
YTOT: [2, 2, 8, 8, 11, 13, 15, 17, 20, 24, 30, 35, 40, 46, 56, 65, 74, 87, 105, 125, 148, 179, 219, 257, 294, 330, 361, 392, 418, 451, 484, 520, 549, 581, 620, 663, 717, 776, 822, 879, 928, 968, 988, 1009, 1030, 1046, 1060, 1075, 1088, 1102, 1113, 1119, 1121, 1126, 1127, 1128]

INFO: Total Population: 446449
INFO: R0: 2
INFO: Incubation Period: 5
INFO: Illness Period: 12
X:[0, 1, 2, 3, 4, 5, 6, 7, 8, 9, 10, 11, 12, 13, 14, 15, 16, 17, 18, 19, 20, 21, 22, 23, 24, 25, 26, 27, 28, 29, 30, 31, 32, 33, 34, 35, 36, 37, 38, 39, 40, 41, 42, 43, 44, 45, 46, 47, 48, 49, 50, 51, 52, 53, 54]
YNEW:[2, 0, 6, 0, 3, 2, 2, 2, 3, 4, 6, 5, 5, 6, 10, 9, 9, 13, 18, 20, 23, 31, 40, 38, 37, 36, 31, 31, 26, 33, 33, 36, 29, 32, 39, 43, 54, 59, 46, 57, 49, 40, 21, 25, 31, 19, 15, 17, 16, 10, 5, 5, 6, 1]
YTOT: [2, 2, 8, 8, 11, 13, 15, 17, 20, 24, 30, 35, 40, 46, 56, 65, 74, 87, 105, 125, 148, 179, 219, 257, 294, 330, 361, 392, 418, 451, 484, 520, 549, 581, 620, 663, 717, 776, 822, 879, 928, 968, 989, 1014, 1045, 1064, 1079, 1096, 1112, 1122, 1127, 1132, 1138, 1139]

INFO: Total Population: 446449
INFO: R0: 2
INFO: Incubation Period: 5
INFO: Illness Period: 12
X:[0, 1, 2, 3, 4, 5, 6, 7, 8, 9, 10, 11, 12, 13, 14, 15, 16, 17, 18, 19, 20, 21, 22, 23, 24, 25, 26, 27, 28, 29, 30, 31, 32, 33, 34, 35, 36, 37, 38, 39, 40, 41, 42, 43, 44, 45, 46, 47, 48, 49, 50, 51, 52, 53]
YNEW:[2, 0, 6, 0, 3, 2, 2, 2, 3, 4, 6, 5, 5, 6, 10, 9, 9, 13, 18, 20, 23, 31, 40, 38, 37, 36, 31, 31, 26, 33, 33, 36, 29, 32, 39, 43, 54, 59, 46, 57, 49, 40, 15, 30, 25, 21, 23, 12, 11, 13, 7, 6, 4]
YTOT: [2, 2, 8, 8, 11, 13, 15, 17, 20, 24, 30, 35, 40, 46, 56, 65, 74, 87, 105, 125, 148, 179, 219, 257, 294, 330, 361, 392, 418, 451, 484, 520, 549, 581, 620, 663, 717, 776, 822, 879, 928, 968, 983, 1013, 1038, 1059, 1082, 1094, 1105, 1118, 1125, 1131, 1135]

END