

INFO: Total Population: 765935
INFO: R0: 2
INFO: Incubation Period: 5
INFO: Illness Period: 7
X:[0, 1, 2, 3, 4, 5, 6, 7, 8, 9, 10, 11, 12, 13, 14, 15, 16, 17, 18, 19, 20, 21, 22, 23, 24, 25, 26, 27, 28, 29, 30, 31, 32, 33, 34, 35, 36, 37, 38, 39, 40, 41, 42, 43, 44, 45, 46, 47, 48, 49, 50, 51, 52, 53, 54, 55, 56, 57, 58, 59, 60, 61, 62, 63, 64, 65, 66, 67, 68, 69, 70, 71, 72, 73, 74, 75, 76, 77, 78, 79, 80, 81, 82, 83, 84, 85, 86, 87, 88, 89, 90, 91, 92, 93, 94, 95, 96, 97, 98, 99, 100, 101, 102, 103, 104, 105, 106, 107, 108, 109, 110, 111, 112, 113]
YNEW:[0, 0, 0, 0, 0, 0, 0, 0, 0, 0, 0, 0, 0, 0, 0, 0, 0, 0, 0, 0, 0, 0, 0, 0, 0, 0, 0, 0, 0, 0, 0, 0, 0, 0, 0, 0, 0, 0, 0, 0, 0, 1, 0, 0, 0, 0, 0, 2, 4, 3, 2, 3, 6, 4, 6, 12, 14, 16, 16, 11, 8, 13, 15, 12, 19, 28, 31, 23, 26, 17, 35, 47, 46, 50, 40, 32, 22, 23, 19, 14, 14, 9, 21, 22, 25, 24, 26, 30, 21, 41, 34, 15, 23, 22, 20, 16, 20, 24, 29, 32, 31, 32, 26, 30, 14, 16, 21, 7, 11, 4, 2, 1, 1]
YTOT: [0, 0, 0, 0, 0, 0, 0, 0, 0, 0, 0, 0, 0, 0, 0, 0, 0, 0, 0, 0, 0, 0, 0, 0, 0, 0, 0, 0, 0, 0, 0, 0, 0, 0, 0, 0, 0, 0, 0, 0, 0, 1, 1, 1, 1, 1, 1, 3, 7, 10, 12, 15, 21, 25, 31, 43, 57, 73, 89, 100, 108, 121, 136, 148, 167, 195, 226, 249, 275, 292, 327, 374, 420, 470, 510, 542, 564, 587, 606, 620, 634, 643, 664, 686, 711, 735, 761, 791, 812, 853, 887, 902, 925, 947, 967, 983, 1003, 1027, 1056, 1088, 1119, 1151, 1177, 1207, 1221, 1237, 1258, 1265, 1276, 1280, 1282, 1283, 1284]

INFO: Total Population: 765935
INFO: R0: 2
INFO: Incubation Period: 5
INFO: Illness Period: 7
X:[0, 1, 2, 3, 4, 5, 6, 7, 8, 9, 10, 11, 12, 13, 14, 15, 16, 17, 18, 19, 20, 21, 22, 23, 24, 25, 26, 27, 28, 29, 30, 31, 32, 33, 34, 35, 36, 37, 38, 39, 40, 41, 42, 43, 44, 45, 46, 47, 48, 49, 50, 51, 52, 53, 54, 55, 56, 57, 58, 59, 60, 61, 62, 63, 64, 65, 66, 67, 68, 69, 70, 71, 72, 73, 74, 75, 76, 77, 78, 79, 80, 81, 82, 83, 84, 85, 86, 87, 88, 89, 90, 91, 92, 93, 94, 95, 96, 97, 98, 99, 100, 101, 102, 103, 104, 105, 106, 107, 108, 109, 110, 111, 112, 113]
YNEW:[0, 0, 0, 0, 0, 0, 0, 0, 0, 0, 0, 0, 0, 0, 0, 0, 0, 0, 0, 0, 0, 0, 0, 0, 0, 0, 0, 0, 0, 0, 0, 0, 0, 0, 0, 0, 0, 0, 0, 0, 0, 1, 0, 0, 0, 0, 0, 2, 4, 3, 2, 3, 6, 4, 6, 12, 14, 16, 16, 11, 8, 13, 15, 12, 19, 28, 31, 23, 26, 17, 35, 47, 46, 50, 40, 32, 22, 23, 19, 14, 14, 9, 21, 22, 25, 24, 26, 30, 21, 41, 34, 23, 26, 27, 21, 21, 15, 20, 35, 36, 52, 33, 30, 26, 21, 18, 12, 18, 6, 8, 5, 1, 2]
YTOT: [0, 0, 0, 0, 0, 0, 0, 0, 0, 0, 0, 0, 0, 0, 0, 0, 0, 0, 0, 0, 0, 0, 0, 0, 0, 0, 0, 0, 0, 0, 0, 0, 0, 0, 0, 0, 0, 0, 0, 0, 0, 1, 1, 1, 1, 1, 1, 3, 7, 10, 12, 15, 21, 25, 31, 43, 57, 73, 89, 100, 108, 121, 136, 148, 167, 195, 226, 249, 275, 292, 327, 374, 420, 470, 510, 542, 564, 587, 606, 620, 634, 643, 664, 686, 711, 735, 761, 791, 812, 853, 887, 910, 936, 963, 984, 1005, 1020, 1040, 1075, 1111, 1163, 1196, 1226, 1252, 1273, 1291, 1303, 1321, 1327, 1335, 1340, 1341, 1343]

INFO: Total Population: 765935
INFO: R0: 2
INFO: Incubation Period: 5
INFO: Illness Period: 7
X:[0, 1, 2, 3, 4, 5, 6, 7, 8, 9, 10, 11, 12, 13, 14, 15, 16, 17, 18, 19, 20, 21, 22, 23, 24, 25, 26, 27, 28, 29, 30, 31, 32, 33, 34, 35, 36, 37, 38, 39, 40, 41, 42, 43, 44, 45, 46, 47, 48, 49, 50, 51, 52, 53, 54, 55, 56, 57, 58, 59, 60, 61, 62, 63, 64, 65, 66, 67, 68, 69, 70, 71, 72, 73, 74, 75, 76, 77, 78, 79, 80, 81, 82, 83, 84, 85, 86, 87, 88, 89, 90, 91, 92, 93, 94, 95, 96, 97, 98, 99, 100, 101, 102, 103, 104, 105, 106, 107, 108, 109, 110, 111, 112, 113]
YNEW:[0, 0, 0, 0, 0, 0, 0, 0, 0, 0, 0, 0, 0, 0, 0, 0, 0, 0, 0, 0, 0, 0, 0, 0, 0, 0, 0, 0, 0, 0, 0, 0, 0, 0, 0, 0, 0, 0, 0, 0, 0, 1, 0, 0, 0, 0, 0, 2, 4, 3, 2, 3, 6, 4, 6, 12, 14, 16, 16, 11, 8, 13, 15, 12, 19, 28, 31, 23, 26, 17, 35, 47, 46, 50, 40, 32, 22, 23, 19, 14, 14, 9, 21, 22, 25, 24, 26, 30, 21, 41, 34, 20, 22, 24, 26, 21, 9, 31, 29, 41, 38, 38, 30, 19, 15, 17, 9, 14, 13, 3, 2, 2, 1]
YTOT: [0, 0, 0, 0, 0, 0, 0, 0, 0, 0, 0, 0, 0, 0, 0, 0, 0, 0, 0, 0, 0, 0, 0, 0, 0, 0, 0, 0, 0, 0, 0, 0, 0, 0, 0, 0, 0, 0, 0, 0, 0, 1, 1, 1, 1, 1, 1, 3, 7, 10, 12, 15, 21, 25, 31, 43, 57, 73, 89, 100, 108, 121, 136, 148, 167, 195, 226, 249, 275, 292, 327, 374, 420, 470, 510, 542, 564, 587, 606, 620, 634, 643, 664, 686, 711, 735, 761, 791, 812, 853, 887, 907, 929, 953, 979, 1000, 1009, 1040, 1069, 1110, 1148, 1186, 1216, 1235, 1250, 1267, 1276, 1290, 1303, 1306, 1308, 1310, 1311]

INFO: Total Population: 765935
INFO: R0: 2
INFO: Incubation Period: 5
INFO: Illness Period: 7
X:[0, 1, 2, 3, 4, 5, 6, 7, 8, 9, 10, 11, 12, 13, 14, 15, 16, 17, 18, 19, 20, 21, 22, 23, 24, 25, 26, 27, 28, 29, 30, 31, 32, 33, 34, 35, 36, 37, 38, 39, 40, 41, 42, 43, 44, 45, 46, 47, 48, 49, 50, 51, 52, 53, 54, 55, 56, 57, 58, 59, 60, 61, 62, 63, 64, 65, 66, 67, 68, 69, 70, 71, 72, 73, 74, 75, 76, 77, 78, 79, 80, 81, 82, 83, 84, 85, 86, 87, 88, 89, 90, 91, 92, 93, 94, 95, 96, 97, 98, 99, 100, 101, 102, 103, 104, 105, 106, 107, 108, 109, 110, 111, 112]
YNEW:[0, 0, 0, 0, 0, 0, 0, 0, 0, 0, 0, 0, 0, 0, 0, 0, 0, 0, 0, 0, 0, 0, 0, 0, 0, 0, 0, 0, 0, 0, 0, 0, 0, 0, 0, 0, 0, 0, 0, 0, 0, 1, 0, 0, 0, 0, 0, 2, 4, 3, 2, 3, 6, 4, 6, 12, 14, 16, 16, 11, 8, 13, 15, 12, 19, 28, 31, 23, 26, 17, 35, 47, 46, 50, 40, 32, 22, 23, 19, 14, 14, 9, 21, 22, 25, 24, 26, 30, 21, 41, 34, 21, 15, 17, 24, 24, 22, 21, 33, 33, 42, 44, 33, 17, 16, 22, 18, 13, 8, 5, 3, 5]
YTOT: [0, 0, 0, 0, 0, 0, 0, 0, 0, 0, 0, 0, 0, 0, 0, 0, 0, 0, 0, 0, 0, 0, 0, 0, 0, 0, 0, 0, 0, 0, 0, 0, 0, 0, 0, 0, 0, 0, 0, 0, 0, 1, 1, 1, 1, 1, 1, 3, 7, 10, 12, 15, 21, 25, 31, 43, 57, 73, 89, 100, 108, 121, 136, 148, 167, 195, 226, 249, 275, 292, 327, 374, 420, 470, 510, 542, 564, 587, 606, 620, 634, 643, 664, 686, 711, 735, 761, 791, 812, 853, 887, 908, 923, 940, 964, 988, 1010, 1031, 1064, 1097, 1139, 1183, 1216, 1233, 1249, 1271, 1289, 1302, 1310, 1315, 1318, 1323]

INFO: Total Population: 765935
INFO: R0: 2
INFO: Incubation Period: 5
INFO: Illness Period: 7
X:[0, 1, 2, 3, 4, 5, 6, 7, 8, 9, 10, 11, 12, 13, 14, 15, 16, 17, 18, 19, 20, 21, 22, 23, 24, 25, 26, 27, 28, 29, 30, 31, 32, 33, 34, 35, 36, 37, 38, 39, 40, 41, 42, 43, 44, 45, 46, 47, 48, 49, 50, 51, 52, 53, 54, 55, 56, 57, 58, 59, 60, 61, 62, 63, 64, 65, 66, 67, 68, 69, 70, 71, 72, 73, 74, 75, 76, 77, 78, 79, 80, 81, 82, 83, 84, 85, 86, 87, 88, 89, 90, 91, 92, 93, 94, 95, 96, 97, 98, 99, 100, 101, 102, 103, 104, 105, 106, 107, 108, 109, 110, 111, 112, 113, 114]
YNEW:[0, 0, 0, 0, 0, 0, 0, 0, 0, 0, 0, 0, 0, 0, 0, 0, 0, 0, 0, 0, 0, 0, 0, 0, 0, 0, 0, 0, 0, 0, 0, 0, 0, 0, 0, 0, 0, 0, 0, 0, 0, 1, 0, 0, 0, 0, 0, 2, 4, 3, 2, 3, 6, 4, 6, 12, 14, 16, 16, 11, 8, 13, 15, 12, 19, 28, 31, 23, 26, 17, 35, 47, 46, 50, 40, 32, 22, 23, 19, 14, 14, 9, 21, 22, 25, 24, 26, 30, 21, 41, 34, 13, 24, 15, 18, 23, 24, 22, 27, 30, 32, 38, 21, 20, 13, 16, 27, 10, 10, 9, 6, 6, 2, 1]
YTOT: [0, 0, 0, 0, 0, 0, 0, 0, 0, 0, 0, 0, 0, 0, 0, 0, 0, 0, 0, 0, 0, 0, 0, 0, 0, 0, 0, 0, 0, 0, 0, 0, 0, 0, 0, 0, 0, 0, 0, 0, 0, 1, 1, 1, 1, 1, 1, 3, 7, 10, 12, 15, 21, 25, 31, 43, 57, 73, 89, 100, 108, 121, 136, 148, 167, 195, 226, 249, 275, 292, 327, 374, 420, 470, 510, 542, 564, 587, 606, 620, 634, 643, 664, 686, 711, 735, 761, 791, 812, 853, 887, 900, 924, 939, 957, 980, 1004, 1026, 1053, 1083, 1115, 1153, 1174, 1194, 1207, 1223, 1250, 1260, 1270, 1279, 1285, 1291, 1293, 1294]

INFO: Total Population: 765935
INFO: R0: 2
INFO: Incubation Period: 5
INFO: Illness Period: 7
X:[0, 1, 2, 3, 4, 5, 6, 7, 8, 9, 10, 11, 12, 13, 14, 15, 16, 17, 18, 19, 20, 21, 22, 23, 24, 25, 26, 27, 28, 29, 30, 31, 32, 33, 34, 35, 36, 37, 38, 39, 40, 41, 42, 43, 44, 45, 46, 47, 48, 49, 50, 51, 52, 53, 54, 55, 56, 57, 58, 59, 60, 61, 62, 63, 64, 65, 66, 67, 68, 69, 70, 71, 72, 73, 74, 75, 76, 77, 78, 79, 80, 81, 82, 83, 84, 85, 86, 87, 88, 89, 90, 91, 92, 93, 94, 95, 96, 97, 98, 99, 100, 101, 102, 103, 104, 105, 106, 107, 108, 109, 110, 111, 112, 113]
YNEW:[0, 0, 0, 0, 0, 0, 0, 0, 0, 0, 0, 0, 0, 0, 0, 0, 0, 0, 0, 0, 0, 0, 0, 0, 0, 0, 0, 0, 0, 0, 0, 0, 0, 0, 0, 0, 0, 0, 0, 0, 0, 1, 0, 0, 0, 0, 0, 2, 4, 3, 2, 3, 6, 4, 6, 12, 14, 16, 16, 11, 8, 13, 15, 12, 19, 28, 31, 23, 26, 17, 35, 47, 46, 50, 40, 32, 22, 23, 19, 14, 14, 9, 21, 22, 25, 24, 26, 30, 21, 41, 34, 23, 22, 24, 22, 21, 13, 26, 31, 39, 43, 41, 34, 27, 18, 13, 12, 11, 5, 6, 4, 2, 1]
YTOT: [0, 0, 0, 0, 0, 0, 0, 0, 0, 0, 0, 0, 0, 0, 0, 0, 0, 0, 0, 0, 0, 0, 0, 0, 0, 0, 0, 0, 0, 0, 0, 0, 0, 0, 0, 0, 0, 0, 0, 0, 0, 1, 1, 1, 1, 1, 1, 3, 7, 10, 12, 15, 21, 25, 31, 43, 57, 73, 89, 100, 108, 121, 136, 148, 167, 195, 226, 249, 275, 292, 327, 374, 420, 470, 510, 542, 564, 587, 606, 620, 634, 643, 664, 686, 711, 735, 761, 791, 812, 853, 887, 910, 932, 956, 978, 999, 1012, 1038, 1069, 1108, 1151, 1192, 1226, 1253, 1271, 1284, 1296, 1307, 1312, 1318, 1322, 1324, 1325]

INFO: Total Population: 765935
INFO: R0: 2
INFO: Incubation Period: 5
INFO: Illness Period: 7
X:[0, 1, 2, 3, 4, 5, 6, 7, 8, 9, 10, 11, 12, 13, 14, 15, 16, 17, 18, 19, 20, 21, 22, 23, 24, 25, 26, 27, 28, 29, 30, 31, 32, 33, 34, 35, 36, 37, 38, 39, 40, 41, 42, 43, 44, 45, 46, 47, 48, 49, 50, 51, 52, 53, 54, 55, 56, 57, 58, 59, 60, 61, 62, 63, 64, 65, 66, 67, 68, 69, 70, 71, 72, 73, 74, 75, 76, 77, 78, 79, 80, 81, 82, 83, 84, 85, 86, 87, 88, 89, 90, 91, 92, 93, 94, 95, 96, 97, 98, 99, 100, 101, 102, 103, 104, 105, 106, 107, 108, 109, 110, 111, 112]
YNEW:[0, 0, 0, 0, 0, 0, 0, 0, 0, 0, 0, 0, 0, 0, 0, 0, 0, 0, 0, 0, 0, 0, 0, 0, 0, 0, 0, 0, 0, 0, 0, 0, 0, 0, 0, 0, 0, 0, 0, 0, 0, 1, 0, 0, 0, 0, 0, 2, 4, 3, 2, 3, 6, 4, 6, 12, 14, 16, 16, 11, 8, 13, 15, 12, 19, 28, 31, 23, 26, 17, 35, 47, 46, 50, 40, 32, 22, 23, 19, 14, 14, 9, 21, 22, 25, 24, 26, 30, 21, 41, 34, 22, 22, 24, 23, 21, 19, 22, 34, 42, 44, 36, 32, 20, 21, 14, 15, 17, 7, 8, 5, 6]
YTOT: [0, 0, 0, 0, 0, 0, 0, 0, 0, 0, 0, 0, 0, 0, 0, 0, 0, 0, 0, 0, 0, 0, 0, 0, 0, 0, 0, 0, 0, 0, 0, 0, 0, 0, 0, 0, 0, 0, 0, 0, 0, 1, 1, 1, 1, 1, 1, 3, 7, 10, 12, 15, 21, 25, 31, 43, 57, 73, 89, 100, 108, 121, 136, 148, 167, 195, 226, 249, 275, 292, 327, 374, 420, 470, 510, 542, 564, 587, 606, 620, 634, 643, 664, 686, 711, 735, 761, 791, 812, 853, 887, 909, 931, 955, 978, 999, 1018, 1040, 1074, 1116, 1160, 1196, 1228, 1248, 1269, 1283, 1298, 1315, 1322, 1330, 1335, 1341]

INFO: Total Population: 765935
INFO: R0: 2
INFO: Incubation Period: 5
INFO: Illness Period: 7
X:[0, 1, 2, 3, 4, 5, 6, 7, 8, 9, 10, 11, 12, 13, 14, 15, 16, 17, 18, 19, 20, 21, 22, 23, 24, 25, 26, 27, 28, 29, 30, 31, 32, 33, 34, 35, 36, 37, 38, 39, 40, 41, 42, 43, 44, 45, 46, 47, 48, 49, 50, 51, 52, 53, 54, 55, 56, 57, 58, 59, 60, 61, 62, 63, 64, 65, 66, 67, 68, 69, 70, 71, 72, 73, 74, 75, 76, 77, 78, 79, 80, 81, 82, 83, 84, 85, 86, 87, 88, 89, 90, 91, 92, 93, 94, 95, 96, 97, 98, 99, 100, 101, 102, 103, 104, 105, 106, 107, 108, 109, 110, 111, 112, 113, 114]
YNEW:[0, 0, 0, 0, 0, 0, 0, 0, 0, 0, 0, 0, 0, 0, 0, 0, 0, 0, 0, 0, 0, 0, 0, 0, 0, 0, 0, 0, 0, 0, 0, 0, 0, 0, 0, 0, 0, 0, 0, 0, 0, 1, 0, 0, 0, 0, 0, 2, 4, 3, 2, 3, 6, 4, 6, 12, 14, 16, 16, 11, 8, 13, 15, 12, 19, 28, 31, 23, 26, 17, 35, 47, 46, 50, 40, 32, 22, 23, 19, 14, 14, 9, 21, 22, 25, 24, 26, 30, 21, 41, 34, 25, 17, 20, 15, 18, 31, 25, 26, 34, 38, 42, 22, 18, 27, 11, 16, 13, 12, 6, 5, 4, 1, 1]
YTOT: [0, 0, 0, 0, 0, 0, 0, 0, 0, 0, 0, 0, 0, 0, 0, 0, 0, 0, 0, 0, 0, 0, 0, 0, 0, 0, 0, 0, 0, 0, 0, 0, 0, 0, 0, 0, 0, 0, 0, 0, 0, 1, 1, 1, 1, 1, 1, 3, 7, 10, 12, 15, 21, 25, 31, 43, 57, 73, 89, 100, 108, 121, 136, 148, 167, 195, 226, 249, 275, 292, 327, 374, 420, 470, 510, 542, 564, 587, 606, 620, 634, 643, 664, 686, 711, 735, 761, 791, 812, 853, 887, 912, 929, 949, 964, 982, 1013, 1038, 1064, 1098, 1136, 1178, 1200, 1218, 1245, 1256, 1272, 1285, 1297, 1303, 1308, 1312, 1313, 1314]

INFO: Total Population: 765935
INFO: R0: 2
INFO: Incubation Period: 5
INFO: Illness Period: 7
X:[0, 1, 2, 3, 4, 5, 6, 7, 8, 9, 10, 11, 12, 13, 14, 15, 16, 17, 18, 19, 20, 21, 22, 23, 24, 25, 26, 27, 28, 29, 30, 31, 32, 33, 34, 35, 36, 37, 38, 39, 40, 41, 42, 43, 44, 45, 46, 47, 48, 49, 50, 51, 52, 53, 54, 55, 56, 57, 58, 59, 60, 61, 62, 63, 64, 65, 66, 67, 68, 69, 70, 71, 72, 73, 74, 75, 76, 77, 78, 79, 80, 81, 82, 83, 84, 85, 86, 87, 88, 89, 90, 91, 92, 93, 94, 95, 96, 97, 98, 99, 100, 101, 102, 103, 104, 105, 106, 107, 108, 109, 110, 111, 112, 113]
YNEW:[0, 0, 0, 0, 0, 0, 0, 0, 0, 0, 0, 0, 0, 0, 0, 0, 0, 0, 0, 0, 0, 0, 0, 0, 0, 0, 0, 0, 0, 0, 0, 0, 0, 0, 0, 0, 0, 0, 0, 0, 0, 1, 0, 0, 0, 0, 0, 2, 4, 3, 2, 3, 6, 4, 6, 12, 14, 16, 16, 11, 8, 13, 15, 12, 19, 28, 31, 23, 26, 17, 35, 47, 46, 50, 40, 32, 22, 23, 19, 14, 14, 9, 21, 22, 25, 24, 26, 30, 21, 41, 34, 22, 28, 15, 17, 21, 19, 29, 35, 35, 33, 39, 25, 22, 22, 14, 18, 17, 13, 7, 4, 2, 2]
YTOT: [0, 0, 0, 0, 0, 0, 0, 0, 0, 0, 0, 0, 0, 0, 0, 0, 0, 0, 0, 0, 0, 0, 0, 0, 0, 0, 0, 0, 0, 0, 0, 0, 0, 0, 0, 0, 0, 0, 0, 0, 0, 1, 1, 1, 1, 1, 1, 3, 7, 10, 12, 15, 21, 25, 31, 43, 57, 73, 89, 100, 108, 121, 136, 148, 167, 195, 226, 249, 275, 292, 327, 374, 420, 470, 510, 542, 564, 587, 606, 620, 634, 643, 664, 686, 711, 735, 761, 791, 812, 853, 887, 909, 937, 952, 969, 990, 1009, 1038, 1073, 1108, 1141, 1180, 1205, 1227, 1249, 1263, 1281, 1298, 1311, 1318, 1322, 1324, 1326]

INFO: Total Population: 765935
INFO: R0: 2
INFO: Incubation Period: 5
INFO: Illness Period: 7
X:[0, 1, 2, 3, 4, 5, 6, 7, 8, 9, 10, 11, 12, 13, 14, 15, 16, 17, 18, 19, 20, 21, 22, 23, 24, 25, 26, 27, 28, 29, 30, 31, 32, 33, 34, 35, 36, 37, 38, 39, 40, 41, 42, 43, 44, 45, 46, 47, 48, 49, 50, 51, 52, 53, 54, 55, 56, 57, 58, 59, 60, 61, 62, 63, 64, 65, 66, 67, 68, 69, 70, 71, 72, 73, 74, 75, 76, 77, 78, 79, 80, 81, 82, 83, 84, 85, 86, 87, 88, 89, 90, 91, 92, 93, 94, 95, 96, 97, 98, 99, 100, 101, 102, 103, 104, 105, 106, 107, 108, 109, 110, 111, 112, 113]
YNEW:[0, 0, 0, 0, 0, 0, 0, 0, 0, 0, 0, 0, 0, 0, 0, 0, 0, 0, 0, 0, 0, 0, 0, 0, 0, 0, 0, 0, 0, 0, 0, 0, 0, 0, 0, 0, 0, 0, 0, 0, 0, 1, 0, 0, 0, 0, 0, 2, 4, 3, 2, 3, 6, 4, 6, 12, 14, 16, 16, 11, 8, 13, 15, 12, 19, 28, 31, 23, 26, 17, 35, 47, 46, 50, 40, 32, 22, 23, 19, 14, 14, 9, 21, 22, 25, 24, 26, 30, 21, 41, 34, 27, 22, 22, 17, 9, 27, 30, 33, 45, 35, 38, 29, 24, 17, 20, 13, 10, 6, 3, 4, 3, 1]
YTOT: [0, 0, 0, 0, 0, 0, 0, 0, 0, 0, 0, 0, 0, 0, 0, 0, 0, 0, 0, 0, 0, 0, 0, 0, 0, 0, 0, 0, 0, 0, 0, 0, 0, 0, 0, 0, 0, 0, 0, 0, 0, 1, 1, 1, 1, 1, 1, 3, 7, 10, 12, 15, 21, 25, 31, 43, 57, 73, 89, 100, 108, 121, 136, 148, 167, 195, 226, 249, 275, 292, 327, 374, 420, 470, 510, 542, 564, 587, 606, 620, 634, 643, 664, 686, 711, 735, 761, 791, 812, 853, 887, 914, 936, 958, 975, 984, 1011, 1041, 1074, 1119, 1154, 1192, 1221, 1245, 1262, 1282, 1295, 1305, 1311, 1314, 1318, 1321, 1322]

INFO: Total Population: 765935
INFO: R0: 2
INFO: Incubation Period: 5
INFO: Illness Period: 7
X:[0, 1, 2, 3, 4, 5, 6, 7, 8, 9, 10, 11, 12, 13, 14, 15, 16, 17, 18, 19, 20, 21, 22, 23, 24, 25, 26, 27, 28, 29, 30, 31, 32, 33, 34, 35, 36, 37, 38, 39, 40, 41, 42, 43, 44, 45, 46, 47, 48, 49, 50, 51, 52, 53, 54, 55, 56, 57, 58, 59, 60, 61, 62, 63, 64, 65, 66, 67, 68, 69, 70, 71, 72, 73, 74, 75, 76, 77, 78, 79, 80, 81, 82, 83, 84, 85, 86, 87, 88, 89, 90, 91, 92, 93, 94, 95, 96, 97, 98, 99, 100, 101, 102, 103, 104, 105, 106, 107, 108, 109, 110, 111, 112, 113]
YNEW:[0, 0, 0, 0, 0, 0, 0, 0, 0, 0, 0, 0, 0, 0, 0, 0, 0, 0, 0, 0, 0, 0, 0, 0, 0, 0, 0, 0, 0, 0, 0, 0, 0, 0, 0, 0, 0, 0, 0, 0, 0, 1, 0, 0, 0, 0, 0, 2, 4, 3, 2, 3, 6, 4, 6, 12, 14, 16, 16, 11, 8, 13, 15, 12, 19, 28, 31, 23, 26, 17, 35, 47, 46, 50, 40, 32, 22, 23, 19, 14, 14, 9, 21, 22, 25, 24, 26, 30, 21, 41, 34, 18, 26, 20, 13, 24, 15, 25, 36, 39, 28, 34, 24, 24, 16, 21, 11, 10, 10, 5, 6, 2, 1]
YTOT: [0, 0, 0, 0, 0, 0, 0, 0, 0, 0, 0, 0, 0, 0, 0, 0, 0, 0, 0, 0, 0, 0, 0, 0, 0, 0, 0, 0, 0, 0, 0, 0, 0, 0, 0, 0, 0, 0, 0, 0, 0, 1, 1, 1, 1, 1, 1, 3, 7, 10, 12, 15, 21, 25, 31, 43, 57, 73, 89, 100, 108, 121, 136, 148, 167, 195, 226, 249, 275, 292, 327, 374, 420, 470, 510, 542, 564, 587, 606, 620, 634, 643, 664, 686, 711, 735, 761, 791, 812, 853, 887, 905, 931, 951, 964, 988, 1003, 1028, 1064, 1103, 1131, 1165, 1189, 1213, 1229, 1250, 1261, 1271, 1281, 1286, 1292, 1294, 1295]

INFO: Total Population: 765935
INFO: R0: 2
INFO: Incubation Period: 5
INFO: Illness Period: 7
X:[0, 1, 2, 3, 4, 5, 6, 7, 8, 9, 10, 11, 12, 13, 14, 15, 16, 17, 18, 19, 20, 21, 22, 23, 24, 25, 26, 27, 28, 29, 30, 31, 32, 33, 34, 35, 36, 37, 38, 39, 40, 41, 42, 43, 44, 45, 46, 47, 48, 49, 50, 51, 52, 53, 54, 55, 56, 57, 58, 59, 60, 61, 62, 63, 64, 65, 66, 67, 68, 69, 70, 71, 72, 73, 74, 75, 76, 77, 78, 79, 80, 81, 82, 83, 84, 85, 86, 87, 88, 89, 90, 91, 92, 93, 94, 95, 96, 97, 98, 99, 100, 101, 102, 103, 104, 105, 106, 107, 108, 109, 110, 111]
YNEW:[0, 0, 0, 0, 0, 0, 0, 0, 0, 0, 0, 0, 0, 0, 0, 0, 0, 0, 0, 0, 0, 0, 0, 0, 0, 0, 0, 0, 0, 0, 0, 0, 0, 0, 0, 0, 0, 0, 0, 0, 0, 1, 0, 0, 0, 0, 0, 2, 4, 3, 2, 3, 6, 4, 6, 12, 14, 16, 16, 11, 8, 13, 15, 12, 19, 28, 31, 23, 26, 17, 35, 47, 46, 50, 40, 32, 22, 23, 19, 14, 14, 9, 21, 22, 25, 24, 26, 30, 21, 41, 34, 23, 23, 18, 25, 16, 23, 17, 40, 36, 28, 35, 32, 23, 33, 21, 19, 12, 9, 2, 4]
YTOT: [0, 0, 0, 0, 0, 0, 0, 0, 0, 0, 0, 0, 0, 0, 0, 0, 0, 0, 0, 0, 0, 0, 0, 0, 0, 0, 0, 0, 0, 0, 0, 0, 0, 0, 0, 0, 0, 0, 0, 0, 0, 1, 1, 1, 1, 1, 1, 3, 7, 10, 12, 15, 21, 25, 31, 43, 57, 73, 89, 100, 108, 121, 136, 148, 167, 195, 226, 249, 275, 292, 327, 374, 420, 470, 510, 542, 564, 587, 606, 620, 634, 643, 664, 686, 711, 735, 761, 791, 812, 853, 887, 910, 933, 951, 976, 992, 1015, 1032, 1072, 1108, 1136, 1171, 1203, 1226, 1259, 1280, 1299, 1311, 1320, 1322, 1326]

INFO: Total Population: 765935
INFO: R0: 2
INFO: Incubation Period: 5
INFO: Illness Period: 7
X:[0, 1, 2, 3, 4, 5, 6, 7, 8, 9, 10, 11, 12, 13, 14, 15, 16, 17, 18, 19, 20, 21, 22, 23, 24, 25, 26, 27, 28, 29, 30, 31, 32, 33, 34, 35, 36, 37, 38, 39, 40, 41, 42, 43, 44, 45, 46, 47, 48, 49, 50, 51, 52, 53, 54, 55, 56, 57, 58, 59, 60, 61, 62, 63, 64, 65, 66, 67, 68, 69, 70, 71, 72, 73, 74, 75, 76, 77, 78, 79, 80, 81, 82, 83, 84, 85, 86, 87, 88, 89, 90, 91, 92, 93, 94, 95, 96, 97, 98, 99, 100, 101, 102, 103, 104, 105, 106, 107, 108, 109, 110, 111, 112]
YNEW:[0, 0, 0, 0, 0, 0, 0, 0, 0, 0, 0, 0, 0, 0, 0, 0, 0, 0, 0, 0, 0, 0, 0, 0, 0, 0, 0, 0, 0, 0, 0, 0, 0, 0, 0, 0, 0, 0, 0, 0, 0, 1, 0, 0, 0, 0, 0, 2, 4, 3, 2, 3, 6, 4, 6, 12, 14, 16, 16, 11, 8, 13, 15, 12, 19, 28, 31, 23, 26, 17, 35, 47, 46, 50, 40, 32, 22, 23, 19, 14, 14, 9, 21, 22, 25, 24, 26, 30, 21, 41, 34, 26, 18, 19, 22, 18, 12, 26, 35, 32, 33, 25, 36, 27, 17, 15, 15, 9, 12, 4, 2, 1]
YTOT: [0, 0, 0, 0, 0, 0, 0, 0, 0, 0, 0, 0, 0, 0, 0, 0, 0, 0, 0, 0, 0, 0, 0, 0, 0, 0, 0, 0, 0, 0, 0, 0, 0, 0, 0, 0, 0, 0, 0, 0, 0, 1, 1, 1, 1, 1, 1, 3, 7, 10, 12, 15, 21, 25, 31, 43, 57, 73, 89, 100, 108, 121, 136, 148, 167, 195, 226, 249, 275, 292, 327, 374, 420, 470, 510, 542, 564, 587, 606, 620, 634, 643, 664, 686, 711, 735, 761, 791, 812, 853, 887, 913, 931, 950, 972, 990, 1002, 1028, 1063, 1095, 1128, 1153, 1189, 1216, 1233, 1248, 1263, 1272, 1284, 1288, 1290, 1291]

INFO: Total Population: 765935
INFO: R0: 2
INFO: Incubation Period: 5
INFO: Illness Period: 7
X:[0, 1, 2, 3, 4, 5, 6, 7, 8, 9, 10, 11, 12, 13, 14, 15, 16, 17, 18, 19, 20, 21, 22, 23, 24, 25, 26, 27, 28, 29, 30, 31, 32, 33, 34, 35, 36, 37, 38, 39, 40, 41, 42, 43, 44, 45, 46, 47, 48, 49, 50, 51, 52, 53, 54, 55, 56, 57, 58, 59, 60, 61, 62, 63, 64, 65, 66, 67, 68, 69, 70, 71, 72, 73, 74, 75, 76, 77, 78, 79, 80, 81, 82, 83, 84, 85, 86, 87, 88, 89, 90, 91, 92, 93, 94, 95, 96, 97, 98, 99, 100, 101, 102, 103, 104, 105, 106, 107, 108, 109, 110, 111, 112, 113]
YNEW:[0, 0, 0, 0, 0, 0, 0, 0, 0, 0, 0, 0, 0, 0, 0, 0, 0, 0, 0, 0, 0, 0, 0, 0, 0, 0, 0, 0, 0, 0, 0, 0, 0, 0, 0, 0, 0, 0, 0, 0, 0, 1, 0, 0, 0, 0, 0, 2, 4, 3, 2, 3, 6, 4, 6, 12, 14, 16, 16, 11, 8, 13, 15, 12, 19, 28, 31, 23, 26, 17, 35, 47, 46, 50, 40, 32, 22, 23, 19, 14, 14, 9, 21, 22, 25, 24, 26, 30, 21, 41, 34, 20, 27, 24, 16, 17, 19, 32, 34, 39, 26, 39, 35, 21, 19, 18, 7, 8, 10, 4, 6, 3, 2]
YTOT: [0, 0, 0, 0, 0, 0, 0, 0, 0, 0, 0, 0, 0, 0, 0, 0, 0, 0, 0, 0, 0, 0, 0, 0, 0, 0, 0, 0, 0, 0, 0, 0, 0, 0, 0, 0, 0, 0, 0, 0, 0, 1, 1, 1, 1, 1, 1, 3, 7, 10, 12, 15, 21, 25, 31, 43, 57, 73, 89, 100, 108, 121, 136, 148, 167, 195, 226, 249, 275, 292, 327, 374, 420, 470, 510, 542, 564, 587, 606, 620, 634, 643, 664, 686, 711, 735, 761, 791, 812, 853, 887, 907, 934, 958, 974, 991, 1010, 1042, 1076, 1115, 1141, 1180, 1215, 1236, 1255, 1273, 1280, 1288, 1298, 1302, 1308, 1311, 1313]

INFO: Total Population: 765935
INFO: R0: 2
INFO: Incubation Period: 5
INFO: Illness Period: 7
X:[0, 1, 2, 3, 4, 5, 6, 7, 8, 9, 10, 11, 12, 13, 14, 15, 16, 17, 18, 19, 20, 21, 22, 23, 24, 25, 26, 27, 28, 29, 30, 31, 32, 33, 34, 35, 36, 37, 38, 39, 40, 41, 42, 43, 44, 45, 46, 47, 48, 49, 50, 51, 52, 53, 54, 55, 56, 57, 58, 59, 60, 61, 62, 63, 64, 65, 66, 67, 68, 69, 70, 71, 72, 73, 74, 75, 76, 77, 78, 79, 80, 81, 82, 83, 84, 85, 86, 87, 88, 89, 90, 91, 92, 93, 94, 95, 96, 97, 98, 99, 100, 101, 102, 103, 104, 105, 106, 107, 108, 109, 110, 111, 112]
YNEW:[0, 0, 0, 0, 0, 0, 0, 0, 0, 0, 0, 0, 0, 0, 0, 0, 0, 0, 0, 0, 0, 0, 0, 0, 0, 0, 0, 0, 0, 0, 0, 0, 0, 0, 0, 0, 0, 0, 0, 0, 0, 1, 0, 0, 0, 0, 0, 2, 4, 3, 2, 3, 6, 4, 6, 12, 14, 16, 16, 11, 8, 13, 15, 12, 19, 28, 31, 23, 26, 17, 35, 47, 46, 50, 40, 32, 22, 23, 19, 14, 14, 9, 21, 22, 25, 24, 26, 30, 21, 41, 34, 18, 26, 20, 17, 24, 15, 23, 34, 39, 32, 34, 33, 22, 15, 18, 15, 10, 14, 5, 3, 1]
YTOT: [0, 0, 0, 0, 0, 0, 0, 0, 0, 0, 0, 0, 0, 0, 0, 0, 0, 0, 0, 0, 0, 0, 0, 0, 0, 0, 0, 0, 0, 0, 0, 0, 0, 0, 0, 0, 0, 0, 0, 0, 0, 1, 1, 1, 1, 1, 1, 3, 7, 10, 12, 15, 21, 25, 31, 43, 57, 73, 89, 100, 108, 121, 136, 148, 167, 195, 226, 249, 275, 292, 327, 374, 420, 470, 510, 542, 564, 587, 606, 620, 634, 643, 664, 686, 711, 735, 761, 791, 812, 853, 887, 905, 931, 951, 968, 992, 1007, 1030, 1064, 1103, 1135, 1169, 1202, 1224, 1239, 1257, 1272, 1282, 1296, 1301, 1304, 1305]

INFO: Total Population: 765935
INFO: R0: 2
INFO: Incubation Period: 5
INFO: Illness Period: 7
X:[0, 1, 2, 3, 4, 5, 6, 7, 8, 9, 10, 11, 12, 13, 14, 15, 16, 17, 18, 19, 20, 21, 22, 23, 24, 25, 26, 27, 28, 29, 30, 31, 32, 33, 34, 35, 36, 37, 38, 39, 40, 41, 42, 43, 44, 45, 46, 47, 48, 49, 50, 51, 52, 53, 54, 55, 56, 57, 58, 59, 60, 61, 62, 63, 64, 65, 66, 67, 68, 69, 70, 71, 72, 73, 74, 75, 76, 77, 78, 79, 80, 81, 82, 83, 84, 85, 86, 87, 88, 89, 90, 91, 92, 93, 94, 95, 96, 97, 98, 99, 100, 101, 102, 103, 104, 105, 106, 107, 108, 109, 110, 111, 112, 113]
YNEW:[0, 0, 0, 0, 0, 0, 0, 0, 0, 0, 0, 0, 0, 0, 0, 0, 0, 0, 0, 0, 0, 0, 0, 0, 0, 0, 0, 0, 0, 0, 0, 0, 0, 0, 0, 0, 0, 0, 0, 0, 0, 1, 0, 0, 0, 0, 0, 2, 4, 3, 2, 3, 6, 4, 6, 12, 14, 16, 16, 11, 8, 13, 15, 12, 19, 28, 31, 23, 26, 17, 35, 47, 46, 50, 40, 32, 22, 23, 19, 14, 14, 9, 21, 22, 25, 24, 26, 30, 21, 41, 34, 13, 18, 27, 24, 24, 24, 33, 24, 31, 35, 34, 31, 22, 17, 21, 18, 18, 7, 9, 4, 2, 1]
YTOT: [0, 0, 0, 0, 0, 0, 0, 0, 0, 0, 0, 0, 0, 0, 0, 0, 0, 0, 0, 0, 0, 0, 0, 0, 0, 0, 0, 0, 0, 0, 0, 0, 0, 0, 0, 0, 0, 0, 0, 0, 0, 1, 1, 1, 1, 1, 1, 3, 7, 10, 12, 15, 21, 25, 31, 43, 57, 73, 89, 100, 108, 121, 136, 148, 167, 195, 226, 249, 275, 292, 327, 374, 420, 470, 510, 542, 564, 587, 606, 620, 634, 643, 664, 686, 711, 735, 761, 791, 812, 853, 887, 900, 918, 945, 969, 993, 1017, 1050, 1074, 1105, 1140, 1174, 1205, 1227, 1244, 1265, 1283, 1301, 1308, 1317, 1321, 1323, 1324]

INFO: Total Population: 765935
INFO: R0: 2
INFO: Incubation Period: 5
INFO: Illness Period: 7
X:[0, 1, 2, 3, 4, 5, 6, 7, 8, 9, 10, 11, 12, 13, 14, 15, 16, 17, 18, 19, 20, 21, 22, 23, 24, 25, 26, 27, 28, 29, 30, 31, 32, 33, 34, 35, 36, 37, 38, 39, 40, 41, 42, 43, 44, 45, 46, 47, 48, 49, 50, 51, 52, 53, 54, 55, 56, 57, 58, 59, 60, 61, 62, 63, 64, 65, 66, 67, 68, 69, 70, 71, 72, 73, 74, 75, 76, 77, 78, 79, 80, 81, 82, 83, 84, 85, 86, 87, 88, 89, 90, 91, 92, 93, 94, 95, 96, 97, 98, 99, 100, 101, 102, 103, 104, 105, 106, 107, 108, 109, 110, 111, 112, 113]
YNEW:[0, 0, 0, 0, 0, 0, 0, 0, 0, 0, 0, 0, 0, 0, 0, 0, 0, 0, 0, 0, 0, 0, 0, 0, 0, 0, 0, 0, 0, 0, 0, 0, 0, 0, 0, 0, 0, 0, 0, 0, 0, 1, 0, 0, 0, 0, 0, 2, 4, 3, 2, 3, 6, 4, 6, 12, 14, 16, 16, 11, 8, 13, 15, 12, 19, 28, 31, 23, 26, 17, 35, 47, 46, 50, 40, 32, 22, 23, 19, 14, 14, 9, 21, 22, 25, 24, 26, 30, 21, 41, 34, 26, 21, 16, 17, 25, 22, 26, 35, 32, 31, 38, 41, 25, 23, 6, 14, 17, 17, 1, 2, 2, 1]
YTOT: [0, 0, 0, 0, 0, 0, 0, 0, 0, 0, 0, 0, 0, 0, 0, 0, 0, 0, 0, 0, 0, 0, 0, 0, 0, 0, 0, 0, 0, 0, 0, 0, 0, 0, 0, 0, 0, 0, 0, 0, 0, 1, 1, 1, 1, 1, 1, 3, 7, 10, 12, 15, 21, 25, 31, 43, 57, 73, 89, 100, 108, 121, 136, 148, 167, 195, 226, 249, 275, 292, 327, 374, 420, 470, 510, 542, 564, 587, 606, 620, 634, 643, 664, 686, 711, 735, 761, 791, 812, 853, 887, 913, 934, 950, 967, 992, 1014, 1040, 1075, 1107, 1138, 1176, 1217, 1242, 1265, 1271, 1285, 1302, 1319, 1320, 1322, 1324, 1325]

INFO: Total Population: 765935
INFO: R0: 2
INFO: Incubation Period: 5
INFO: Illness Period: 7
X:[0, 1, 2, 3, 4, 5, 6, 7, 8, 9, 10, 11, 12, 13, 14, 15, 16, 17, 18, 19, 20, 21, 22, 23, 24, 25, 26, 27, 28, 29, 30, 31, 32, 33, 34, 35, 36, 37, 38, 39, 40, 41, 42, 43, 44, 45, 46, 47, 48, 49, 50, 51, 52, 53, 54, 55, 56, 57, 58, 59, 60, 61, 62, 63, 64, 65, 66, 67, 68, 69, 70, 71, 72, 73, 74, 75, 76, 77, 78, 79, 80, 81, 82, 83, 84, 85, 86, 87, 88, 89, 90, 91, 92, 93, 94, 95, 96, 97, 98, 99, 100, 101, 102, 103, 104, 105, 106, 107, 108, 109, 110, 111, 112, 113]
YNEW:[0, 0, 0, 0, 0, 0, 0, 0, 0, 0, 0, 0, 0, 0, 0, 0, 0, 0, 0, 0, 0, 0, 0, 0, 0, 0, 0, 0, 0, 0, 0, 0, 0, 0, 0, 0, 0, 0, 0, 0, 0, 1, 0, 0, 0, 0, 0, 2, 4, 3, 2, 3, 6, 4, 6, 12, 14, 16, 16, 11, 8, 13, 15, 12, 19, 28, 31, 23, 26, 17, 35, 47, 46, 50, 40, 32, 22, 23, 19, 14, 14, 9, 21, 22, 25, 24, 26, 30, 21, 41, 34, 22, 19, 28, 18, 14, 12, 25, 24, 35, 34, 31, 31, 23, 20, 24, 13, 10, 4, 7, 4, 1, 1]
YTOT: [0, 0, 0, 0, 0, 0, 0, 0, 0, 0, 0, 0, 0, 0, 0, 0, 0, 0, 0, 0, 0, 0, 0, 0, 0, 0, 0, 0, 0, 0, 0, 0, 0, 0, 0, 0, 0, 0, 0, 0, 0, 1, 1, 1, 1, 1, 1, 3, 7, 10, 12, 15, 21, 25, 31, 43, 57, 73, 89, 100, 108, 121, 136, 148, 167, 195, 226, 249, 275, 292, 327, 374, 420, 470, 510, 542, 564, 587, 606, 620, 634, 643, 664, 686, 711, 735, 761, 791, 812, 853, 887, 909, 928, 956, 974, 988, 1000, 1025, 1049, 1084, 1118, 1149, 1180, 1203, 1223, 1247, 1260, 1270, 1274, 1281, 1285, 1286, 1287]

INFO: Total Population: 765935
INFO: R0: 2
INFO: Incubation Period: 5
INFO: Illness Period: 7
X:[0, 1, 2, 3, 4, 5, 6, 7, 8, 9, 10, 11, 12, 13, 14, 15, 16, 17, 18, 19, 20, 21, 22, 23, 24, 25, 26, 27, 28, 29, 30, 31, 32, 33, 34, 35, 36, 37, 38, 39, 40, 41, 42, 43, 44, 45, 46, 47, 48, 49, 50, 51, 52, 53, 54, 55, 56, 57, 58, 59, 60, 61, 62, 63, 64, 65, 66, 67, 68, 69, 70, 71, 72, 73, 74, 75, 76, 77, 78, 79, 80, 81, 82, 83, 84, 85, 86, 87, 88, 89, 90, 91, 92, 93, 94, 95, 96, 97, 98, 99, 100, 101, 102, 103, 104, 105, 106, 107, 108, 109, 110, 111, 112, 113]
YNEW:[0, 0, 0, 0, 0, 0, 0, 0, 0, 0, 0, 0, 0, 0, 0, 0, 0, 0, 0, 0, 0, 0, 0, 0, 0, 0, 0, 0, 0, 0, 0, 0, 0, 0, 0, 0, 0, 0, 0, 0, 0, 1, 0, 0, 0, 0, 0, 2, 4, 3, 2, 3, 6, 4, 6, 12, 14, 16, 16, 11, 8, 13, 15, 12, 19, 28, 31, 23, 26, 17, 35, 47, 46, 50, 40, 32, 22, 23, 19, 14, 14, 9, 21, 22, 25, 24, 26, 30, 21, 41, 34, 24, 17, 21, 25, 17, 27, 20, 34, 38, 30, 49, 36, 27, 21, 20, 17, 7, 12, 6, 3, 1, 1]
YTOT: [0, 0, 0, 0, 0, 0, 0, 0, 0, 0, 0, 0, 0, 0, 0, 0, 0, 0, 0, 0, 0, 0, 0, 0, 0, 0, 0, 0, 0, 0, 0, 0, 0, 0, 0, 0, 0, 0, 0, 0, 0, 1, 1, 1, 1, 1, 1, 3, 7, 10, 12, 15, 21, 25, 31, 43, 57, 73, 89, 100, 108, 121, 136, 148, 167, 195, 226, 249, 275, 292, 327, 374, 420, 470, 510, 542, 564, 587, 606, 620, 634, 643, 664, 686, 711, 735, 761, 791, 812, 853, 887, 911, 928, 949, 974, 991, 1018, 1038, 1072, 1110, 1140, 1189, 1225, 1252, 1273, 1293, 1310, 1317, 1329, 1335, 1338, 1339, 1340]

INFO: Total Population: 765935
INFO: R0: 2
INFO: Incubation Period: 5
INFO: Illness Period: 7
X:[0, 1, 2, 3, 4, 5, 6, 7, 8, 9, 10, 11, 12, 13, 14, 15, 16, 17, 18, 19, 20, 21, 22, 23, 24, 25, 26, 27, 28, 29, 30, 31, 32, 33, 34, 35, 36, 37, 38, 39, 40, 41, 42, 43, 44, 45, 46, 47, 48, 49, 50, 51, 52, 53, 54, 55, 56, 57, 58, 59, 60, 61, 62, 63, 64, 65, 66, 67, 68, 69, 70, 71, 72, 73, 74, 75, 76, 77, 78, 79, 80, 81, 82, 83, 84, 85, 86, 87, 88, 89, 90, 91, 92, 93, 94, 95, 96, 97, 98, 99, 100, 101, 102, 103, 104, 105, 106, 107, 108, 109, 110, 111, 112]
YNEW:[0, 0, 0, 0, 0, 0, 0, 0, 0, 0, 0, 0, 0, 0, 0, 0, 0, 0, 0, 0, 0, 0, 0, 0, 0, 0, 0, 0, 0, 0, 0, 0, 0, 0, 0, 0, 0, 0, 0, 0, 0, 1, 0, 0, 0, 0, 0, 2, 4, 3, 2, 3, 6, 4, 6, 12, 14, 16, 16, 11, 8, 13, 15, 12, 19, 28, 31, 23, 26, 17, 35, 47, 46, 50, 40, 32, 22, 23, 19, 14, 14, 9, 21, 22, 25, 24, 26, 30, 21, 41, 34, 16, 26, 20, 17, 18, 20, 24, 34, 36, 41, 30, 33, 29, 13, 17, 8, 12, 9, 6, 5, 1]
YTOT: [0, 0, 0, 0, 0, 0, 0, 0, 0, 0, 0, 0, 0, 0, 0, 0, 0, 0, 0, 0, 0, 0, 0, 0, 0, 0, 0, 0, 0, 0, 0, 0, 0, 0, 0, 0, 0, 0, 0, 0, 0, 1, 1, 1, 1, 1, 1, 3, 7, 10, 12, 15, 21, 25, 31, 43, 57, 73, 89, 100, 108, 121, 136, 148, 167, 195, 226, 249, 275, 292, 327, 374, 420, 470, 510, 542, 564, 587, 606, 620, 634, 643, 664, 686, 711, 735, 761, 791, 812, 853, 887, 903, 929, 949, 966, 984, 1004, 1028, 1062, 1098, 1139, 1169, 1202, 1231, 1244, 1261, 1269, 1281, 1290, 1296, 1301, 1302]

END