

INFO: Total Population: 1133247
INFO: R0: 2
INFO: Incubation Period: 5
INFO: Illness Period: 7
X:[0, 1, 2, 3, 4, 5, 6, 7, 8, 9, 10, 11, 12, 13, 14, 15, 16, 17, 18, 19, 20, 21, 22, 23, 24, 25, 26, 27, 28, 29, 30, 31, 32, 33, 34, 35, 36, 37, 38, 39, 40, 41, 42, 43, 44, 45, 46, 47, 48, 49, 50, 51, 52, 53, 54, 55, 56, 57, 58, 59, 60, 61, 62, 63, 64, 65, 66, 67, 68, 69, 70, 71, 72, 73, 74, 75, 76, 77, 78, 79, 80, 81, 82, 83, 84, 85, 86, 87, 88, 89, 90, 91, 92, 93, 94, 95, 96, 97, 98, 99, 100, 101, 102, 103, 104, 105, 106, 107, 108, 109, 110, 111, 112, 113, 114, 115, 116, 117, 118, 119]
YNEW:[0, 0, 0, 0, 0, 0, 0, 0, 0, 0, 0, 0, 0, 0, 0, 0, 0, 0, 0, 0, 0, 0, 0, 0, 0, 0, 0, 0, 0, 0, 0, 0, 0, 0, 0, 0, 0, 0, 0, 0, 0, 0, 0, 0, 1, 1, 2, 2, 2, 1, 1, 5, 5, 4, 4, 5, 3, 3, 3, 4, 6, 8, 11, 15, 19, 20, 20, 15, 13, 20, 23, 25, 28, 35, 35, 34, 31, 27, 24, 24, 22, 18, 16, 26, 23, 21, 20, 25, 19, 18, 25, 22, 17, 17, 17, 14, 11, 14, 15, 18, 12, 14, 12, 12, 21, 14, 10, 13, 10, 13, 17, 7, 2, 9, 5, 3, 6, 1, 1]
YTOT: [0, 0, 0, 0, 0, 0, 0, 0, 0, 0, 0, 0, 0, 0, 0, 0, 0, 0, 0, 0, 0, 0, 0, 0, 0, 0, 0, 0, 0, 0, 0, 0, 0, 0, 0, 0, 0, 0, 0, 0, 0, 0, 0, 0, 1, 2, 4, 6, 8, 9, 10, 15, 20, 24, 28, 33, 36, 39, 42, 46, 52, 60, 71, 86, 105, 125, 145, 160, 173, 193, 216, 241, 269, 304, 339, 373, 404, 431, 455, 479, 501, 519, 535, 561, 584, 605, 625, 650, 669, 687, 712, 734, 751, 768, 785, 799, 810, 824, 839, 857, 869, 883, 895, 907, 928, 942, 952, 965, 975, 988, 1005, 1012, 1014, 1023, 1028, 1031, 1037, 1038, 1039]

INFO: Total Population: 1133247
INFO: R0: 2
INFO: Incubation Period: 5
INFO: Illness Period: 7
X:[0, 1, 2, 3, 4, 5, 6, 7, 8, 9, 10, 11, 12, 13, 14, 15, 16, 17, 18, 19, 20, 21, 22, 23, 24, 25, 26, 27, 28, 29, 30, 31, 32, 33, 34, 35, 36, 37, 38, 39, 40, 41, 42, 43, 44, 45, 46, 47, 48, 49, 50, 51, 52, 53, 54, 55, 56, 57, 58, 59, 60, 61, 62, 63, 64, 65, 66, 67, 68, 69, 70, 71, 72, 73, 74, 75, 76, 77, 78, 79, 80, 81, 82, 83, 84, 85, 86, 87, 88, 89, 90, 91, 92, 93, 94, 95, 96, 97, 98, 99, 100, 101, 102, 103, 104, 105, 106, 107, 108, 109, 110, 111, 112, 113, 114, 115, 116, 117, 118, 119]
YNEW:[0, 0, 0, 0, 0, 0, 0, 0, 0, 0, 0, 0, 0, 0, 0, 0, 0, 0, 0, 0, 0, 0, 0, 0, 0, 0, 0, 0, 0, 0, 0, 0, 0, 0, 0, 0, 0, 0, 0, 0, 0, 0, 0, 0, 1, 1, 2, 2, 2, 1, 1, 5, 5, 4, 4, 5, 3, 3, 3, 4, 6, 8, 11, 15, 19, 20, 20, 15, 13, 20, 23, 25, 28, 35, 35, 34, 31, 27, 24, 24, 22, 18, 16, 26, 23, 21, 20, 25, 19, 18, 25, 22, 17, 17, 17, 14, 11, 14, 11, 22, 13, 11, 15, 13, 16, 13, 17, 20, 15, 13, 12, 9, 9, 4, 1, 5, 4, 2, 1]
YTOT: [0, 0, 0, 0, 0, 0, 0, 0, 0, 0, 0, 0, 0, 0, 0, 0, 0, 0, 0, 0, 0, 0, 0, 0, 0, 0, 0, 0, 0, 0, 0, 0, 0, 0, 0, 0, 0, 0, 0, 0, 0, 0, 0, 0, 1, 2, 4, 6, 8, 9, 10, 15, 20, 24, 28, 33, 36, 39, 42, 46, 52, 60, 71, 86, 105, 125, 145, 160, 173, 193, 216, 241, 269, 304, 339, 373, 404, 431, 455, 479, 501, 519, 535, 561, 584, 605, 625, 650, 669, 687, 712, 734, 751, 768, 785, 799, 810, 824, 835, 857, 870, 881, 896, 909, 925, 938, 955, 975, 990, 1003, 1015, 1024, 1033, 1037, 1038, 1043, 1047, 1049, 1050]

INFO: Total Population: 1133247
INFO: R0: 2
INFO: Incubation Period: 5
INFO: Illness Period: 7
X:[0, 1, 2, 3, 4, 5, 6, 7, 8, 9, 10, 11, 12, 13, 14, 15, 16, 17, 18, 19, 20, 21, 22, 23, 24, 25, 26, 27, 28, 29, 30, 31, 32, 33, 34, 35, 36, 37, 38, 39, 40, 41, 42, 43, 44, 45, 46, 47, 48, 49, 50, 51, 52, 53, 54, 55, 56, 57, 58, 59, 60, 61, 62, 63, 64, 65, 66, 67, 68, 69, 70, 71, 72, 73, 74, 75, 76, 77, 78, 79, 80, 81, 82, 83, 84, 85, 86, 87, 88, 89, 90, 91, 92, 93, 94, 95, 96, 97, 98, 99, 100, 101, 102, 103, 104, 105, 106, 107, 108, 109, 110, 111, 112, 113, 114, 115, 116, 117, 118]
YNEW:[0, 0, 0, 0, 0, 0, 0, 0, 0, 0, 0, 0, 0, 0, 0, 0, 0, 0, 0, 0, 0, 0, 0, 0, 0, 0, 0, 0, 0, 0, 0, 0, 0, 0, 0, 0, 0, 0, 0, 0, 0, 0, 0, 0, 1, 1, 2, 2, 2, 1, 1, 5, 5, 4, 4, 5, 3, 3, 3, 4, 6, 8, 11, 15, 19, 20, 20, 15, 13, 20, 23, 25, 28, 35, 35, 34, 31, 27, 24, 24, 22, 18, 16, 26, 23, 21, 20, 25, 19, 18, 25, 22, 17, 17, 17, 14, 11, 14, 23, 14, 9, 15, 12, 12, 13, 8, 21, 12, 14, 15, 5, 12, 9, 5, 5, 3, 4, 1]
YTOT: [0, 0, 0, 0, 0, 0, 0, 0, 0, 0, 0, 0, 0, 0, 0, 0, 0, 0, 0, 0, 0, 0, 0, 0, 0, 0, 0, 0, 0, 0, 0, 0, 0, 0, 0, 0, 0, 0, 0, 0, 0, 0, 0, 0, 1, 2, 4, 6, 8, 9, 10, 15, 20, 24, 28, 33, 36, 39, 42, 46, 52, 60, 71, 86, 105, 125, 145, 160, 173, 193, 216, 241, 269, 304, 339, 373, 404, 431, 455, 479, 501, 519, 535, 561, 584, 605, 625, 650, 669, 687, 712, 734, 751, 768, 785, 799, 810, 824, 847, 861, 870, 885, 897, 909, 922, 930, 951, 963, 977, 992, 997, 1009, 1018, 1023, 1028, 1031, 1035, 1036]

INFO: Total Population: 1133247
INFO: R0: 2
INFO: Incubation Period: 5
INFO: Illness Period: 7
X:[0, 1, 2, 3, 4, 5, 6, 7, 8, 9, 10, 11, 12, 13, 14, 15, 16, 17, 18, 19, 20, 21, 22, 23, 24, 25, 26, 27, 28, 29, 30, 31, 32, 33, 34, 35, 36, 37, 38, 39, 40, 41, 42, 43, 44, 45, 46, 47, 48, 49, 50, 51, 52, 53, 54, 55, 56, 57, 58, 59, 60, 61, 62, 63, 64, 65, 66, 67, 68, 69, 70, 71, 72, 73, 74, 75, 76, 77, 78, 79, 80, 81, 82, 83, 84, 85, 86, 87, 88, 89, 90, 91, 92, 93, 94, 95, 96, 97, 98, 99, 100, 101, 102, 103, 104, 105, 106, 107, 108, 109, 110, 111, 112, 113, 114, 115, 116, 117, 118, 119]
YNEW:[0, 0, 0, 0, 0, 0, 0, 0, 0, 0, 0, 0, 0, 0, 0, 0, 0, 0, 0, 0, 0, 0, 0, 0, 0, 0, 0, 0, 0, 0, 0, 0, 0, 0, 0, 0, 0, 0, 0, 0, 0, 0, 0, 0, 1, 1, 2, 2, 2, 1, 1, 5, 5, 4, 4, 5, 3, 3, 3, 4, 6, 8, 11, 15, 19, 20, 20, 15, 13, 20, 23, 25, 28, 35, 35, 34, 31, 27, 24, 24, 22, 18, 16, 26, 23, 21, 20, 25, 19, 18, 25, 22, 17, 17, 17, 14, 11, 14, 18, 17, 14, 12, 12, 4, 18, 18, 21, 14, 14, 14, 6, 11, 5, 5, 6, 8, 1, 2, 1]
YTOT: [0, 0, 0, 0, 0, 0, 0, 0, 0, 0, 0, 0, 0, 0, 0, 0, 0, 0, 0, 0, 0, 0, 0, 0, 0, 0, 0, 0, 0, 0, 0, 0, 0, 0, 0, 0, 0, 0, 0, 0, 0, 0, 0, 0, 1, 2, 4, 6, 8, 9, 10, 15, 20, 24, 28, 33, 36, 39, 42, 46, 52, 60, 71, 86, 105, 125, 145, 160, 173, 193, 216, 241, 269, 304, 339, 373, 404, 431, 455, 479, 501, 519, 535, 561, 584, 605, 625, 650, 669, 687, 712, 734, 751, 768, 785, 799, 810, 824, 842, 859, 873, 885, 897, 901, 919, 937, 958, 972, 986, 1000, 1006, 1017, 1022, 1027, 1033, 1041, 1042, 1044, 1045]

INFO: Total Population: 1133247
INFO: R0: 2
INFO: Incubation Period: 5
INFO: Illness Period: 7
X:[0, 1, 2, 3, 4, 5, 6, 7, 8, 9, 10, 11, 12, 13, 14, 15, 16, 17, 18, 19, 20, 21, 22, 23, 24, 25, 26, 27, 28, 29, 30, 31, 32, 33, 34, 35, 36, 37, 38, 39, 40, 41, 42, 43, 44, 45, 46, 47, 48, 49, 50, 51, 52, 53, 54, 55, 56, 57, 58, 59, 60, 61, 62, 63, 64, 65, 66, 67, 68, 69, 70, 71, 72, 73, 74, 75, 76, 77, 78, 79, 80, 81, 82, 83, 84, 85, 86, 87, 88, 89, 90, 91, 92, 93, 94, 95, 96, 97, 98, 99, 100, 101, 102, 103, 104, 105, 106, 107, 108, 109, 110, 111, 112, 113, 114, 115, 116, 117, 118, 119]
YNEW:[0, 0, 0, 0, 0, 0, 0, 0, 0, 0, 0, 0, 0, 0, 0, 0, 0, 0, 0, 0, 0, 0, 0, 0, 0, 0, 0, 0, 0, 0, 0, 0, 0, 0, 0, 0, 0, 0, 0, 0, 0, 0, 0, 0, 1, 1, 2, 2, 2, 1, 1, 5, 5, 4, 4, 5, 3, 3, 3, 4, 6, 8, 11, 15, 19, 20, 20, 15, 13, 20, 23, 25, 28, 35, 35, 34, 31, 27, 24, 24, 22, 18, 16, 26, 23, 21, 20, 25, 19, 18, 25, 22, 17, 17, 17, 14, 11, 14, 15, 22, 15, 13, 5, 8, 18, 14, 12, 14, 13, 11, 13, 5, 7, 11, 4, 7, 1, 3, 1]
YTOT: [0, 0, 0, 0, 0, 0, 0, 0, 0, 0, 0, 0, 0, 0, 0, 0, 0, 0, 0, 0, 0, 0, 0, 0, 0, 0, 0, 0, 0, 0, 0, 0, 0, 0, 0, 0, 0, 0, 0, 0, 0, 0, 0, 0, 1, 2, 4, 6, 8, 9, 10, 15, 20, 24, 28, 33, 36, 39, 42, 46, 52, 60, 71, 86, 105, 125, 145, 160, 173, 193, 216, 241, 269, 304, 339, 373, 404, 431, 455, 479, 501, 519, 535, 561, 584, 605, 625, 650, 669, 687, 712, 734, 751, 768, 785, 799, 810, 824, 839, 861, 876, 889, 894, 902, 920, 934, 946, 960, 973, 984, 997, 1002, 1009, 1020, 1024, 1031, 1032, 1035, 1036]

INFO: Total Population: 1133247
INFO: R0: 2
INFO: Incubation Period: 5
INFO: Illness Period: 7
X:[0, 1, 2, 3, 4, 5, 6, 7, 8, 9, 10, 11, 12, 13, 14, 15, 16, 17, 18, 19, 20, 21, 22, 23, 24, 25, 26, 27, 28, 29, 30, 31, 32, 33, 34, 35, 36, 37, 38, 39, 40, 41, 42, 43, 44, 45, 46, 47, 48, 49, 50, 51, 52, 53, 54, 55, 56, 57, 58, 59, 60, 61, 62, 63, 64, 65, 66, 67, 68, 69, 70, 71, 72, 73, 74, 75, 76, 77, 78, 79, 80, 81, 82, 83, 84, 85, 86, 87, 88, 89, 90, 91, 92, 93, 94, 95, 96, 97, 98, 99, 100, 101, 102, 103, 104, 105, 106, 107, 108, 109, 110, 111, 112, 113, 114, 115, 116, 117, 118, 119]
YNEW:[0, 0, 0, 0, 0, 0, 0, 0, 0, 0, 0, 0, 0, 0, 0, 0, 0, 0, 0, 0, 0, 0, 0, 0, 0, 0, 0, 0, 0, 0, 0, 0, 0, 0, 0, 0, 0, 0, 0, 0, 0, 0, 0, 0, 1, 1, 2, 2, 2, 1, 1, 5, 5, 4, 4, 5, 3, 3, 3, 4, 6, 8, 11, 15, 19, 20, 20, 15, 13, 20, 23, 25, 28, 35, 35, 34, 31, 27, 24, 24, 22, 18, 16, 26, 23, 21, 20, 25, 19, 18, 25, 22, 17, 17, 17, 14, 11, 14, 25, 13, 18, 14, 17, 13, 10, 15, 15, 13, 12, 16, 15, 12, 12, 6, 4, 3, 2, 4, 1]
YTOT: [0, 0, 0, 0, 0, 0, 0, 0, 0, 0, 0, 0, 0, 0, 0, 0, 0, 0, 0, 0, 0, 0, 0, 0, 0, 0, 0, 0, 0, 0, 0, 0, 0, 0, 0, 0, 0, 0, 0, 0, 0, 0, 0, 0, 1, 2, 4, 6, 8, 9, 10, 15, 20, 24, 28, 33, 36, 39, 42, 46, 52, 60, 71, 86, 105, 125, 145, 160, 173, 193, 216, 241, 269, 304, 339, 373, 404, 431, 455, 479, 501, 519, 535, 561, 584, 605, 625, 650, 669, 687, 712, 734, 751, 768, 785, 799, 810, 824, 849, 862, 880, 894, 911, 924, 934, 949, 964, 977, 989, 1005, 1020, 1032, 1044, 1050, 1054, 1057, 1059, 1063, 1064]

INFO: Total Population: 1133247
INFO: R0: 2
INFO: Incubation Period: 5
INFO: Illness Period: 7
X:[0, 1, 2, 3, 4, 5, 6, 7, 8, 9, 10, 11, 12, 13, 14, 15, 16, 17, 18, 19, 20, 21, 22, 23, 24, 25, 26, 27, 28, 29, 30, 31, 32, 33, 34, 35, 36, 37, 38, 39, 40, 41, 42, 43, 44, 45, 46, 47, 48, 49, 50, 51, 52, 53, 54, 55, 56, 57, 58, 59, 60, 61, 62, 63, 64, 65, 66, 67, 68, 69, 70, 71, 72, 73, 74, 75, 76, 77, 78, 79, 80, 81, 82, 83, 84, 85, 86, 87, 88, 89, 90, 91, 92, 93, 94, 95, 96, 97, 98, 99, 100, 101, 102, 103, 104, 105, 106, 107, 108, 109, 110, 111, 112, 113, 114, 115, 116, 117]
YNEW:[0, 0, 0, 0, 0, 0, 0, 0, 0, 0, 0, 0, 0, 0, 0, 0, 0, 0, 0, 0, 0, 0, 0, 0, 0, 0, 0, 0, 0, 0, 0, 0, 0, 0, 0, 0, 0, 0, 0, 0, 0, 0, 0, 0, 1, 1, 2, 2, 2, 1, 1, 5, 5, 4, 4, 5, 3, 3, 3, 4, 6, 8, 11, 15, 19, 20, 20, 15, 13, 20, 23, 25, 28, 35, 35, 34, 31, 27, 24, 24, 22, 18, 16, 26, 23, 21, 20, 25, 19, 18, 25, 22, 17, 17, 17, 14, 11, 14, 13, 23, 10, 14, 11, 11, 17, 8, 14, 14, 16, 19, 9, 6, 7, 9, 7, 3, 2]
YTOT: [0, 0, 0, 0, 0, 0, 0, 0, 0, 0, 0, 0, 0, 0, 0, 0, 0, 0, 0, 0, 0, 0, 0, 0, 0, 0, 0, 0, 0, 0, 0, 0, 0, 0, 0, 0, 0, 0, 0, 0, 0, 0, 0, 0, 1, 2, 4, 6, 8, 9, 10, 15, 20, 24, 28, 33, 36, 39, 42, 46, 52, 60, 71, 86, 105, 125, 145, 160, 173, 193, 216, 241, 269, 304, 339, 373, 404, 431, 455, 479, 501, 519, 535, 561, 584, 605, 625, 650, 669, 687, 712, 734, 751, 768, 785, 799, 810, 824, 837, 860, 870, 884, 895, 906, 923, 931, 945, 959, 975, 994, 1003, 1009, 1016, 1025, 1032, 1035, 1037]

INFO: Total Population: 1133247
INFO: R0: 2
INFO: Incubation Period: 5
INFO: Illness Period: 7
X:[0, 1, 2, 3, 4, 5, 6, 7, 8, 9, 10, 11, 12, 13, 14, 15, 16, 17, 18, 19, 20, 21, 22, 23, 24, 25, 26, 27, 28, 29, 30, 31, 32, 33, 34, 35, 36, 37, 38, 39, 40, 41, 42, 43, 44, 45, 46, 47, 48, 49, 50, 51, 52, 53, 54, 55, 56, 57, 58, 59, 60, 61, 62, 63, 64, 65, 66, 67, 68, 69, 70, 71, 72, 73, 74, 75, 76, 77, 78, 79, 80, 81, 82, 83, 84, 85, 86, 87, 88, 89, 90, 91, 92, 93, 94, 95, 96, 97, 98, 99, 100, 101, 102, 103, 104, 105, 106, 107, 108, 109, 110, 111, 112, 113, 114, 115, 116, 117, 118, 119]
YNEW:[0, 0, 0, 0, 0, 0, 0, 0, 0, 0, 0, 0, 0, 0, 0, 0, 0, 0, 0, 0, 0, 0, 0, 0, 0, 0, 0, 0, 0, 0, 0, 0, 0, 0, 0, 0, 0, 0, 0, 0, 0, 0, 0, 0, 1, 1, 2, 2, 2, 1, 1, 5, 5, 4, 4, 5, 3, 3, 3, 4, 6, 8, 11, 15, 19, 20, 20, 15, 13, 20, 23, 25, 28, 35, 35, 34, 31, 27, 24, 24, 22, 18, 16, 26, 23, 21, 20, 25, 19, 18, 25, 22, 17, 17, 17, 14, 11, 14, 14, 19, 7, 14, 6, 9, 16, 7, 11, 12, 16, 13, 11, 4, 8, 7, 5, 1, 2, 1, 1]
YTOT: [0, 0, 0, 0, 0, 0, 0, 0, 0, 0, 0, 0, 0, 0, 0, 0, 0, 0, 0, 0, 0, 0, 0, 0, 0, 0, 0, 0, 0, 0, 0, 0, 0, 0, 0, 0, 0, 0, 0, 0, 0, 0, 0, 0, 1, 2, 4, 6, 8, 9, 10, 15, 20, 24, 28, 33, 36, 39, 42, 46, 52, 60, 71, 86, 105, 125, 145, 160, 173, 193, 216, 241, 269, 304, 339, 373, 404, 431, 455, 479, 501, 519, 535, 561, 584, 605, 625, 650, 669, 687, 712, 734, 751, 768, 785, 799, 810, 824, 838, 857, 864, 878, 884, 893, 909, 916, 927, 939, 955, 968, 979, 983, 991, 998, 1003, 1004, 1006, 1007, 1008]

INFO: Total Population: 1133247
INFO: R0: 2
INFO: Incubation Period: 5
INFO: Illness Period: 7
X:[0, 1, 2, 3, 4, 5, 6, 7, 8, 9, 10, 11, 12, 13, 14, 15, 16, 17, 18, 19, 20, 21, 22, 23, 24, 25, 26, 27, 28, 29, 30, 31, 32, 33, 34, 35, 36, 37, 38, 39, 40, 41, 42, 43, 44, 45, 46, 47, 48, 49, 50, 51, 52, 53, 54, 55, 56, 57, 58, 59, 60, 61, 62, 63, 64, 65, 66, 67, 68, 69, 70, 71, 72, 73, 74, 75, 76, 77, 78, 79, 80, 81, 82, 83, 84, 85, 86, 87, 88, 89, 90, 91, 92, 93, 94, 95, 96, 97, 98, 99, 100, 101, 102, 103, 104, 105, 106, 107, 108, 109, 110, 111, 112, 113, 114, 115, 116, 117, 118, 119, 120]
YNEW:[0, 0, 0, 0, 0, 0, 0, 0, 0, 0, 0, 0, 0, 0, 0, 0, 0, 0, 0, 0, 0, 0, 0, 0, 0, 0, 0, 0, 0, 0, 0, 0, 0, 0, 0, 0, 0, 0, 0, 0, 0, 0, 0, 0, 1, 1, 2, 2, 2, 1, 1, 5, 5, 4, 4, 5, 3, 3, 3, 4, 6, 8, 11, 15, 19, 20, 20, 15, 13, 20, 23, 25, 28, 35, 35, 34, 31, 27, 24, 24, 22, 18, 16, 26, 23, 21, 20, 25, 19, 18, 25, 22, 17, 17, 17, 14, 11, 14, 18, 13, 13, 16, 14, 16, 18, 17, 15, 13, 14, 14, 8, 13, 10, 9, 7, 3, 3, 2, 1, 1]
YTOT: [0, 0, 0, 0, 0, 0, 0, 0, 0, 0, 0, 0, 0, 0, 0, 0, 0, 0, 0, 0, 0, 0, 0, 0, 0, 0, 0, 0, 0, 0, 0, 0, 0, 0, 0, 0, 0, 0, 0, 0, 0, 0, 0, 0, 1, 2, 4, 6, 8, 9, 10, 15, 20, 24, 28, 33, 36, 39, 42, 46, 52, 60, 71, 86, 105, 125, 145, 160, 173, 193, 216, 241, 269, 304, 339, 373, 404, 431, 455, 479, 501, 519, 535, 561, 584, 605, 625, 650, 669, 687, 712, 734, 751, 768, 785, 799, 810, 824, 842, 855, 868, 884, 898, 914, 932, 949, 964, 977, 991, 1005, 1013, 1026, 1036, 1045, 1052, 1055, 1058, 1060, 1061, 1062]

INFO: Total Population: 1133247
INFO: R0: 2
INFO: Incubation Period: 5
INFO: Illness Period: 7
X:[0, 1, 2, 3, 4, 5, 6, 7, 8, 9, 10, 11, 12, 13, 14, 15, 16, 17, 18, 19, 20, 21, 22, 23, 24, 25, 26, 27, 28, 29, 30, 31, 32, 33, 34, 35, 36, 37, 38, 39, 40, 41, 42, 43, 44, 45, 46, 47, 48, 49, 50, 51, 52, 53, 54, 55, 56, 57, 58, 59, 60, 61, 62, 63, 64, 65, 66, 67, 68, 69, 70, 71, 72, 73, 74, 75, 76, 77, 78, 79, 80, 81, 82, 83, 84, 85, 86, 87, 88, 89, 90, 91, 92, 93, 94, 95, 96, 97, 98, 99, 100, 101, 102, 103, 104, 105, 106, 107, 108, 109, 110, 111, 112, 113, 114, 115, 116, 117, 118]
YNEW:[0, 0, 0, 0, 0, 0, 0, 0, 0, 0, 0, 0, 0, 0, 0, 0, 0, 0, 0, 0, 0, 0, 0, 0, 0, 0, 0, 0, 0, 0, 0, 0, 0, 0, 0, 0, 0, 0, 0, 0, 0, 0, 0, 0, 1, 1, 2, 2, 2, 1, 1, 5, 5, 4, 4, 5, 3, 3, 3, 4, 6, 8, 11, 15, 19, 20, 20, 15, 13, 20, 23, 25, 28, 35, 35, 34, 31, 27, 24, 24, 22, 18, 16, 26, 23, 21, 20, 25, 19, 18, 25, 22, 17, 17, 17, 14, 11, 14, 23, 15, 14, 13, 9, 10, 18, 11, 15, 19, 15, 9, 14, 12, 7, 5, 3, 4, 1, 1]
YTOT: [0, 0, 0, 0, 0, 0, 0, 0, 0, 0, 0, 0, 0, 0, 0, 0, 0, 0, 0, 0, 0, 0, 0, 0, 0, 0, 0, 0, 0, 0, 0, 0, 0, 0, 0, 0, 0, 0, 0, 0, 0, 0, 0, 0, 1, 2, 4, 6, 8, 9, 10, 15, 20, 24, 28, 33, 36, 39, 42, 46, 52, 60, 71, 86, 105, 125, 145, 160, 173, 193, 216, 241, 269, 304, 339, 373, 404, 431, 455, 479, 501, 519, 535, 561, 584, 605, 625, 650, 669, 687, 712, 734, 751, 768, 785, 799, 810, 824, 847, 862, 876, 889, 898, 908, 926, 937, 952, 971, 986, 995, 1009, 1021, 1028, 1033, 1036, 1040, 1041, 1042]

INFO: Total Population: 1133247
INFO: R0: 2
INFO: Incubation Period: 5
INFO: Illness Period: 7
X:[0, 1, 2, 3, 4, 5, 6, 7, 8, 9, 10, 11, 12, 13, 14, 15, 16, 17, 18, 19, 20, 21, 22, 23, 24, 25, 26, 27, 28, 29, 30, 31, 32, 33, 34, 35, 36, 37, 38, 39, 40, 41, 42, 43, 44, 45, 46, 47, 48, 49, 50, 51, 52, 53, 54, 55, 56, 57, 58, 59, 60, 61, 62, 63, 64, 65, 66, 67, 68, 69, 70, 71, 72, 73, 74, 75, 76, 77, 78, 79, 80, 81, 82, 83, 84, 85, 86, 87, 88, 89, 90, 91, 92, 93, 94, 95, 96, 97, 98, 99, 100, 101, 102, 103, 104, 105, 106, 107, 108, 109, 110, 111, 112, 113, 114, 115, 116, 117, 118, 119, 120]
YNEW:[0, 0, 0, 0, 0, 0, 0, 0, 0, 0, 0, 0, 0, 0, 0, 0, 0, 0, 0, 0, 0, 0, 0, 0, 0, 0, 0, 0, 0, 0, 0, 0, 0, 0, 0, 0, 0, 0, 0, 0, 0, 0, 0, 0, 1, 1, 2, 2, 2, 1, 1, 5, 5, 4, 4, 5, 3, 3, 3, 4, 6, 8, 11, 15, 19, 20, 20, 15, 13, 20, 23, 25, 28, 35, 35, 34, 31, 27, 24, 24, 22, 18, 16, 26, 23, 21, 20, 25, 19, 18, 25, 22, 17, 17, 17, 14, 11, 14, 8, 19, 14, 14, 15, 9, 14, 13, 15, 13, 11, 12, 9, 9, 13, 9, 5, 4, 1, 1, 1, 1]
YTOT: [0, 0, 0, 0, 0, 0, 0, 0, 0, 0, 0, 0, 0, 0, 0, 0, 0, 0, 0, 0, 0, 0, 0, 0, 0, 0, 0, 0, 0, 0, 0, 0, 0, 0, 0, 0, 0, 0, 0, 0, 0, 0, 0, 0, 1, 2, 4, 6, 8, 9, 10, 15, 20, 24, 28, 33, 36, 39, 42, 46, 52, 60, 71, 86, 105, 125, 145, 160, 173, 193, 216, 241, 269, 304, 339, 373, 404, 431, 455, 479, 501, 519, 535, 561, 584, 605, 625, 650, 669, 687, 712, 734, 751, 768, 785, 799, 810, 824, 832, 851, 865, 879, 894, 903, 917, 930, 945, 958, 969, 981, 990, 999, 1012, 1021, 1026, 1030, 1031, 1032, 1033, 1034]

INFO: Total Population: 1133247
INFO: R0: 2
INFO: Incubation Period: 5
INFO: Illness Period: 7
X:[0, 1, 2, 3, 4, 5, 6, 7, 8, 9, 10, 11, 12, 13, 14, 15, 16, 17, 18, 19, 20, 21, 22, 23, 24, 25, 26, 27, 28, 29, 30, 31, 32, 33, 34, 35, 36, 37, 38, 39, 40, 41, 42, 43, 44, 45, 46, 47, 48, 49, 50, 51, 52, 53, 54, 55, 56, 57, 58, 59, 60, 61, 62, 63, 64, 65, 66, 67, 68, 69, 70, 71, 72, 73, 74, 75, 76, 77, 78, 79, 80, 81, 82, 83, 84, 85, 86, 87, 88, 89, 90, 91, 92, 93, 94, 95, 96, 97, 98, 99, 100, 101, 102, 103, 104, 105, 106, 107, 108, 109, 110, 111, 112, 113, 114, 115, 116, 117, 118, 119]
YNEW:[0, 0, 0, 0, 0, 0, 0, 0, 0, 0, 0, 0, 0, 0, 0, 0, 0, 0, 0, 0, 0, 0, 0, 0, 0, 0, 0, 0, 0, 0, 0, 0, 0, 0, 0, 0, 0, 0, 0, 0, 0, 0, 0, 0, 1, 1, 2, 2, 2, 1, 1, 5, 5, 4, 4, 5, 3, 3, 3, 4, 6, 8, 11, 15, 19, 20, 20, 15, 13, 20, 23, 25, 28, 35, 35, 34, 31, 27, 24, 24, 22, 18, 16, 26, 23, 21, 20, 25, 19, 18, 25, 22, 17, 17, 17, 14, 11, 14, 17, 18, 14, 18, 17, 16, 7, 17, 18, 18, 18, 23, 11, 17, 5, 5, 5, 6, 2, 1, 1]
YTOT: [0, 0, 0, 0, 0, 0, 0, 0, 0, 0, 0, 0, 0, 0, 0, 0, 0, 0, 0, 0, 0, 0, 0, 0, 0, 0, 0, 0, 0, 0, 0, 0, 0, 0, 0, 0, 0, 0, 0, 0, 0, 0, 0, 0, 1, 2, 4, 6, 8, 9, 10, 15, 20, 24, 28, 33, 36, 39, 42, 46, 52, 60, 71, 86, 105, 125, 145, 160, 173, 193, 216, 241, 269, 304, 339, 373, 404, 431, 455, 479, 501, 519, 535, 561, 584, 605, 625, 650, 669, 687, 712, 734, 751, 768, 785, 799, 810, 824, 841, 859, 873, 891, 908, 924, 931, 948, 966, 984, 1002, 1025, 1036, 1053, 1058, 1063, 1068, 1074, 1076, 1077, 1078]

INFO: Total Population: 1133247
INFO: R0: 2
INFO: Incubation Period: 5
INFO: Illness Period: 7
X:[0, 1, 2, 3, 4, 5, 6, 7, 8, 9, 10, 11, 12, 13, 14, 15, 16, 17, 18, 19, 20, 21, 22, 23, 24, 25, 26, 27, 28, 29, 30, 31, 32, 33, 34, 35, 36, 37, 38, 39, 40, 41, 42, 43, 44, 45, 46, 47, 48, 49, 50, 51, 52, 53, 54, 55, 56, 57, 58, 59, 60, 61, 62, 63, 64, 65, 66, 67, 68, 69, 70, 71, 72, 73, 74, 75, 76, 77, 78, 79, 80, 81, 82, 83, 84, 85, 86, 87, 88, 89, 90, 91, 92, 93, 94, 95, 96, 97, 98, 99, 100, 101, 102, 103, 104, 105, 106, 107, 108, 109, 110, 111, 112, 113, 114, 115, 116, 117, 118]
YNEW:[0, 0, 0, 0, 0, 0, 0, 0, 0, 0, 0, 0, 0, 0, 0, 0, 0, 0, 0, 0, 0, 0, 0, 0, 0, 0, 0, 0, 0, 0, 0, 0, 0, 0, 0, 0, 0, 0, 0, 0, 0, 0, 0, 0, 1, 1, 2, 2, 2, 1, 1, 5, 5, 4, 4, 5, 3, 3, 3, 4, 6, 8, 11, 15, 19, 20, 20, 15, 13, 20, 23, 25, 28, 35, 35, 34, 31, 27, 24, 24, 22, 18, 16, 26, 23, 21, 20, 25, 19, 18, 25, 22, 17, 17, 17, 14, 11, 14, 12, 15, 9, 18, 17, 10, 18, 12, 13, 15, 16, 11, 13, 4, 7, 5, 9, 5, 4, 2]
YTOT: [0, 0, 0, 0, 0, 0, 0, 0, 0, 0, 0, 0, 0, 0, 0, 0, 0, 0, 0, 0, 0, 0, 0, 0, 0, 0, 0, 0, 0, 0, 0, 0, 0, 0, 0, 0, 0, 0, 0, 0, 0, 0, 0, 0, 1, 2, 4, 6, 8, 9, 10, 15, 20, 24, 28, 33, 36, 39, 42, 46, 52, 60, 71, 86, 105, 125, 145, 160, 173, 193, 216, 241, 269, 304, 339, 373, 404, 431, 455, 479, 501, 519, 535, 561, 584, 605, 625, 650, 669, 687, 712, 734, 751, 768, 785, 799, 810, 824, 836, 851, 860, 878, 895, 905, 923, 935, 948, 963, 979, 990, 1003, 1007, 1014, 1019, 1028, 1033, 1037, 1039]

INFO: Total Population: 1133247
INFO: R0: 2
INFO: Incubation Period: 5
INFO: Illness Period: 7
X:[0, 1, 2, 3, 4, 5, 6, 7, 8, 9, 10, 11, 12, 13, 14, 15, 16, 17, 18, 19, 20, 21, 22, 23, 24, 25, 26, 27, 28, 29, 30, 31, 32, 33, 34, 35, 36, 37, 38, 39, 40, 41, 42, 43, 44, 45, 46, 47, 48, 49, 50, 51, 52, 53, 54, 55, 56, 57, 58, 59, 60, 61, 62, 63, 64, 65, 66, 67, 68, 69, 70, 71, 72, 73, 74, 75, 76, 77, 78, 79, 80, 81, 82, 83, 84, 85, 86, 87, 88, 89, 90, 91, 92, 93, 94, 95, 96, 97, 98, 99, 100, 101, 102, 103, 104, 105, 106, 107, 108, 109, 110, 111, 112, 113, 114, 115, 116, 117, 118, 119]
YNEW:[0, 0, 0, 0, 0, 0, 0, 0, 0, 0, 0, 0, 0, 0, 0, 0, 0, 0, 0, 0, 0, 0, 0, 0, 0, 0, 0, 0, 0, 0, 0, 0, 0, 0, 0, 0, 0, 0, 0, 0, 0, 0, 0, 0, 1, 1, 2, 2, 2, 1, 1, 5, 5, 4, 4, 5, 3, 3, 3, 4, 6, 8, 11, 15, 19, 20, 20, 15, 13, 20, 23, 25, 28, 35, 35, 34, 31, 27, 24, 24, 22, 18, 16, 26, 23, 21, 20, 25, 19, 18, 25, 22, 17, 17, 17, 14, 11, 14, 20, 19, 16, 9, 8, 13, 21, 11, 19, 19, 12, 12, 8, 8, 7, 7, 6, 2, 1, 1, 2]
YTOT: [0, 0, 0, 0, 0, 0, 0, 0, 0, 0, 0, 0, 0, 0, 0, 0, 0, 0, 0, 0, 0, 0, 0, 0, 0, 0, 0, 0, 0, 0, 0, 0, 0, 0, 0, 0, 0, 0, 0, 0, 0, 0, 0, 0, 1, 2, 4, 6, 8, 9, 10, 15, 20, 24, 28, 33, 36, 39, 42, 46, 52, 60, 71, 86, 105, 125, 145, 160, 173, 193, 216, 241, 269, 304, 339, 373, 404, 431, 455, 479, 501, 519, 535, 561, 584, 605, 625, 650, 669, 687, 712, 734, 751, 768, 785, 799, 810, 824, 844, 863, 879, 888, 896, 909, 930, 941, 960, 979, 991, 1003, 1011, 1019, 1026, 1033, 1039, 1041, 1042, 1043, 1045]

INFO: Total Population: 1133247
INFO: R0: 2
INFO: Incubation Period: 5
INFO: Illness Period: 7
X:[0, 1, 2, 3, 4, 5, 6, 7, 8, 9, 10, 11, 12, 13, 14, 15, 16, 17, 18, 19, 20, 21, 22, 23, 24, 25, 26, 27, 28, 29, 30, 31, 32, 33, 34, 35, 36, 37, 38, 39, 40, 41, 42, 43, 44, 45, 46, 47, 48, 49, 50, 51, 52, 53, 54, 55, 56, 57, 58, 59, 60, 61, 62, 63, 64, 65, 66, 67, 68, 69, 70, 71, 72, 73, 74, 75, 76, 77, 78, 79, 80, 81, 82, 83, 84, 85, 86, 87, 88, 89, 90, 91, 92, 93, 94, 95, 96, 97, 98, 99, 100, 101, 102, 103, 104, 105, 106, 107, 108, 109, 110, 111, 112, 113, 114, 115, 116, 117, 118, 119]
YNEW:[0, 0, 0, 0, 0, 0, 0, 0, 0, 0, 0, 0, 0, 0, 0, 0, 0, 0, 0, 0, 0, 0, 0, 0, 0, 0, 0, 0, 0, 0, 0, 0, 0, 0, 0, 0, 0, 0, 0, 0, 0, 0, 0, 0, 1, 1, 2, 2, 2, 1, 1, 5, 5, 4, 4, 5, 3, 3, 3, 4, 6, 8, 11, 15, 19, 20, 20, 15, 13, 20, 23, 25, 28, 35, 35, 34, 31, 27, 24, 24, 22, 18, 16, 26, 23, 21, 20, 25, 19, 18, 25, 22, 17, 17, 17, 14, 11, 14, 25, 14, 12, 10, 10, 20, 11, 16, 11, 14, 17, 19, 12, 7, 11, 8, 4, 1, 2, 1, 1]
YTOT: [0, 0, 0, 0, 0, 0, 0, 0, 0, 0, 0, 0, 0, 0, 0, 0, 0, 0, 0, 0, 0, 0, 0, 0, 0, 0, 0, 0, 0, 0, 0, 0, 0, 0, 0, 0, 0, 0, 0, 0, 0, 0, 0, 0, 1, 2, 4, 6, 8, 9, 10, 15, 20, 24, 28, 33, 36, 39, 42, 46, 52, 60, 71, 86, 105, 125, 145, 160, 173, 193, 216, 241, 269, 304, 339, 373, 404, 431, 455, 479, 501, 519, 535, 561, 584, 605, 625, 650, 669, 687, 712, 734, 751, 768, 785, 799, 810, 824, 849, 863, 875, 885, 895, 915, 926, 942, 953, 967, 984, 1003, 1015, 1022, 1033, 1041, 1045, 1046, 1048, 1049, 1050]

INFO: Total Population: 1133247
INFO: R0: 2
INFO: Incubation Period: 5
INFO: Illness Period: 7
X:[0, 1, 2, 3, 4, 5, 6, 7, 8, 9, 10, 11, 12, 13, 14, 15, 16, 17, 18, 19, 20, 21, 22, 23, 24, 25, 26, 27, 28, 29, 30, 31, 32, 33, 34, 35, 36, 37, 38, 39, 40, 41, 42, 43, 44, 45, 46, 47, 48, 49, 50, 51, 52, 53, 54, 55, 56, 57, 58, 59, 60, 61, 62, 63, 64, 65, 66, 67, 68, 69, 70, 71, 72, 73, 74, 75, 76, 77, 78, 79, 80, 81, 82, 83, 84, 85, 86, 87, 88, 89, 90, 91, 92, 93, 94, 95, 96, 97, 98, 99, 100, 101, 102, 103, 104, 105, 106, 107, 108, 109, 110, 111, 112, 113, 114, 115, 116, 117, 118]
YNEW:[0, 0, 0, 0, 0, 0, 0, 0, 0, 0, 0, 0, 0, 0, 0, 0, 0, 0, 0, 0, 0, 0, 0, 0, 0, 0, 0, 0, 0, 0, 0, 0, 0, 0, 0, 0, 0, 0, 0, 0, 0, 0, 0, 0, 1, 1, 2, 2, 2, 1, 1, 5, 5, 4, 4, 5, 3, 3, 3, 4, 6, 8, 11, 15, 19, 20, 20, 15, 13, 20, 23, 25, 28, 35, 35, 34, 31, 27, 24, 24, 22, 18, 16, 26, 23, 21, 20, 25, 19, 18, 25, 22, 17, 17, 17, 14, 11, 14, 19, 16, 17, 5, 8, 14, 16, 15, 21, 10, 17, 17, 10, 5, 6, 6, 2, 3, 3, 1]
YTOT: [0, 0, 0, 0, 0, 0, 0, 0, 0, 0, 0, 0, 0, 0, 0, 0, 0, 0, 0, 0, 0, 0, 0, 0, 0, 0, 0, 0, 0, 0, 0, 0, 0, 0, 0, 0, 0, 0, 0, 0, 0, 0, 0, 0, 1, 2, 4, 6, 8, 9, 10, 15, 20, 24, 28, 33, 36, 39, 42, 46, 52, 60, 71, 86, 105, 125, 145, 160, 173, 193, 216, 241, 269, 304, 339, 373, 404, 431, 455, 479, 501, 519, 535, 561, 584, 605, 625, 650, 669, 687, 712, 734, 751, 768, 785, 799, 810, 824, 843, 859, 876, 881, 889, 903, 919, 934, 955, 965, 982, 999, 1009, 1014, 1020, 1026, 1028, 1031, 1034, 1035]

INFO: Total Population: 1133247
INFO: R0: 2
INFO: Incubation Period: 5
INFO: Illness Period: 7
X:[0, 1, 2, 3, 4, 5, 6, 7, 8, 9, 10, 11, 12, 13, 14, 15, 16, 17, 18, 19, 20, 21, 22, 23, 24, 25, 26, 27, 28, 29, 30, 31, 32, 33, 34, 35, 36, 37, 38, 39, 40, 41, 42, 43, 44, 45, 46, 47, 48, 49, 50, 51, 52, 53, 54, 55, 56, 57, 58, 59, 60, 61, 62, 63, 64, 65, 66, 67, 68, 69, 70, 71, 72, 73, 74, 75, 76, 77, 78, 79, 80, 81, 82, 83, 84, 85, 86, 87, 88, 89, 90, 91, 92, 93, 94, 95, 96, 97, 98, 99, 100, 101, 102, 103, 104, 105, 106, 107, 108, 109, 110, 111, 112, 113, 114, 115, 116, 117, 118, 119]
YNEW:[0, 0, 0, 0, 0, 0, 0, 0, 0, 0, 0, 0, 0, 0, 0, 0, 0, 0, 0, 0, 0, 0, 0, 0, 0, 0, 0, 0, 0, 0, 0, 0, 0, 0, 0, 0, 0, 0, 0, 0, 0, 0, 0, 0, 1, 1, 2, 2, 2, 1, 1, 5, 5, 4, 4, 5, 3, 3, 3, 4, 6, 8, 11, 15, 19, 20, 20, 15, 13, 20, 23, 25, 28, 35, 35, 34, 31, 27, 24, 24, 22, 18, 16, 26, 23, 21, 20, 25, 19, 18, 25, 22, 17, 17, 17, 14, 11, 14, 15, 12, 17, 12, 11, 22, 14, 9, 13, 19, 9, 16, 13, 11, 13, 7, 9, 3, 1, 2, 1]
YTOT: [0, 0, 0, 0, 0, 0, 0, 0, 0, 0, 0, 0, 0, 0, 0, 0, 0, 0, 0, 0, 0, 0, 0, 0, 0, 0, 0, 0, 0, 0, 0, 0, 0, 0, 0, 0, 0, 0, 0, 0, 0, 0, 0, 0, 1, 2, 4, 6, 8, 9, 10, 15, 20, 24, 28, 33, 36, 39, 42, 46, 52, 60, 71, 86, 105, 125, 145, 160, 173, 193, 216, 241, 269, 304, 339, 373, 404, 431, 455, 479, 501, 519, 535, 561, 584, 605, 625, 650, 669, 687, 712, 734, 751, 768, 785, 799, 810, 824, 839, 851, 868, 880, 891, 913, 927, 936, 949, 968, 977, 993, 1006, 1017, 1030, 1037, 1046, 1049, 1050, 1052, 1053]

INFO: Total Population: 1133247
INFO: R0: 2
INFO: Incubation Period: 5
INFO: Illness Period: 7
X:[0, 1, 2, 3, 4, 5, 6, 7, 8, 9, 10, 11, 12, 13, 14, 15, 16, 17, 18, 19, 20, 21, 22, 23, 24, 25, 26, 27, 28, 29, 30, 31, 32, 33, 34, 35, 36, 37, 38, 39, 40, 41, 42, 43, 44, 45, 46, 47, 48, 49, 50, 51, 52, 53, 54, 55, 56, 57, 58, 59, 60, 61, 62, 63, 64, 65, 66, 67, 68, 69, 70, 71, 72, 73, 74, 75, 76, 77, 78, 79, 80, 81, 82, 83, 84, 85, 86, 87, 88, 89, 90, 91, 92, 93, 94, 95, 96, 97, 98, 99, 100, 101, 102, 103, 104, 105, 106, 107, 108, 109, 110, 111, 112, 113, 114, 115, 116, 117, 118, 119]
YNEW:[0, 0, 0, 0, 0, 0, 0, 0, 0, 0, 0, 0, 0, 0, 0, 0, 0, 0, 0, 0, 0, 0, 0, 0, 0, 0, 0, 0, 0, 0, 0, 0, 0, 0, 0, 0, 0, 0, 0, 0, 0, 0, 0, 0, 1, 1, 2, 2, 2, 1, 1, 5, 5, 4, 4, 5, 3, 3, 3, 4, 6, 8, 11, 15, 19, 20, 20, 15, 13, 20, 23, 25, 28, 35, 35, 34, 31, 27, 24, 24, 22, 18, 16, 26, 23, 21, 20, 25, 19, 18, 25, 22, 17, 17, 17, 14, 11, 14, 14, 22, 10, 12, 12, 12, 16, 17, 16, 12, 17, 16, 10, 8, 9, 5, 6, 3, 2, 1, 1]
YTOT: [0, 0, 0, 0, 0, 0, 0, 0, 0, 0, 0, 0, 0, 0, 0, 0, 0, 0, 0, 0, 0, 0, 0, 0, 0, 0, 0, 0, 0, 0, 0, 0, 0, 0, 0, 0, 0, 0, 0, 0, 0, 0, 0, 0, 1, 2, 4, 6, 8, 9, 10, 15, 20, 24, 28, 33, 36, 39, 42, 46, 52, 60, 71, 86, 105, 125, 145, 160, 173, 193, 216, 241, 269, 304, 339, 373, 404, 431, 455, 479, 501, 519, 535, 561, 584, 605, 625, 650, 669, 687, 712, 734, 751, 768, 785, 799, 810, 824, 838, 860, 870, 882, 894, 906, 922, 939, 955, 967, 984, 1000, 1010, 1018, 1027, 1032, 1038, 1041, 1043, 1044, 1045]

INFO: Total Population: 1133247
INFO: R0: 2
INFO: Incubation Period: 5
INFO: Illness Period: 7
X:[0, 1, 2, 3, 4, 5, 6, 7, 8, 9, 10, 11, 12, 13, 14, 15, 16, 17, 18, 19, 20, 21, 22, 23, 24, 25, 26, 27, 28, 29, 30, 31, 32, 33, 34, 35, 36, 37, 38, 39, 40, 41, 42, 43, 44, 45, 46, 47, 48, 49, 50, 51, 52, 53, 54, 55, 56, 57, 58, 59, 60, 61, 62, 63, 64, 65, 66, 67, 68, 69, 70, 71, 72, 73, 74, 75, 76, 77, 78, 79, 80, 81, 82, 83, 84, 85, 86, 87, 88, 89, 90, 91, 92, 93, 94, 95, 96, 97, 98, 99, 100, 101, 102, 103, 104, 105, 106, 107, 108, 109, 110, 111, 112, 113, 114, 115, 116, 117, 118]
YNEW:[0, 0, 0, 0, 0, 0, 0, 0, 0, 0, 0, 0, 0, 0, 0, 0, 0, 0, 0, 0, 0, 0, 0, 0, 0, 0, 0, 0, 0, 0, 0, 0, 0, 0, 0, 0, 0, 0, 0, 0, 0, 0, 0, 0, 1, 1, 2, 2, 2, 1, 1, 5, 5, 4, 4, 5, 3, 3, 3, 4, 6, 8, 11, 15, 19, 20, 20, 15, 13, 20, 23, 25, 28, 35, 35, 34, 31, 27, 24, 24, 22, 18, 16, 26, 23, 21, 20, 25, 19, 18, 25, 22, 17, 17, 17, 14, 11, 14, 17, 15, 20, 14, 12, 7, 17, 12, 23, 15, 20, 7, 11, 7, 13, 9, 2, 2, 3, 1]
YTOT: [0, 0, 0, 0, 0, 0, 0, 0, 0, 0, 0, 0, 0, 0, 0, 0, 0, 0, 0, 0, 0, 0, 0, 0, 0, 0, 0, 0, 0, 0, 0, 0, 0, 0, 0, 0, 0, 0, 0, 0, 0, 0, 0, 0, 1, 2, 4, 6, 8, 9, 10, 15, 20, 24, 28, 33, 36, 39, 42, 46, 52, 60, 71, 86, 105, 125, 145, 160, 173, 193, 216, 241, 269, 304, 339, 373, 404, 431, 455, 479, 501, 519, 535, 561, 584, 605, 625, 650, 669, 687, 712, 734, 751, 768, 785, 799, 810, 824, 841, 856, 876, 890, 902, 909, 926, 938, 961, 976, 996, 1003, 1014, 1021, 1034, 1043, 1045, 1047, 1050, 1051]

INFO: Total Population: 1133247
INFO: R0: 2
INFO: Incubation Period: 5
INFO: Illness Period: 7
X:[0, 1, 2, 3, 4, 5, 6, 7, 8, 9, 10, 11, 12, 13, 14, 15, 16, 17, 18, 19, 20, 21, 22, 23, 24, 25, 26, 27, 28, 29, 30, 31, 32, 33, 34, 35, 36, 37, 38, 39, 40, 41, 42, 43, 44, 45, 46, 47, 48, 49, 50, 51, 52, 53, 54, 55, 56, 57, 58, 59, 60, 61, 62, 63, 64, 65, 66, 67, 68, 69, 70, 71, 72, 73, 74, 75, 76, 77, 78, 79, 80, 81, 82, 83, 84, 85, 86, 87, 88, 89, 90, 91, 92, 93, 94, 95, 96, 97, 98, 99, 100, 101, 102, 103, 104, 105, 106, 107, 108, 109, 110, 111, 112, 113, 114, 115, 116, 117, 118, 119]
YNEW:[0, 0, 0, 0, 0, 0, 0, 0, 0, 0, 0, 0, 0, 0, 0, 0, 0, 0, 0, 0, 0, 0, 0, 0, 0, 0, 0, 0, 0, 0, 0, 0, 0, 0, 0, 0, 0, 0, 0, 0, 0, 0, 0, 0, 1, 1, 2, 2, 2, 1, 1, 5, 5, 4, 4, 5, 3, 3, 3, 4, 6, 8, 11, 15, 19, 20, 20, 15, 13, 20, 23, 25, 28, 35, 35, 34, 31, 27, 24, 24, 22, 18, 16, 26, 23, 21, 20, 25, 19, 18, 25, 22, 17, 17, 17, 14, 11, 14, 18, 19, 13, 19, 15, 11, 16, 12, 20, 12, 16, 17, 9, 18, 7, 4, 3, 3, 1, 2, 1]
YTOT: [0, 0, 0, 0, 0, 0, 0, 0, 0, 0, 0, 0, 0, 0, 0, 0, 0, 0, 0, 0, 0, 0, 0, 0, 0, 0, 0, 0, 0, 0, 0, 0, 0, 0, 0, 0, 0, 0, 0, 0, 0, 0, 0, 0, 1, 2, 4, 6, 8, 9, 10, 15, 20, 24, 28, 33, 36, 39, 42, 46, 52, 60, 71, 86, 105, 125, 145, 160, 173, 193, 216, 241, 269, 304, 339, 373, 404, 431, 455, 479, 501, 519, 535, 561, 584, 605, 625, 650, 669, 687, 712, 734, 751, 768, 785, 799, 810, 824, 842, 861, 874, 893, 908, 919, 935, 947, 967, 979, 995, 1012, 1021, 1039, 1046, 1050, 1053, 1056, 1057, 1059, 1060]

END