

INFO: Total Population: 3164182
INFO: R0: 2
INFO: Incubation Period: 5
INFO: Illness Period: 7
X:[0, 1, 2, 3, 4, 5, 6, 7, 8, 9, 10, 11, 12, 13, 14, 15, 16, 17, 18, 19, 20, 21, 22, 23, 24, 25, 26, 27, 28, 29, 30, 31, 32, 33, 34, 35, 36, 37, 38, 39, 40, 41, 42, 43, 44, 45, 46, 47, 48, 49, 50, 51, 52, 53, 54, 55, 56, 57, 58, 59, 60, 61, 62, 63, 64, 65, 66, 67, 68, 69, 70, 71, 72, 73, 74, 75, 76, 77, 78, 79, 80, 81, 82, 83, 84, 85, 86, 87, 88, 89, 90, 91, 92, 93, 94, 95, 96, 97, 98, 99, 100, 101, 102, 103, 104, 105, 106, 107, 108, 109, 110, 111, 112, 113, 114, 115, 116, 117, 118, 119, 120, 121, 122]
YNEW:[0, 0, 0, 0, 0, 0, 0, 0, 0, 0, 0, 0, 0, 0, 0, 0, 0, 0, 0, 0, 0, 0, 0, 0, 0, 0, 0, 0, 0, 0, 0, 0, 0, 0, 0, 0, 0, 0, 0, 0, 0, 0, 1, 1, 0, 0, 0, 1, 1, 1, 1, 3, 2, 3, 4, 5, 8, 9, 11, 12, 14, 19, 23, 28, 43, 53, 65, 56, 48, 42, 61, 58, 60, 66, 61, 54, 52, 62, 63, 63, 71, 67, 46, 33, 44, 45, 56, 60, 68, 59, 44, 47, 55, 43, 70, 86, 77, 61, 73, 55, 54, 49, 47, 50, 66, 64, 77, 82, 71, 82, 58, 66, 58, 45, 41, 27, 12, 12, 12, 5, 7, 2]
YTOT: [0, 0, 0, 0, 0, 0, 0, 0, 0, 0, 0, 0, 0, 0, 0, 0, 0, 0, 0, 0, 0, 0, 0, 0, 0, 0, 0, 0, 0, 0, 0, 0, 0, 0, 0, 0, 0, 0, 0, 0, 0, 0, 1, 2, 2, 2, 2, 3, 4, 5, 6, 9, 11, 14, 18, 23, 31, 40, 51, 63, 77, 96, 119, 147, 190, 243, 308, 364, 412, 454, 515, 573, 633, 699, 760, 814, 866, 928, 991, 1054, 1125, 1192, 1238, 1271, 1315, 1360, 1416, 1476, 1544, 1603, 1647, 1694, 1749, 1792, 1862, 1948, 2025, 2086, 2159, 2214, 2268, 2317, 2364, 2414, 2480, 2544, 2621, 2703, 2774, 2856, 2914, 2980, 3038, 3083, 3124, 3151, 3163, 3175, 3187, 3192, 3199, 3201]

INFO: Total Population: 3164182
INFO: R0: 2
INFO: Incubation Period: 5
INFO: Illness Period: 7
X:[0, 1, 2, 3, 4, 5, 6, 7, 8, 9, 10, 11, 12, 13, 14, 15, 16, 17, 18, 19, 20, 21, 22, 23, 24, 25, 26, 27, 28, 29, 30, 31, 32, 33, 34, 35, 36, 37, 38, 39, 40, 41, 42, 43, 44, 45, 46, 47, 48, 49, 50, 51, 52, 53, 54, 55, 56, 57, 58, 59, 60, 61, 62, 63, 64, 65, 66, 67, 68, 69, 70, 71, 72, 73, 74, 75, 76, 77, 78, 79, 80, 81, 82, 83, 84, 85, 86, 87, 88, 89, 90, 91, 92, 93, 94, 95, 96, 97, 98, 99, 100, 101, 102, 103, 104, 105, 106, 107, 108, 109, 110, 111, 112, 113, 114, 115, 116, 117, 118, 119, 120, 121, 122]
YNEW:[0, 0, 0, 0, 0, 0, 0, 0, 0, 0, 0, 0, 0, 0, 0, 0, 0, 0, 0, 0, 0, 0, 0, 0, 0, 0, 0, 0, 0, 0, 0, 0, 0, 0, 0, 0, 0, 0, 0, 0, 0, 0, 1, 1, 0, 0, 0, 1, 1, 1, 1, 3, 2, 3, 4, 5, 8, 9, 11, 12, 14, 19, 23, 28, 43, 53, 65, 56, 48, 42, 61, 58, 60, 66, 61, 54, 52, 62, 63, 63, 71, 67, 46, 33, 44, 45, 56, 60, 68, 59, 44, 47, 55, 43, 70, 86, 77, 61, 73, 56, 52, 53, 45, 41, 42, 67, 84, 76, 98, 73, 74, 51, 43, 30, 23, 31, 16, 14, 11, 6, 1, 1]
YTOT: [0, 0, 0, 0, 0, 0, 0, 0, 0, 0, 0, 0, 0, 0, 0, 0, 0, 0, 0, 0, 0, 0, 0, 0, 0, 0, 0, 0, 0, 0, 0, 0, 0, 0, 0, 0, 0, 0, 0, 0, 0, 0, 1, 2, 2, 2, 2, 3, 4, 5, 6, 9, 11, 14, 18, 23, 31, 40, 51, 63, 77, 96, 119, 147, 190, 243, 308, 364, 412, 454, 515, 573, 633, 699, 760, 814, 866, 928, 991, 1054, 1125, 1192, 1238, 1271, 1315, 1360, 1416, 1476, 1544, 1603, 1647, 1694, 1749, 1792, 1862, 1948, 2025, 2086, 2159, 2215, 2267, 2320, 2365, 2406, 2448, 2515, 2599, 2675, 2773, 2846, 2920, 2971, 3014, 3044, 3067, 3098, 3114, 3128, 3139, 3145, 3146, 3147]

INFO: Total Population: 3164182
INFO: R0: 2
INFO: Incubation Period: 5
INFO: Illness Period: 7
X:[0, 1, 2, 3, 4, 5, 6, 7, 8, 9, 10, 11, 12, 13, 14, 15, 16, 17, 18, 19, 20, 21, 22, 23, 24, 25, 26, 27, 28, 29, 30, 31, 32, 33, 34, 35, 36, 37, 38, 39, 40, 41, 42, 43, 44, 45, 46, 47, 48, 49, 50, 51, 52, 53, 54, 55, 56, 57, 58, 59, 60, 61, 62, 63, 64, 65, 66, 67, 68, 69, 70, 71, 72, 73, 74, 75, 76, 77, 78, 79, 80, 81, 82, 83, 84, 85, 86, 87, 88, 89, 90, 91, 92, 93, 94, 95, 96, 97, 98, 99, 100, 101, 102, 103, 104, 105, 106, 107, 108, 109, 110, 111, 112, 113, 114, 115, 116, 117, 118, 119, 120, 121, 122]
YNEW:[0, 0, 0, 0, 0, 0, 0, 0, 0, 0, 0, 0, 0, 0, 0, 0, 0, 0, 0, 0, 0, 0, 0, 0, 0, 0, 0, 0, 0, 0, 0, 0, 0, 0, 0, 0, 0, 0, 0, 0, 0, 0, 1, 1, 0, 0, 0, 1, 1, 1, 1, 3, 2, 3, 4, 5, 8, 9, 11, 12, 14, 19, 23, 28, 43, 53, 65, 56, 48, 42, 61, 58, 60, 66, 61, 54, 52, 62, 63, 63, 71, 67, 46, 33, 44, 45, 56, 60, 68, 59, 44, 47, 55, 43, 70, 86, 77, 61, 73, 54, 54, 51, 44, 54, 51, 64, 72, 85, 68, 88, 72, 52, 34, 40, 30, 36, 26, 16, 7, 6, 6, 2]
YTOT: [0, 0, 0, 0, 0, 0, 0, 0, 0, 0, 0, 0, 0, 0, 0, 0, 0, 0, 0, 0, 0, 0, 0, 0, 0, 0, 0, 0, 0, 0, 0, 0, 0, 0, 0, 0, 0, 0, 0, 0, 0, 0, 1, 2, 2, 2, 2, 3, 4, 5, 6, 9, 11, 14, 18, 23, 31, 40, 51, 63, 77, 96, 119, 147, 190, 243, 308, 364, 412, 454, 515, 573, 633, 699, 760, 814, 866, 928, 991, 1054, 1125, 1192, 1238, 1271, 1315, 1360, 1416, 1476, 1544, 1603, 1647, 1694, 1749, 1792, 1862, 1948, 2025, 2086, 2159, 2213, 2267, 2318, 2362, 2416, 2467, 2531, 2603, 2688, 2756, 2844, 2916, 2968, 3002, 3042, 3072, 3108, 3134, 3150, 3157, 3163, 3169, 3171]

INFO: Total Population: 3164182
INFO: R0: 2
INFO: Incubation Period: 5
INFO: Illness Period: 7
X:[0, 1, 2, 3, 4, 5, 6, 7, 8, 9, 10, 11, 12, 13, 14, 15, 16, 17, 18, 19, 20, 21, 22, 23, 24, 25, 26, 27, 28, 29, 30, 31, 32, 33, 34, 35, 36, 37, 38, 39, 40, 41, 42, 43, 44, 45, 46, 47, 48, 49, 50, 51, 52, 53, 54, 55, 56, 57, 58, 59, 60, 61, 62, 63, 64, 65, 66, 67, 68, 69, 70, 71, 72, 73, 74, 75, 76, 77, 78, 79, 80, 81, 82, 83, 84, 85, 86, 87, 88, 89, 90, 91, 92, 93, 94, 95, 96, 97, 98, 99, 100, 101, 102, 103, 104, 105, 106, 107, 108, 109, 110, 111, 112, 113, 114, 115, 116, 117, 118, 119, 120, 121]
YNEW:[0, 0, 0, 0, 0, 0, 0, 0, 0, 0, 0, 0, 0, 0, 0, 0, 0, 0, 0, 0, 0, 0, 0, 0, 0, 0, 0, 0, 0, 0, 0, 0, 0, 0, 0, 0, 0, 0, 0, 0, 0, 0, 1, 1, 0, 0, 0, 1, 1, 1, 1, 3, 2, 3, 4, 5, 8, 9, 11, 12, 14, 19, 23, 28, 43, 53, 65, 56, 48, 42, 61, 58, 60, 66, 61, 54, 52, 62, 63, 63, 71, 67, 46, 33, 44, 45, 56, 60, 68, 59, 44, 47, 55, 43, 70, 86, 77, 61, 73, 57, 55, 52, 58, 51, 45, 65, 72, 81, 83, 79, 76, 50, 57, 47, 30, 37, 21, 10, 12, 8, 6]
YTOT: [0, 0, 0, 0, 0, 0, 0, 0, 0, 0, 0, 0, 0, 0, 0, 0, 0, 0, 0, 0, 0, 0, 0, 0, 0, 0, 0, 0, 0, 0, 0, 0, 0, 0, 0, 0, 0, 0, 0, 0, 0, 0, 1, 2, 2, 2, 2, 3, 4, 5, 6, 9, 11, 14, 18, 23, 31, 40, 51, 63, 77, 96, 119, 147, 190, 243, 308, 364, 412, 454, 515, 573, 633, 699, 760, 814, 866, 928, 991, 1054, 1125, 1192, 1238, 1271, 1315, 1360, 1416, 1476, 1544, 1603, 1647, 1694, 1749, 1792, 1862, 1948, 2025, 2086, 2159, 2216, 2271, 2323, 2381, 2432, 2477, 2542, 2614, 2695, 2778, 2857, 2933, 2983, 3040, 3087, 3117, 3154, 3175, 3185, 3197, 3205, 3211]

INFO: Total Population: 3164182
INFO: R0: 2
INFO: Incubation Period: 5
INFO: Illness Period: 7
X:[0, 1, 2, 3, 4, 5, 6, 7, 8, 9, 10, 11, 12, 13, 14, 15, 16, 17, 18, 19, 20, 21, 22, 23, 24, 25, 26, 27, 28, 29, 30, 31, 32, 33, 34, 35, 36, 37, 38, 39, 40, 41, 42, 43, 44, 45, 46, 47, 48, 49, 50, 51, 52, 53, 54, 55, 56, 57, 58, 59, 60, 61, 62, 63, 64, 65, 66, 67, 68, 69, 70, 71, 72, 73, 74, 75, 76, 77, 78, 79, 80, 81, 82, 83, 84, 85, 86, 87, 88, 89, 90, 91, 92, 93, 94, 95, 96, 97, 98, 99, 100, 101, 102, 103, 104, 105, 106, 107, 108, 109, 110, 111, 112, 113, 114, 115, 116, 117, 118, 119, 120]
YNEW:[0, 0, 0, 0, 0, 0, 0, 0, 0, 0, 0, 0, 0, 0, 0, 0, 0, 0, 0, 0, 0, 0, 0, 0, 0, 0, 0, 0, 0, 0, 0, 0, 0, 0, 0, 0, 0, 0, 0, 0, 0, 0, 1, 1, 0, 0, 0, 1, 1, 1, 1, 3, 2, 3, 4, 5, 8, 9, 11, 12, 14, 19, 23, 28, 43, 53, 65, 56, 48, 42, 61, 58, 60, 66, 61, 54, 52, 62, 63, 63, 71, 67, 46, 33, 44, 45, 56, 60, 68, 59, 44, 47, 55, 43, 70, 86, 77, 61, 73, 56, 52, 47, 58, 44, 59, 59, 69, 79, 71, 91, 70, 62, 48, 43, 32, 35, 23, 16, 14, 2]
YTOT: [0, 0, 0, 0, 0, 0, 0, 0, 0, 0, 0, 0, 0, 0, 0, 0, 0, 0, 0, 0, 0, 0, 0, 0, 0, 0, 0, 0, 0, 0, 0, 0, 0, 0, 0, 0, 0, 0, 0, 0, 0, 0, 1, 2, 2, 2, 2, 3, 4, 5, 6, 9, 11, 14, 18, 23, 31, 40, 51, 63, 77, 96, 119, 147, 190, 243, 308, 364, 412, 454, 515, 573, 633, 699, 760, 814, 866, 928, 991, 1054, 1125, 1192, 1238, 1271, 1315, 1360, 1416, 1476, 1544, 1603, 1647, 1694, 1749, 1792, 1862, 1948, 2025, 2086, 2159, 2215, 2267, 2314, 2372, 2416, 2475, 2534, 2603, 2682, 2753, 2844, 2914, 2976, 3024, 3067, 3099, 3134, 3157, 3173, 3187, 3189]

INFO: Total Population: 3164182
INFO: R0: 2
INFO: Incubation Period: 5
INFO: Illness Period: 7
X:[0, 1, 2, 3, 4, 5, 6, 7, 8, 9, 10, 11, 12, 13, 14, 15, 16, 17, 18, 19, 20, 21, 22, 23, 24, 25, 26, 27, 28, 29, 30, 31, 32, 33, 34, 35, 36, 37, 38, 39, 40, 41, 42, 43, 44, 45, 46, 47, 48, 49, 50, 51, 52, 53, 54, 55, 56, 57, 58, 59, 60, 61, 62, 63, 64, 65, 66, 67, 68, 69, 70, 71, 72, 73, 74, 75, 76, 77, 78, 79, 80, 81, 82, 83, 84, 85, 86, 87, 88, 89, 90, 91, 92, 93, 94, 95, 96, 97, 98, 99, 100, 101, 102, 103, 104, 105, 106, 107, 108, 109, 110, 111, 112, 113, 114, 115, 116, 117, 118, 119, 120, 121, 122]
YNEW:[0, 0, 0, 0, 0, 0, 0, 0, 0, 0, 0, 0, 0, 0, 0, 0, 0, 0, 0, 0, 0, 0, 0, 0, 0, 0, 0, 0, 0, 0, 0, 0, 0, 0, 0, 0, 0, 0, 0, 0, 0, 0, 1, 1, 0, 0, 0, 1, 1, 1, 1, 3, 2, 3, 4, 5, 8, 9, 11, 12, 14, 19, 23, 28, 43, 53, 65, 56, 48, 42, 61, 58, 60, 66, 61, 54, 52, 62, 63, 63, 71, 67, 46, 33, 44, 45, 56, 60, 68, 59, 44, 47, 55, 43, 70, 86, 77, 61, 73, 57, 68, 57, 57, 41, 50, 63, 86, 78, 80, 89, 66, 55, 54, 49, 32, 26, 28, 18, 10, 5, 1, 2]
YTOT: [0, 0, 0, 0, 0, 0, 0, 0, 0, 0, 0, 0, 0, 0, 0, 0, 0, 0, 0, 0, 0, 0, 0, 0, 0, 0, 0, 0, 0, 0, 0, 0, 0, 0, 0, 0, 0, 0, 0, 0, 0, 0, 1, 2, 2, 2, 2, 3, 4, 5, 6, 9, 11, 14, 18, 23, 31, 40, 51, 63, 77, 96, 119, 147, 190, 243, 308, 364, 412, 454, 515, 573, 633, 699, 760, 814, 866, 928, 991, 1054, 1125, 1192, 1238, 1271, 1315, 1360, 1416, 1476, 1544, 1603, 1647, 1694, 1749, 1792, 1862, 1948, 2025, 2086, 2159, 2216, 2284, 2341, 2398, 2439, 2489, 2552, 2638, 2716, 2796, 2885, 2951, 3006, 3060, 3109, 3141, 3167, 3195, 3213, 3223, 3228, 3229, 3231]

INFO: Total Population: 3164182
INFO: R0: 2
INFO: Incubation Period: 5
INFO: Illness Period: 7
X:[0, 1, 2, 3, 4, 5, 6, 7, 8, 9, 10, 11, 12, 13, 14, 15, 16, 17, 18, 19, 20, 21, 22, 23, 24, 25, 26, 27, 28, 29, 30, 31, 32, 33, 34, 35, 36, 37, 38, 39, 40, 41, 42, 43, 44, 45, 46, 47, 48, 49, 50, 51, 52, 53, 54, 55, 56, 57, 58, 59, 60, 61, 62, 63, 64, 65, 66, 67, 68, 69, 70, 71, 72, 73, 74, 75, 76, 77, 78, 79, 80, 81, 82, 83, 84, 85, 86, 87, 88, 89, 90, 91, 92, 93, 94, 95, 96, 97, 98, 99, 100, 101, 102, 103, 104, 105, 106, 107, 108, 109, 110, 111, 112, 113, 114, 115, 116, 117, 118, 119, 120, 121]
YNEW:[0, 0, 0, 0, 0, 0, 0, 0, 0, 0, 0, 0, 0, 0, 0, 0, 0, 0, 0, 0, 0, 0, 0, 0, 0, 0, 0, 0, 0, 0, 0, 0, 0, 0, 0, 0, 0, 0, 0, 0, 0, 0, 1, 1, 0, 0, 0, 1, 1, 1, 1, 3, 2, 3, 4, 5, 8, 9, 11, 12, 14, 19, 23, 28, 43, 53, 65, 56, 48, 42, 61, 58, 60, 66, 61, 54, 52, 62, 63, 63, 71, 67, 46, 33, 44, 45, 56, 60, 68, 59, 44, 47, 55, 43, 70, 86, 77, 61, 73, 44, 52, 48, 71, 49, 44, 71, 74, 91, 63, 66, 68, 50, 64, 46, 40, 27, 22, 13, 13, 3, 4]
YTOT: [0, 0, 0, 0, 0, 0, 0, 0, 0, 0, 0, 0, 0, 0, 0, 0, 0, 0, 0, 0, 0, 0, 0, 0, 0, 0, 0, 0, 0, 0, 0, 0, 0, 0, 0, 0, 0, 0, 0, 0, 0, 0, 1, 2, 2, 2, 2, 3, 4, 5, 6, 9, 11, 14, 18, 23, 31, 40, 51, 63, 77, 96, 119, 147, 190, 243, 308, 364, 412, 454, 515, 573, 633, 699, 760, 814, 866, 928, 991, 1054, 1125, 1192, 1238, 1271, 1315, 1360, 1416, 1476, 1544, 1603, 1647, 1694, 1749, 1792, 1862, 1948, 2025, 2086, 2159, 2203, 2255, 2303, 2374, 2423, 2467, 2538, 2612, 2703, 2766, 2832, 2900, 2950, 3014, 3060, 3100, 3127, 3149, 3162, 3175, 3178, 3182]

INFO: Total Population: 3164182
INFO: R0: 2
INFO: Incubation Period: 5
INFO: Illness Period: 7
X:[0, 1, 2, 3, 4, 5, 6, 7, 8, 9, 10, 11, 12, 13, 14, 15, 16, 17, 18, 19, 20, 21, 22, 23, 24, 25, 26, 27, 28, 29, 30, 31, 32, 33, 34, 35, 36, 37, 38, 39, 40, 41, 42, 43, 44, 45, 46, 47, 48, 49, 50, 51, 52, 53, 54, 55, 56, 57, 58, 59, 60, 61, 62, 63, 64, 65, 66, 67, 68, 69, 70, 71, 72, 73, 74, 75, 76, 77, 78, 79, 80, 81, 82, 83, 84, 85, 86, 87, 88, 89, 90, 91, 92, 93, 94, 95, 96, 97, 98, 99, 100, 101, 102, 103, 104, 105, 106, 107, 108, 109, 110, 111, 112, 113, 114, 115, 116, 117, 118, 119, 120, 121, 122]
YNEW:[0, 0, 0, 0, 0, 0, 0, 0, 0, 0, 0, 0, 0, 0, 0, 0, 0, 0, 0, 0, 0, 0, 0, 0, 0, 0, 0, 0, 0, 0, 0, 0, 0, 0, 0, 0, 0, 0, 0, 0, 0, 0, 1, 1, 0, 0, 0, 1, 1, 1, 1, 3, 2, 3, 4, 5, 8, 9, 11, 12, 14, 19, 23, 28, 43, 53, 65, 56, 48, 42, 61, 58, 60, 66, 61, 54, 52, 62, 63, 63, 71, 67, 46, 33, 44, 45, 56, 60, 68, 59, 44, 47, 55, 43, 70, 86, 77, 61, 73, 50, 67, 62, 42, 36, 37, 70, 98, 71, 79, 81, 60, 62, 45, 35, 29, 21, 13, 9, 8, 7, 1, 1]
YTOT: [0, 0, 0, 0, 0, 0, 0, 0, 0, 0, 0, 0, 0, 0, 0, 0, 0, 0, 0, 0, 0, 0, 0, 0, 0, 0, 0, 0, 0, 0, 0, 0, 0, 0, 0, 0, 0, 0, 0, 0, 0, 0, 1, 2, 2, 2, 2, 3, 4, 5, 6, 9, 11, 14, 18, 23, 31, 40, 51, 63, 77, 96, 119, 147, 190, 243, 308, 364, 412, 454, 515, 573, 633, 699, 760, 814, 866, 928, 991, 1054, 1125, 1192, 1238, 1271, 1315, 1360, 1416, 1476, 1544, 1603, 1647, 1694, 1749, 1792, 1862, 1948, 2025, 2086, 2159, 2209, 2276, 2338, 2380, 2416, 2453, 2523, 2621, 2692, 2771, 2852, 2912, 2974, 3019, 3054, 3083, 3104, 3117, 3126, 3134, 3141, 3142, 3143]

INFO: Total Population: 3164182
INFO: R0: 2
INFO: Incubation Period: 5
INFO: Illness Period: 7
X:[0, 1, 2, 3, 4, 5, 6, 7, 8, 9, 10, 11, 12, 13, 14, 15, 16, 17, 18, 19, 20, 21, 22, 23, 24, 25, 26, 27, 28, 29, 30, 31, 32, 33, 34, 35, 36, 37, 38, 39, 40, 41, 42, 43, 44, 45, 46, 47, 48, 49, 50, 51, 52, 53, 54, 55, 56, 57, 58, 59, 60, 61, 62, 63, 64, 65, 66, 67, 68, 69, 70, 71, 72, 73, 74, 75, 76, 77, 78, 79, 80, 81, 82, 83, 84, 85, 86, 87, 88, 89, 90, 91, 92, 93, 94, 95, 96, 97, 98, 99, 100, 101, 102, 103, 104, 105, 106, 107, 108, 109, 110, 111, 112, 113, 114, 115, 116, 117, 118, 119, 120, 121]
YNEW:[0, 0, 0, 0, 0, 0, 0, 0, 0, 0, 0, 0, 0, 0, 0, 0, 0, 0, 0, 0, 0, 0, 0, 0, 0, 0, 0, 0, 0, 0, 0, 0, 0, 0, 0, 0, 0, 0, 0, 0, 0, 0, 1, 1, 0, 0, 0, 1, 1, 1, 1, 3, 2, 3, 4, 5, 8, 9, 11, 12, 14, 19, 23, 28, 43, 53, 65, 56, 48, 42, 61, 58, 60, 66, 61, 54, 52, 62, 63, 63, 71, 67, 46, 33, 44, 45, 56, 60, 68, 59, 44, 47, 55, 43, 70, 86, 77, 61, 73, 66, 65, 47, 37, 44, 53, 75, 70, 84, 85, 81, 77, 60, 45, 43, 35, 19, 18, 9, 10, 4, 2]
YTOT: [0, 0, 0, 0, 0, 0, 0, 0, 0, 0, 0, 0, 0, 0, 0, 0, 0, 0, 0, 0, 0, 0, 0, 0, 0, 0, 0, 0, 0, 0, 0, 0, 0, 0, 0, 0, 0, 0, 0, 0, 0, 0, 1, 2, 2, 2, 2, 3, 4, 5, 6, 9, 11, 14, 18, 23, 31, 40, 51, 63, 77, 96, 119, 147, 190, 243, 308, 364, 412, 454, 515, 573, 633, 699, 760, 814, 866, 928, 991, 1054, 1125, 1192, 1238, 1271, 1315, 1360, 1416, 1476, 1544, 1603, 1647, 1694, 1749, 1792, 1862, 1948, 2025, 2086, 2159, 2225, 2290, 2337, 2374, 2418, 2471, 2546, 2616, 2700, 2785, 2866, 2943, 3003, 3048, 3091, 3126, 3145, 3163, 3172, 3182, 3186, 3188]

INFO: Total Population: 3164182
INFO: R0: 2
INFO: Incubation Period: 5
INFO: Illness Period: 7
X:[0, 1, 2, 3, 4, 5, 6, 7, 8, 9, 10, 11, 12, 13, 14, 15, 16, 17, 18, 19, 20, 21, 22, 23, 24, 25, 26, 27, 28, 29, 30, 31, 32, 33, 34, 35, 36, 37, 38, 39, 40, 41, 42, 43, 44, 45, 46, 47, 48, 49, 50, 51, 52, 53, 54, 55, 56, 57, 58, 59, 60, 61, 62, 63, 64, 65, 66, 67, 68, 69, 70, 71, 72, 73, 74, 75, 76, 77, 78, 79, 80, 81, 82, 83, 84, 85, 86, 87, 88, 89, 90, 91, 92, 93, 94, 95, 96, 97, 98, 99, 100, 101, 102, 103, 104, 105, 106, 107, 108, 109, 110, 111, 112, 113, 114, 115, 116, 117, 118, 119, 120, 121, 122]
YNEW:[0, 0, 0, 0, 0, 0, 0, 0, 0, 0, 0, 0, 0, 0, 0, 0, 0, 0, 0, 0, 0, 0, 0, 0, 0, 0, 0, 0, 0, 0, 0, 0, 0, 0, 0, 0, 0, 0, 0, 0, 0, 0, 1, 1, 0, 0, 0, 1, 1, 1, 1, 3, 2, 3, 4, 5, 8, 9, 11, 12, 14, 19, 23, 28, 43, 53, 65, 56, 48, 42, 61, 58, 60, 66, 61, 54, 52, 62, 63, 63, 71, 67, 46, 33, 44, 45, 56, 60, 68, 59, 44, 47, 55, 43, 70, 86, 77, 61, 73, 55, 63, 41, 44, 45, 32, 74, 77, 70, 80, 69, 78, 53, 39, 39, 28, 21, 16, 10, 6, 6, 2, 3]
YTOT: [0, 0, 0, 0, 0, 0, 0, 0, 0, 0, 0, 0, 0, 0, 0, 0, 0, 0, 0, 0, 0, 0, 0, 0, 0, 0, 0, 0, 0, 0, 0, 0, 0, 0, 0, 0, 0, 0, 0, 0, 0, 0, 1, 2, 2, 2, 2, 3, 4, 5, 6, 9, 11, 14, 18, 23, 31, 40, 51, 63, 77, 96, 119, 147, 190, 243, 308, 364, 412, 454, 515, 573, 633, 699, 760, 814, 866, 928, 991, 1054, 1125, 1192, 1238, 1271, 1315, 1360, 1416, 1476, 1544, 1603, 1647, 1694, 1749, 1792, 1862, 1948, 2025, 2086, 2159, 2214, 2277, 2318, 2362, 2407, 2439, 2513, 2590, 2660, 2740, 2809, 2887, 2940, 2979, 3018, 3046, 3067, 3083, 3093, 3099, 3105, 3107, 3110]

INFO: Total Population: 3164182
INFO: R0: 2
INFO: Incubation Period: 5
INFO: Illness Period: 7
X:[0, 1, 2, 3, 4, 5, 6, 7, 8, 9, 10, 11, 12, 13, 14, 15, 16, 17, 18, 19, 20, 21, 22, 23, 24, 25, 26, 27, 28, 29, 30, 31, 32, 33, 34, 35, 36, 37, 38, 39, 40, 41, 42, 43, 44, 45, 46, 47, 48, 49, 50, 51, 52, 53, 54, 55, 56, 57, 58, 59, 60, 61, 62, 63, 64, 65, 66, 67, 68, 69, 70, 71, 72, 73, 74, 75, 76, 77, 78, 79, 80, 81, 82, 83, 84, 85, 86, 87, 88, 89, 90, 91, 92, 93, 94, 95, 96, 97, 98, 99, 100, 101, 102, 103, 104, 105, 106, 107, 108, 109, 110, 111, 112, 113, 114, 115, 116, 117, 118, 119, 120, 121]
YNEW:[0, 0, 0, 0, 0, 0, 0, 0, 0, 0, 0, 0, 0, 0, 0, 0, 0, 0, 0, 0, 0, 0, 0, 0, 0, 0, 0, 0, 0, 0, 0, 0, 0, 0, 0, 0, 0, 0, 0, 0, 0, 0, 1, 1, 0, 0, 0, 1, 1, 1, 1, 3, 2, 3, 4, 5, 8, 9, 11, 12, 14, 19, 23, 28, 43, 53, 65, 56, 48, 42, 61, 58, 60, 66, 61, 54, 52, 62, 63, 63, 71, 67, 46, 33, 44, 45, 56, 60, 68, 59, 44, 47, 55, 43, 70, 86, 77, 61, 73, 55, 58, 55, 47, 42, 56, 66, 79, 82, 76, 89, 73, 46, 51, 43, 37, 26, 25, 11, 11, 4, 2]
YTOT: [0, 0, 0, 0, 0, 0, 0, 0, 0, 0, 0, 0, 0, 0, 0, 0, 0, 0, 0, 0, 0, 0, 0, 0, 0, 0, 0, 0, 0, 0, 0, 0, 0, 0, 0, 0, 0, 0, 0, 0, 0, 0, 1, 2, 2, 2, 2, 3, 4, 5, 6, 9, 11, 14, 18, 23, 31, 40, 51, 63, 77, 96, 119, 147, 190, 243, 308, 364, 412, 454, 515, 573, 633, 699, 760, 814, 866, 928, 991, 1054, 1125, 1192, 1238, 1271, 1315, 1360, 1416, 1476, 1544, 1603, 1647, 1694, 1749, 1792, 1862, 1948, 2025, 2086, 2159, 2214, 2272, 2327, 2374, 2416, 2472, 2538, 2617, 2699, 2775, 2864, 2937, 2983, 3034, 3077, 3114, 3140, 3165, 3176, 3187, 3191, 3193]

INFO: Total Population: 3164182
INFO: R0: 2
INFO: Incubation Period: 5
INFO: Illness Period: 7
X:[0, 1, 2, 3, 4, 5, 6, 7, 8, 9, 10, 11, 12, 13, 14, 15, 16, 17, 18, 19, 20, 21, 22, 23, 24, 25, 26, 27, 28, 29, 30, 31, 32, 33, 34, 35, 36, 37, 38, 39, 40, 41, 42, 43, 44, 45, 46, 47, 48, 49, 50, 51, 52, 53, 54, 55, 56, 57, 58, 59, 60, 61, 62, 63, 64, 65, 66, 67, 68, 69, 70, 71, 72, 73, 74, 75, 76, 77, 78, 79, 80, 81, 82, 83, 84, 85, 86, 87, 88, 89, 90, 91, 92, 93, 94, 95, 96, 97, 98, 99, 100, 101, 102, 103, 104, 105, 106, 107, 108, 109, 110, 111, 112, 113, 114, 115, 116, 117, 118, 119, 120, 121, 122]
YNEW:[0, 0, 0, 0, 0, 0, 0, 0, 0, 0, 0, 0, 0, 0, 0, 0, 0, 0, 0, 0, 0, 0, 0, 0, 0, 0, 0, 0, 0, 0, 0, 0, 0, 0, 0, 0, 0, 0, 0, 0, 0, 0, 1, 1, 0, 0, 0, 1, 1, 1, 1, 3, 2, 3, 4, 5, 8, 9, 11, 12, 14, 19, 23, 28, 43, 53, 65, 56, 48, 42, 61, 58, 60, 66, 61, 54, 52, 62, 63, 63, 71, 67, 46, 33, 44, 45, 56, 60, 68, 59, 44, 47, 55, 43, 70, 86, 77, 61, 73, 62, 55, 54, 43, 51, 36, 64, 82, 88, 86, 74, 64, 52, 38, 32, 42, 19, 20, 16, 7, 8, 2, 1]
YTOT: [0, 0, 0, 0, 0, 0, 0, 0, 0, 0, 0, 0, 0, 0, 0, 0, 0, 0, 0, 0, 0, 0, 0, 0, 0, 0, 0, 0, 0, 0, 0, 0, 0, 0, 0, 0, 0, 0, 0, 0, 0, 0, 1, 2, 2, 2, 2, 3, 4, 5, 6, 9, 11, 14, 18, 23, 31, 40, 51, 63, 77, 96, 119, 147, 190, 243, 308, 364, 412, 454, 515, 573, 633, 699, 760, 814, 866, 928, 991, 1054, 1125, 1192, 1238, 1271, 1315, 1360, 1416, 1476, 1544, 1603, 1647, 1694, 1749, 1792, 1862, 1948, 2025, 2086, 2159, 2221, 2276, 2330, 2373, 2424, 2460, 2524, 2606, 2694, 2780, 2854, 2918, 2970, 3008, 3040, 3082, 3101, 3121, 3137, 3144, 3152, 3154, 3155]

INFO: Total Population: 3164182
INFO: R0: 2
INFO: Incubation Period: 5
INFO: Illness Period: 7
X:[0, 1, 2, 3, 4, 5, 6, 7, 8, 9, 10, 11, 12, 13, 14, 15, 16, 17, 18, 19, 20, 21, 22, 23, 24, 25, 26, 27, 28, 29, 30, 31, 32, 33, 34, 35, 36, 37, 38, 39, 40, 41, 42, 43, 44, 45, 46, 47, 48, 49, 50, 51, 52, 53, 54, 55, 56, 57, 58, 59, 60, 61, 62, 63, 64, 65, 66, 67, 68, 69, 70, 71, 72, 73, 74, 75, 76, 77, 78, 79, 80, 81, 82, 83, 84, 85, 86, 87, 88, 89, 90, 91, 92, 93, 94, 95, 96, 97, 98, 99, 100, 101, 102, 103, 104, 105, 106, 107, 108, 109, 110, 111, 112, 113, 114, 115, 116, 117, 118, 119, 120, 121, 122]
YNEW:[0, 0, 0, 0, 0, 0, 0, 0, 0, 0, 0, 0, 0, 0, 0, 0, 0, 0, 0, 0, 0, 0, 0, 0, 0, 0, 0, 0, 0, 0, 0, 0, 0, 0, 0, 0, 0, 0, 0, 0, 0, 0, 1, 1, 0, 0, 0, 1, 1, 1, 1, 3, 2, 3, 4, 5, 8, 9, 11, 12, 14, 19, 23, 28, 43, 53, 65, 56, 48, 42, 61, 58, 60, 66, 61, 54, 52, 62, 63, 63, 71, 67, 46, 33, 44, 45, 56, 60, 68, 59, 44, 47, 55, 43, 70, 86, 77, 61, 73, 49, 55, 51, 58, 45, 46, 50, 75, 81, 83, 74, 71, 52, 52, 46, 38, 22, 20, 10, 11, 7, 3, 2]
YTOT: [0, 0, 0, 0, 0, 0, 0, 0, 0, 0, 0, 0, 0, 0, 0, 0, 0, 0, 0, 0, 0, 0, 0, 0, 0, 0, 0, 0, 0, 0, 0, 0, 0, 0, 0, 0, 0, 0, 0, 0, 0, 0, 1, 2, 2, 2, 2, 3, 4, 5, 6, 9, 11, 14, 18, 23, 31, 40, 51, 63, 77, 96, 119, 147, 190, 243, 308, 364, 412, 454, 515, 573, 633, 699, 760, 814, 866, 928, 991, 1054, 1125, 1192, 1238, 1271, 1315, 1360, 1416, 1476, 1544, 1603, 1647, 1694, 1749, 1792, 1862, 1948, 2025, 2086, 2159, 2208, 2263, 2314, 2372, 2417, 2463, 2513, 2588, 2669, 2752, 2826, 2897, 2949, 3001, 3047, 3085, 3107, 3127, 3137, 3148, 3155, 3158, 3160]

INFO: Total Population: 3164182
INFO: R0: 2
INFO: Incubation Period: 5
INFO: Illness Period: 7
X:[0, 1, 2, 3, 4, 5, 6, 7, 8, 9, 10, 11, 12, 13, 14, 15, 16, 17, 18, 19, 20, 21, 22, 23, 24, 25, 26, 27, 28, 29, 30, 31, 32, 33, 34, 35, 36, 37, 38, 39, 40, 41, 42, 43, 44, 45, 46, 47, 48, 49, 50, 51, 52, 53, 54, 55, 56, 57, 58, 59, 60, 61, 62, 63, 64, 65, 66, 67, 68, 69, 70, 71, 72, 73, 74, 75, 76, 77, 78, 79, 80, 81, 82, 83, 84, 85, 86, 87, 88, 89, 90, 91, 92, 93, 94, 95, 96, 97, 98, 99, 100, 101, 102, 103, 104, 105, 106, 107, 108, 109, 110, 111, 112, 113, 114, 115, 116, 117, 118, 119, 120, 121]
YNEW:[0, 0, 0, 0, 0, 0, 0, 0, 0, 0, 0, 0, 0, 0, 0, 0, 0, 0, 0, 0, 0, 0, 0, 0, 0, 0, 0, 0, 0, 0, 0, 0, 0, 0, 0, 0, 0, 0, 0, 0, 0, 0, 1, 1, 0, 0, 0, 1, 1, 1, 1, 3, 2, 3, 4, 5, 8, 9, 11, 12, 14, 19, 23, 28, 43, 53, 65, 56, 48, 42, 61, 58, 60, 66, 61, 54, 52, 62, 63, 63, 71, 67, 46, 33, 44, 45, 56, 60, 68, 59, 44, 47, 55, 43, 70, 86, 77, 61, 73, 52, 59, 54, 46, 43, 43, 66, 78, 80, 82, 73, 62, 48, 46, 35, 36, 32, 20, 12, 11, 3, 2]
YTOT: [0, 0, 0, 0, 0, 0, 0, 0, 0, 0, 0, 0, 0, 0, 0, 0, 0, 0, 0, 0, 0, 0, 0, 0, 0, 0, 0, 0, 0, 0, 0, 0, 0, 0, 0, 0, 0, 0, 0, 0, 0, 0, 1, 2, 2, 2, 2, 3, 4, 5, 6, 9, 11, 14, 18, 23, 31, 40, 51, 63, 77, 96, 119, 147, 190, 243, 308, 364, 412, 454, 515, 573, 633, 699, 760, 814, 866, 928, 991, 1054, 1125, 1192, 1238, 1271, 1315, 1360, 1416, 1476, 1544, 1603, 1647, 1694, 1749, 1792, 1862, 1948, 2025, 2086, 2159, 2211, 2270, 2324, 2370, 2413, 2456, 2522, 2600, 2680, 2762, 2835, 2897, 2945, 2991, 3026, 3062, 3094, 3114, 3126, 3137, 3140, 3142]

INFO: Total Population: 3164182
INFO: R0: 2
INFO: Incubation Period: 5
INFO: Illness Period: 7
X:[0, 1, 2, 3, 4, 5, 6, 7, 8, 9, 10, 11, 12, 13, 14, 15, 16, 17, 18, 19, 20, 21, 22, 23, 24, 25, 26, 27, 28, 29, 30, 31, 32, 33, 34, 35, 36, 37, 38, 39, 40, 41, 42, 43, 44, 45, 46, 47, 48, 49, 50, 51, 52, 53, 54, 55, 56, 57, 58, 59, 60, 61, 62, 63, 64, 65, 66, 67, 68, 69, 70, 71, 72, 73, 74, 75, 76, 77, 78, 79, 80, 81, 82, 83, 84, 85, 86, 87, 88, 89, 90, 91, 92, 93, 94, 95, 96, 97, 98, 99, 100, 101, 102, 103, 104, 105, 106, 107, 108, 109, 110, 111, 112, 113, 114, 115, 116, 117, 118, 119, 120, 121]
YNEW:[0, 0, 0, 0, 0, 0, 0, 0, 0, 0, 0, 0, 0, 0, 0, 0, 0, 0, 0, 0, 0, 0, 0, 0, 0, 0, 0, 0, 0, 0, 0, 0, 0, 0, 0, 0, 0, 0, 0, 0, 0, 0, 1, 1, 0, 0, 0, 1, 1, 1, 1, 3, 2, 3, 4, 5, 8, 9, 11, 12, 14, 19, 23, 28, 43, 53, 65, 56, 48, 42, 61, 58, 60, 66, 61, 54, 52, 62, 63, 63, 71, 67, 46, 33, 44, 45, 56, 60, 68, 59, 44, 47, 55, 43, 70, 86, 77, 61, 73, 50, 62, 49, 45, 41, 58, 73, 78, 57, 81, 90, 55, 57, 42, 39, 33, 34, 25, 17, 6, 8, 5]
YTOT: [0, 0, 0, 0, 0, 0, 0, 0, 0, 0, 0, 0, 0, 0, 0, 0, 0, 0, 0, 0, 0, 0, 0, 0, 0, 0, 0, 0, 0, 0, 0, 0, 0, 0, 0, 0, 0, 0, 0, 0, 0, 0, 1, 2, 2, 2, 2, 3, 4, 5, 6, 9, 11, 14, 18, 23, 31, 40, 51, 63, 77, 96, 119, 147, 190, 243, 308, 364, 412, 454, 515, 573, 633, 699, 760, 814, 866, 928, 991, 1054, 1125, 1192, 1238, 1271, 1315, 1360, 1416, 1476, 1544, 1603, 1647, 1694, 1749, 1792, 1862, 1948, 2025, 2086, 2159, 2209, 2271, 2320, 2365, 2406, 2464, 2537, 2615, 2672, 2753, 2843, 2898, 2955, 2997, 3036, 3069, 3103, 3128, 3145, 3151, 3159, 3164]

INFO: Total Population: 3164182
INFO: R0: 2
INFO: Incubation Period: 5
INFO: Illness Period: 7
X:[0, 1, 2, 3, 4, 5, 6, 7, 8, 9, 10, 11, 12, 13, 14, 15, 16, 17, 18, 19, 20, 21, 22, 23, 24, 25, 26, 27, 28, 29, 30, 31, 32, 33, 34, 35, 36, 37, 38, 39, 40, 41, 42, 43, 44, 45, 46, 47, 48, 49, 50, 51, 52, 53, 54, 55, 56, 57, 58, 59, 60, 61, 62, 63, 64, 65, 66, 67, 68, 69, 70, 71, 72, 73, 74, 75, 76, 77, 78, 79, 80, 81, 82, 83, 84, 85, 86, 87, 88, 89, 90, 91, 92, 93, 94, 95, 96, 97, 98, 99, 100, 101, 102, 103, 104, 105, 106, 107, 108, 109, 110, 111, 112, 113, 114, 115, 116, 117, 118, 119, 120, 121]
YNEW:[0, 0, 0, 0, 0, 0, 0, 0, 0, 0, 0, 0, 0, 0, 0, 0, 0, 0, 0, 0, 0, 0, 0, 0, 0, 0, 0, 0, 0, 0, 0, 0, 0, 0, 0, 0, 0, 0, 0, 0, 0, 0, 1, 1, 0, 0, 0, 1, 1, 1, 1, 3, 2, 3, 4, 5, 8, 9, 11, 12, 14, 19, 23, 28, 43, 53, 65, 56, 48, 42, 61, 58, 60, 66, 61, 54, 52, 62, 63, 63, 71, 67, 46, 33, 44, 45, 56, 60, 68, 59, 44, 47, 55, 43, 70, 86, 77, 61, 73, 62, 67, 57, 40, 35, 41, 74, 82, 91, 71, 66, 70, 65, 46, 41, 39, 24, 18, 16, 7, 4, 3]
YTOT: [0, 0, 0, 0, 0, 0, 0, 0, 0, 0, 0, 0, 0, 0, 0, 0, 0, 0, 0, 0, 0, 0, 0, 0, 0, 0, 0, 0, 0, 0, 0, 0, 0, 0, 0, 0, 0, 0, 0, 0, 0, 0, 1, 2, 2, 2, 2, 3, 4, 5, 6, 9, 11, 14, 18, 23, 31, 40, 51, 63, 77, 96, 119, 147, 190, 243, 308, 364, 412, 454, 515, 573, 633, 699, 760, 814, 866, 928, 991, 1054, 1125, 1192, 1238, 1271, 1315, 1360, 1416, 1476, 1544, 1603, 1647, 1694, 1749, 1792, 1862, 1948, 2025, 2086, 2159, 2221, 2288, 2345, 2385, 2420, 2461, 2535, 2617, 2708, 2779, 2845, 2915, 2980, 3026, 3067, 3106, 3130, 3148, 3164, 3171, 3175, 3178]

INFO: Total Population: 3164182
INFO: R0: 2
INFO: Incubation Period: 5
INFO: Illness Period: 7
X:[0, 1, 2, 3, 4, 5, 6, 7, 8, 9, 10, 11, 12, 13, 14, 15, 16, 17, 18, 19, 20, 21, 22, 23, 24, 25, 26, 27, 28, 29, 30, 31, 32, 33, 34, 35, 36, 37, 38, 39, 40, 41, 42, 43, 44, 45, 46, 47, 48, 49, 50, 51, 52, 53, 54, 55, 56, 57, 58, 59, 60, 61, 62, 63, 64, 65, 66, 67, 68, 69, 70, 71, 72, 73, 74, 75, 76, 77, 78, 79, 80, 81, 82, 83, 84, 85, 86, 87, 88, 89, 90, 91, 92, 93, 94, 95, 96, 97, 98, 99, 100, 101, 102, 103, 104, 105, 106, 107, 108, 109, 110, 111, 112, 113, 114, 115, 116, 117, 118, 119, 120, 121, 122]
YNEW:[0, 0, 0, 0, 0, 0, 0, 0, 0, 0, 0, 0, 0, 0, 0, 0, 0, 0, 0, 0, 0, 0, 0, 0, 0, 0, 0, 0, 0, 0, 0, 0, 0, 0, 0, 0, 0, 0, 0, 0, 0, 0, 1, 1, 0, 0, 0, 1, 1, 1, 1, 3, 2, 3, 4, 5, 8, 9, 11, 12, 14, 19, 23, 28, 43, 53, 65, 56, 48, 42, 61, 58, 60, 66, 61, 54, 52, 62, 63, 63, 71, 67, 46, 33, 44, 45, 56, 60, 68, 59, 44, 47, 55, 43, 70, 86, 77, 61, 73, 62, 60, 41, 47, 40, 35, 69, 80, 95, 63, 79, 61, 36, 46, 43, 34, 29, 20, 8, 9, 3, 4, 1]
YTOT: [0, 0, 0, 0, 0, 0, 0, 0, 0, 0, 0, 0, 0, 0, 0, 0, 0, 0, 0, 0, 0, 0, 0, 0, 0, 0, 0, 0, 0, 0, 0, 0, 0, 0, 0, 0, 0, 0, 0, 0, 0, 0, 1, 2, 2, 2, 2, 3, 4, 5, 6, 9, 11, 14, 18, 23, 31, 40, 51, 63, 77, 96, 119, 147, 190, 243, 308, 364, 412, 454, 515, 573, 633, 699, 760, 814, 866, 928, 991, 1054, 1125, 1192, 1238, 1271, 1315, 1360, 1416, 1476, 1544, 1603, 1647, 1694, 1749, 1792, 1862, 1948, 2025, 2086, 2159, 2221, 2281, 2322, 2369, 2409, 2444, 2513, 2593, 2688, 2751, 2830, 2891, 2927, 2973, 3016, 3050, 3079, 3099, 3107, 3116, 3119, 3123, 3124]

INFO: Total Population: 3164182
INFO: R0: 2
INFO: Incubation Period: 5
INFO: Illness Period: 7
X:[0, 1, 2, 3, 4, 5, 6, 7, 8, 9, 10, 11, 12, 13, 14, 15, 16, 17, 18, 19, 20, 21, 22, 23, 24, 25, 26, 27, 28, 29, 30, 31, 32, 33, 34, 35, 36, 37, 38, 39, 40, 41, 42, 43, 44, 45, 46, 47, 48, 49, 50, 51, 52, 53, 54, 55, 56, 57, 58, 59, 60, 61, 62, 63, 64, 65, 66, 67, 68, 69, 70, 71, 72, 73, 74, 75, 76, 77, 78, 79, 80, 81, 82, 83, 84, 85, 86, 87, 88, 89, 90, 91, 92, 93, 94, 95, 96, 97, 98, 99, 100, 101, 102, 103, 104, 105, 106, 107, 108, 109, 110, 111, 112, 113, 114, 115, 116, 117, 118, 119, 120, 121, 122]
YNEW:[0, 0, 0, 0, 0, 0, 0, 0, 0, 0, 0, 0, 0, 0, 0, 0, 0, 0, 0, 0, 0, 0, 0, 0, 0, 0, 0, 0, 0, 0, 0, 0, 0, 0, 0, 0, 0, 0, 0, 0, 0, 0, 1, 1, 0, 0, 0, 1, 1, 1, 1, 3, 2, 3, 4, 5, 8, 9, 11, 12, 14, 19, 23, 28, 43, 53, 65, 56, 48, 42, 61, 58, 60, 66, 61, 54, 52, 62, 63, 63, 71, 67, 46, 33, 44, 45, 56, 60, 68, 59, 44, 47, 55, 43, 70, 86, 77, 61, 73, 57, 60, 59, 51, 47, 31, 74, 59, 94, 92, 78, 63, 62, 44, 33, 32, 39, 12, 16, 6, 5, 2, 2]
YTOT: [0, 0, 0, 0, 0, 0, 0, 0, 0, 0, 0, 0, 0, 0, 0, 0, 0, 0, 0, 0, 0, 0, 0, 0, 0, 0, 0, 0, 0, 0, 0, 0, 0, 0, 0, 0, 0, 0, 0, 0, 0, 0, 1, 2, 2, 2, 2, 3, 4, 5, 6, 9, 11, 14, 18, 23, 31, 40, 51, 63, 77, 96, 119, 147, 190, 243, 308, 364, 412, 454, 515, 573, 633, 699, 760, 814, 866, 928, 991, 1054, 1125, 1192, 1238, 1271, 1315, 1360, 1416, 1476, 1544, 1603, 1647, 1694, 1749, 1792, 1862, 1948, 2025, 2086, 2159, 2216, 2276, 2335, 2386, 2433, 2464, 2538, 2597, 2691, 2783, 2861, 2924, 2986, 3030, 3063, 3095, 3134, 3146, 3162, 3168, 3173, 3175, 3177]

INFO: Total Population: 3164182
INFO: R0: 2
INFO: Incubation Period: 5
INFO: Illness Period: 7
X:[0, 1, 2, 3, 4, 5, 6, 7, 8, 9, 10, 11, 12, 13, 14, 15, 16, 17, 18, 19, 20, 21, 22, 23, 24, 25, 26, 27, 28, 29, 30, 31, 32, 33, 34, 35, 36, 37, 38, 39, 40, 41, 42, 43, 44, 45, 46, 47, 48, 49, 50, 51, 52, 53, 54, 55, 56, 57, 58, 59, 60, 61, 62, 63, 64, 65, 66, 67, 68, 69, 70, 71, 72, 73, 74, 75, 76, 77, 78, 79, 80, 81, 82, 83, 84, 85, 86, 87, 88, 89, 90, 91, 92, 93, 94, 95, 96, 97, 98, 99, 100, 101, 102, 103, 104, 105, 106, 107, 108, 109, 110, 111, 112, 113, 114, 115, 116, 117, 118, 119, 120, 121, 122]
YNEW:[0, 0, 0, 0, 0, 0, 0, 0, 0, 0, 0, 0, 0, 0, 0, 0, 0, 0, 0, 0, 0, 0, 0, 0, 0, 0, 0, 0, 0, 0, 0, 0, 0, 0, 0, 0, 0, 0, 0, 0, 0, 0, 1, 1, 0, 0, 0, 1, 1, 1, 1, 3, 2, 3, 4, 5, 8, 9, 11, 12, 14, 19, 23, 28, 43, 53, 65, 56, 48, 42, 61, 58, 60, 66, 61, 54, 52, 62, 63, 63, 71, 67, 46, 33, 44, 45, 56, 60, 68, 59, 44, 47, 55, 43, 70, 86, 77, 61, 73, 58, 56, 53, 42, 39, 54, 65, 72, 81, 82, 73, 77, 54, 46, 39, 39, 23, 17, 15, 8, 4, 1, 1]
YTOT: [0, 0, 0, 0, 0, 0, 0, 0, 0, 0, 0, 0, 0, 0, 0, 0, 0, 0, 0, 0, 0, 0, 0, 0, 0, 0, 0, 0, 0, 0, 0, 0, 0, 0, 0, 0, 0, 0, 0, 0, 0, 0, 1, 2, 2, 2, 2, 3, 4, 5, 6, 9, 11, 14, 18, 23, 31, 40, 51, 63, 77, 96, 119, 147, 190, 243, 308, 364, 412, 454, 515, 573, 633, 699, 760, 814, 866, 928, 991, 1054, 1125, 1192, 1238, 1271, 1315, 1360, 1416, 1476, 1544, 1603, 1647, 1694, 1749, 1792, 1862, 1948, 2025, 2086, 2159, 2217, 2273, 2326, 2368, 2407, 2461, 2526, 2598, 2679, 2761, 2834, 2911, 2965, 3011, 3050, 3089, 3112, 3129, 3144, 3152, 3156, 3157, 3158]

INFO: Total Population: 3164182
INFO: R0: 2
INFO: Incubation Period: 5
INFO: Illness Period: 7
X:[0, 1, 2, 3, 4, 5, 6, 7, 8, 9, 10, 11, 12, 13, 14, 15, 16, 17, 18, 19, 20, 21, 22, 23, 24, 25, 26, 27, 28, 29, 30, 31, 32, 33, 34, 35, 36, 37, 38, 39, 40, 41, 42, 43, 44, 45, 46, 47, 48, 49, 50, 51, 52, 53, 54, 55, 56, 57, 58, 59, 60, 61, 62, 63, 64, 65, 66, 67, 68, 69, 70, 71, 72, 73, 74, 75, 76, 77, 78, 79, 80, 81, 82, 83, 84, 85, 86, 87, 88, 89, 90, 91, 92, 93, 94, 95, 96, 97, 98, 99, 100, 101, 102, 103, 104, 105, 106, 107, 108, 109, 110, 111, 112, 113, 114, 115, 116, 117, 118, 119, 120, 121]
YNEW:[0, 0, 0, 0, 0, 0, 0, 0, 0, 0, 0, 0, 0, 0, 0, 0, 0, 0, 0, 0, 0, 0, 0, 0, 0, 0, 0, 0, 0, 0, 0, 0, 0, 0, 0, 0, 0, 0, 0, 0, 0, 0, 1, 1, 0, 0, 0, 1, 1, 1, 1, 3, 2, 3, 4, 5, 8, 9, 11, 12, 14, 19, 23, 28, 43, 53, 65, 56, 48, 42, 61, 58, 60, 66, 61, 54, 52, 62, 63, 63, 71, 67, 46, 33, 44, 45, 56, 60, 68, 59, 44, 47, 55, 43, 70, 86, 77, 61, 73, 51, 58, 39, 59, 34, 45, 71, 73, 85, 88, 72, 66, 49, 32, 31, 33, 25, 22, 14, 7, 12, 2]
YTOT: [0, 0, 0, 0, 0, 0, 0, 0, 0, 0, 0, 0, 0, 0, 0, 0, 0, 0, 0, 0, 0, 0, 0, 0, 0, 0, 0, 0, 0, 0, 0, 0, 0, 0, 0, 0, 0, 0, 0, 0, 0, 0, 1, 2, 2, 2, 2, 3, 4, 5, 6, 9, 11, 14, 18, 23, 31, 40, 51, 63, 77, 96, 119, 147, 190, 243, 308, 364, 412, 454, 515, 573, 633, 699, 760, 814, 866, 928, 991, 1054, 1125, 1192, 1238, 1271, 1315, 1360, 1416, 1476, 1544, 1603, 1647, 1694, 1749, 1792, 1862, 1948, 2025, 2086, 2159, 2210, 2268, 2307, 2366, 2400, 2445, 2516, 2589, 2674, 2762, 2834, 2900, 2949, 2981, 3012, 3045, 3070, 3092, 3106, 3113, 3125, 3127]

END