

INFO: Total Population: 568140
INFO: R0: 2
INFO: Incubation Period: 5
INFO: Illness Period: 12
X:[0, 1, 2, 3, 4, 5, 6, 7, 8, 9, 10, 11, 12, 13, 14, 15, 16, 17, 18, 19, 20, 21, 22, 23, 24, 25, 26, 27, 28, 29, 30, 31, 32, 33, 34, 35, 36, 37, 38, 39, 40, 41, 42, 43, 44, 45, 46, 47, 48, 49, 50, 51, 52, 53, 54, 55, 56, 57]
YNEW:[1, 0, 0, 0, 0, 0, 0, 0, 1, 0, 1, 1, 2, 2, 4, 5, 5, 5, 6, 7, 9, 11, 11, 17, 17, 17, 19, 22, 23, 22, 23, 26, 25, 30, 12, 18, 20, 17, 14, 16, 23, 20, 27, 30, 23, 30, 18, 17, 15, 12, 7, 4, 7, 4, 2, 2, 1]
YTOT: [1, 1, 1, 1, 1, 1, 1, 1, 2, 2, 3, 4, 6, 8, 12, 17, 22, 27, 33, 40, 49, 60, 71, 88, 105, 122, 141, 163, 186, 208, 231, 257, 282, 312, 324, 342, 362, 379, 393, 409, 432, 452, 479, 509, 532, 562, 580, 597, 612, 624, 631, 635, 642, 646, 648, 650, 651]

INFO: Total Population: 568140
INFO: R0: 2
INFO: Incubation Period: 5
INFO: Illness Period: 12
X:[0, 1, 2, 3, 4, 5, 6, 7, 8, 9, 10, 11, 12, 13, 14, 15, 16, 17, 18, 19, 20, 21, 22, 23, 24, 25, 26, 27, 28, 29, 30, 31, 32, 33, 34, 35, 36, 37, 38, 39, 40, 41, 42, 43, 44, 45, 46, 47, 48, 49, 50, 51, 52, 53, 54, 55, 56]
YNEW:[1, 0, 0, 0, 0, 0, 0, 0, 1, 0, 1, 1, 2, 2, 4, 5, 5, 5, 6, 7, 9, 11, 11, 17, 17, 17, 19, 22, 23, 22, 23, 26, 25, 30, 19, 14, 16, 21, 24, 16, 15, 22, 25, 35, 35, 19, 33, 20, 11, 11, 11, 13, 6, 1, 2, 1]
YTOT: [1, 1, 1, 1, 1, 1, 1, 1, 2, 2, 3, 4, 6, 8, 12, 17, 22, 27, 33, 40, 49, 60, 71, 88, 105, 122, 141, 163, 186, 208, 231, 257, 282, 312, 331, 345, 361, 382, 406, 422, 437, 459, 484, 519, 554, 573, 606, 626, 637, 648, 659, 672, 678, 679, 681, 682]

INFO: Total Population: 568140
INFO: R0: 2
INFO: Incubation Period: 5
INFO: Illness Period: 12
X:[0, 1, 2, 3, 4, 5, 6, 7, 8, 9, 10, 11, 12, 13, 14, 15, 16, 17, 18, 19, 20, 21, 22, 23, 24, 25, 26, 27, 28, 29, 30, 31, 32, 33, 34, 35, 36, 37, 38, 39, 40, 41, 42, 43, 44, 45, 46, 47, 48, 49, 50, 51, 52, 53, 54, 55, 56, 57]
YNEW:[1, 0, 0, 0, 0, 0, 0, 0, 1, 0, 1, 1, 2, 2, 4, 5, 5, 5, 6, 7, 9, 11, 11, 17, 17, 17, 19, 22, 23, 22, 23, 26, 25, 30, 19, 17, 16, 25, 6, 22, 24, 28, 27, 27, 28, 31, 27, 10, 13, 16, 11, 11, 1, 2, 2, 1, 1]
YTOT: [1, 1, 1, 1, 1, 1, 1, 1, 2, 2, 3, 4, 6, 8, 12, 17, 22, 27, 33, 40, 49, 60, 71, 88, 105, 122, 141, 163, 186, 208, 231, 257, 282, 312, 331, 348, 364, 389, 395, 417, 441, 469, 496, 523, 551, 582, 609, 619, 632, 648, 659, 670, 671, 673, 675, 676, 677]

INFO: Total Population: 568140
INFO: R0: 2
INFO: Incubation Period: 5
INFO: Illness Period: 12
X:[0, 1, 2, 3, 4, 5, 6, 7, 8, 9, 10, 11, 12, 13, 14, 15, 16, 17, 18, 19, 20, 21, 22, 23, 24, 25, 26, 27, 28, 29, 30, 31, 32, 33, 34, 35, 36, 37, 38, 39, 40, 41, 42, 43, 44, 45, 46, 47, 48, 49, 50, 51, 52, 53, 54, 55, 56]
YNEW:[1, 0, 0, 0, 0, 0, 0, 0, 1, 0, 1, 1, 2, 2, 4, 5, 5, 5, 6, 7, 9, 11, 11, 17, 17, 17, 19, 22, 23, 22, 23, 26, 25, 30, 23, 15, 16, 24, 16, 18, 24, 18, 25, 28, 32, 35, 22, 15, 16, 11, 7, 13, 5, 2, 1, 2]
YTOT: [1, 1, 1, 1, 1, 1, 1, 1, 2, 2, 3, 4, 6, 8, 12, 17, 22, 27, 33, 40, 49, 60, 71, 88, 105, 122, 141, 163, 186, 208, 231, 257, 282, 312, 335, 350, 366, 390, 406, 424, 448, 466, 491, 519, 551, 586, 608, 623, 639, 650, 657, 670, 675, 677, 678, 680]

INFO: Total Population: 568140
INFO: R0: 2
INFO: Incubation Period: 5
INFO: Illness Period: 12
X:[0, 1, 2, 3, 4, 5, 6, 7, 8, 9, 10, 11, 12, 13, 14, 15, 16, 17, 18, 19, 20, 21, 22, 23, 24, 25, 26, 27, 28, 29, 30, 31, 32, 33, 34, 35, 36, 37, 38, 39, 40, 41, 42, 43, 44, 45, 46, 47, 48, 49, 50, 51, 52, 53, 54]
YNEW:[1, 0, 0, 0, 0, 0, 0, 0, 1, 0, 1, 1, 2, 2, 4, 5, 5, 5, 6, 7, 9, 11, 11, 17, 17, 17, 19, 22, 23, 22, 23, 26, 25, 30, 19, 16, 12, 16, 17, 24, 23, 23, 27, 22, 28, 31, 27, 14, 16, 11, 8, 8, 6, 5]
YTOT: [1, 1, 1, 1, 1, 1, 1, 1, 2, 2, 3, 4, 6, 8, 12, 17, 22, 27, 33, 40, 49, 60, 71, 88, 105, 122, 141, 163, 186, 208, 231, 257, 282, 312, 331, 347, 359, 375, 392, 416, 439, 462, 489, 511, 539, 570, 597, 611, 627, 638, 646, 654, 660, 665]

INFO: Total Population: 568140
INFO: R0: 2
INFO: Incubation Period: 5
INFO: Illness Period: 12
X:[0, 1, 2, 3, 4, 5, 6, 7, 8, 9, 10, 11, 12, 13, 14, 15, 16, 17, 18, 19, 20, 21, 22, 23, 24, 25, 26, 27, 28, 29, 30, 31, 32, 33, 34, 35, 36, 37, 38, 39, 40, 41, 42, 43, 44, 45, 46, 47, 48, 49, 50, 51, 52, 53, 54, 55, 56, 57]
YNEW:[1, 0, 0, 0, 0, 0, 0, 0, 1, 0, 1, 1, 2, 2, 4, 5, 5, 5, 6, 7, 9, 11, 11, 17, 17, 17, 19, 22, 23, 22, 23, 26, 25, 30, 16, 20, 12, 22, 19, 18, 21, 28, 31, 35, 32, 25, 15, 10, 18, 16, 8, 9, 14, 3, 1, 1, 1]
YTOT: [1, 1, 1, 1, 1, 1, 1, 1, 2, 2, 3, 4, 6, 8, 12, 17, 22, 27, 33, 40, 49, 60, 71, 88, 105, 122, 141, 163, 186, 208, 231, 257, 282, 312, 328, 348, 360, 382, 401, 419, 440, 468, 499, 534, 566, 591, 606, 616, 634, 650, 658, 667, 681, 684, 685, 686, 687]

INFO: Total Population: 568140
INFO: R0: 2
INFO: Incubation Period: 5
INFO: Illness Period: 12
X:[0, 1, 2, 3, 4, 5, 6, 7, 8, 9, 10, 11, 12, 13, 14, 15, 16, 17, 18, 19, 20, 21, 22, 23, 24, 25, 26, 27, 28, 29, 30, 31, 32, 33, 34, 35, 36, 37, 38, 39, 40, 41, 42, 43, 44, 45, 46, 47, 48, 49, 50, 51, 52, 53, 54, 55, 56]
YNEW:[1, 0, 0, 0, 0, 0, 0, 0, 1, 0, 1, 1, 2, 2, 4, 5, 5, 5, 6, 7, 9, 11, 11, 17, 17, 17, 19, 22, 23, 22, 23, 26, 25, 30, 26, 19, 15, 15, 20, 29, 21, 30, 22, 33, 32, 33, 18, 17, 26, 10, 10, 14, 9, 1, 3, 2]
YTOT: [1, 1, 1, 1, 1, 1, 1, 1, 2, 2, 3, 4, 6, 8, 12, 17, 22, 27, 33, 40, 49, 60, 71, 88, 105, 122, 141, 163, 186, 208, 231, 257, 282, 312, 338, 357, 372, 387, 407, 436, 457, 487, 509, 542, 574, 607, 625, 642, 668, 678, 688, 702, 711, 712, 715, 717]

INFO: Total Population: 568140
INFO: R0: 2
INFO: Incubation Period: 5
INFO: Illness Period: 12
X:[0, 1, 2, 3, 4, 5, 6, 7, 8, 9, 10, 11, 12, 13, 14, 15, 16, 17, 18, 19, 20, 21, 22, 23, 24, 25, 26, 27, 28, 29, 30, 31, 32, 33, 34, 35, 36, 37, 38, 39, 40, 41, 42, 43, 44, 45, 46, 47, 48, 49, 50, 51, 52, 53, 54, 55]
YNEW:[1, 0, 0, 0, 0, 0, 0, 0, 1, 0, 1, 1, 2, 2, 4, 5, 5, 5, 6, 7, 9, 11, 11, 17, 17, 17, 19, 22, 23, 22, 23, 26, 25, 30, 28, 15, 18, 9, 14, 20, 29, 31, 25, 29, 27, 23, 19, 15, 13, 18, 9, 9, 3, 5, 2]
YTOT: [1, 1, 1, 1, 1, 1, 1, 1, 2, 2, 3, 4, 6, 8, 12, 17, 22, 27, 33, 40, 49, 60, 71, 88, 105, 122, 141, 163, 186, 208, 231, 257, 282, 312, 340, 355, 373, 382, 396, 416, 445, 476, 501, 530, 557, 580, 599, 614, 627, 645, 654, 663, 666, 671, 673]

INFO: Total Population: 568140
INFO: R0: 2
INFO: Incubation Period: 5
INFO: Illness Period: 12
X:[0, 1, 2, 3, 4, 5, 6, 7, 8, 9, 10, 11, 12, 13, 14, 15, 16, 17, 18, 19, 20, 21, 22, 23, 24, 25, 26, 27, 28, 29, 30, 31, 32, 33, 34, 35, 36, 37, 38, 39, 40, 41, 42, 43, 44, 45, 46, 47, 48, 49, 50, 51, 52, 53, 54, 55]
YNEW:[1, 0, 0, 0, 0, 0, 0, 0, 1, 0, 1, 1, 2, 2, 4, 5, 5, 5, 6, 7, 9, 11, 11, 17, 17, 17, 19, 22, 23, 22, 23, 26, 25, 30, 14, 19, 19, 19, 16, 22, 21, 25, 18, 28, 26, 32, 25, 18, 15, 13, 13, 12, 7, 4, 3]
YTOT: [1, 1, 1, 1, 1, 1, 1, 1, 2, 2, 3, 4, 6, 8, 12, 17, 22, 27, 33, 40, 49, 60, 71, 88, 105, 122, 141, 163, 186, 208, 231, 257, 282, 312, 326, 345, 364, 383, 399, 421, 442, 467, 485, 513, 539, 571, 596, 614, 629, 642, 655, 667, 674, 678, 681]

INFO: Total Population: 568140
INFO: R0: 2
INFO: Incubation Period: 5
INFO: Illness Period: 12
X:[0, 1, 2, 3, 4, 5, 6, 7, 8, 9, 10, 11, 12, 13, 14, 15, 16, 17, 18, 19, 20, 21, 22, 23, 24, 25, 26, 27, 28, 29, 30, 31, 32, 33, 34, 35, 36, 37, 38, 39, 40, 41, 42, 43, 44, 45, 46, 47, 48, 49, 50, 51, 52, 53, 54, 55, 56]
YNEW:[1, 0, 0, 0, 0, 0, 0, 0, 1, 0, 1, 1, 2, 2, 4, 5, 5, 5, 6, 7, 9, 11, 11, 17, 17, 17, 19, 22, 23, 22, 23, 26, 25, 30, 23, 16, 22, 18, 23, 23, 18, 25, 25, 31, 29, 29, 28, 20, 18, 21, 16, 4, 10, 3, 2, 4]
YTOT: [1, 1, 1, 1, 1, 1, 1, 1, 2, 2, 3, 4, 6, 8, 12, 17, 22, 27, 33, 40, 49, 60, 71, 88, 105, 122, 141, 163, 186, 208, 231, 257, 282, 312, 335, 351, 373, 391, 414, 437, 455, 480, 505, 536, 565, 594, 622, 642, 660, 681, 697, 701, 711, 714, 716, 720]

INFO: Total Population: 568140
INFO: R0: 2
INFO: Incubation Period: 5
INFO: Illness Period: 12
X:[0, 1, 2, 3, 4, 5, 6, 7, 8, 9, 10, 11, 12, 13, 14, 15, 16, 17, 18, 19, 20, 21, 22, 23, 24, 25, 26, 27, 28, 29, 30, 31, 32, 33, 34, 35, 36, 37, 38, 39, 40, 41, 42, 43, 44, 45, 46, 47, 48, 49, 50, 51, 52, 53, 54, 55, 56, 57]
YNEW:[1, 0, 0, 0, 0, 0, 0, 0, 1, 0, 1, 1, 2, 2, 4, 5, 5, 5, 6, 7, 9, 11, 11, 17, 17, 17, 19, 22, 23, 22, 23, 26, 25, 30, 28, 21, 19, 11, 14, 22, 29, 31, 35, 37, 22, 25, 17, 17, 18, 13, 13, 6, 3, 5, 1, 1, 1]
YTOT: [1, 1, 1, 1, 1, 1, 1, 1, 2, 2, 3, 4, 6, 8, 12, 17, 22, 27, 33, 40, 49, 60, 71, 88, 105, 122, 141, 163, 186, 208, 231, 257, 282, 312, 340, 361, 380, 391, 405, 427, 456, 487, 522, 559, 581, 606, 623, 640, 658, 671, 684, 690, 693, 698, 699, 700, 701]

INFO: Total Population: 568140
INFO: R0: 2
INFO: Incubation Period: 5
INFO: Illness Period: 12
X:[0, 1, 2, 3, 4, 5, 6, 7, 8, 9, 10, 11, 12, 13, 14, 15, 16, 17, 18, 19, 20, 21, 22, 23, 24, 25, 26, 27, 28, 29, 30, 31, 32, 33, 34, 35, 36, 37, 38, 39, 40, 41, 42, 43, 44, 45, 46, 47, 48, 49, 50, 51, 52, 53, 54, 55]
YNEW:[1, 0, 0, 0, 0, 0, 0, 0, 1, 0, 1, 1, 2, 2, 4, 5, 5, 5, 6, 7, 9, 11, 11, 17, 17, 17, 19, 22, 23, 22, 23, 26, 25, 30, 29, 24, 17, 18, 16, 13, 28, 30, 33, 34, 34, 23, 16, 13, 19, 16, 7, 4, 7, 5, 3]
YTOT: [1, 1, 1, 1, 1, 1, 1, 1, 2, 2, 3, 4, 6, 8, 12, 17, 22, 27, 33, 40, 49, 60, 71, 88, 105, 122, 141, 163, 186, 208, 231, 257, 282, 312, 341, 365, 382, 400, 416, 429, 457, 487, 520, 554, 588, 611, 627, 640, 659, 675, 682, 686, 693, 698, 701]

INFO: Total Population: 568140
INFO: R0: 2
INFO: Incubation Period: 5
INFO: Illness Period: 12
X:[0, 1, 2, 3, 4, 5, 6, 7, 8, 9, 10, 11, 12, 13, 14, 15, 16, 17, 18, 19, 20, 21, 22, 23, 24, 25, 26, 27, 28, 29, 30, 31, 32, 33, 34, 35, 36, 37, 38, 39, 40, 41, 42, 43, 44, 45, 46, 47, 48, 49, 50, 51, 52, 53, 54, 55, 56]
YNEW:[1, 0, 0, 0, 0, 0, 0, 0, 1, 0, 1, 1, 2, 2, 4, 5, 5, 5, 6, 7, 9, 11, 11, 17, 17, 17, 19, 22, 23, 22, 23, 26, 25, 30, 29, 22, 20, 14, 16, 17, 27, 30, 24, 41, 37, 32, 24, 12, 20, 10, 14, 7, 6, 2, 1, 1]
YTOT: [1, 1, 1, 1, 1, 1, 1, 1, 2, 2, 3, 4, 6, 8, 12, 17, 22, 27, 33, 40, 49, 60, 71, 88, 105, 122, 141, 163, 186, 208, 231, 257, 282, 312, 341, 363, 383, 397, 413, 430, 457, 487, 511, 552, 589, 621, 645, 657, 677, 687, 701, 708, 714, 716, 717, 718]

INFO: Total Population: 568140
INFO: R0: 2
INFO: Incubation Period: 5
INFO: Illness Period: 12
X:[0, 1, 2, 3, 4, 5, 6, 7, 8, 9, 10, 11, 12, 13, 14, 15, 16, 17, 18, 19, 20, 21, 22, 23, 24, 25, 26, 27, 28, 29, 30, 31, 32, 33, 34, 35, 36, 37, 38, 39, 40, 41, 42, 43, 44, 45, 46, 47, 48, 49, 50, 51, 52, 53, 54, 55, 56, 57]
YNEW:[1, 0, 0, 0, 0, 0, 0, 0, 1, 0, 1, 1, 2, 2, 4, 5, 5, 5, 6, 7, 9, 11, 11, 17, 17, 17, 19, 22, 23, 22, 23, 26, 25, 30, 23, 19, 22, 24, 9, 9, 19, 35, 42, 30, 31, 24, 19, 15, 19, 7, 8, 7, 1, 2, 1, 1, 2]
YTOT: [1, 1, 1, 1, 1, 1, 1, 1, 2, 2, 3, 4, 6, 8, 12, 17, 22, 27, 33, 40, 49, 60, 71, 88, 105, 122, 141, 163, 186, 208, 231, 257, 282, 312, 335, 354, 376, 400, 409, 418, 437, 472, 514, 544, 575, 599, 618, 633, 652, 659, 667, 674, 675, 677, 678, 679, 681]

INFO: Total Population: 568140
INFO: R0: 2
INFO: Incubation Period: 5
INFO: Illness Period: 12
X:[0, 1, 2, 3, 4, 5, 6, 7, 8, 9, 10, 11, 12, 13, 14, 15, 16, 17, 18, 19, 20, 21, 22, 23, 24, 25, 26, 27, 28, 29, 30, 31, 32, 33, 34, 35, 36, 37, 38, 39, 40, 41, 42, 43, 44, 45, 46, 47, 48, 49, 50, 51, 52, 53, 54, 55]
YNEW:[1, 0, 0, 0, 0, 0, 0, 0, 1, 0, 1, 1, 2, 2, 4, 5, 5, 5, 6, 7, 9, 11, 11, 17, 17, 17, 19, 22, 23, 22, 23, 26, 25, 30, 20, 22, 18, 14, 11, 17, 22, 26, 34, 29, 23, 19, 13, 11, 15, 17, 14, 8, 1, 8, 2]
YTOT: [1, 1, 1, 1, 1, 1, 1, 1, 2, 2, 3, 4, 6, 8, 12, 17, 22, 27, 33, 40, 49, 60, 71, 88, 105, 122, 141, 163, 186, 208, 231, 257, 282, 312, 332, 354, 372, 386, 397, 414, 436, 462, 496, 525, 548, 567, 580, 591, 606, 623, 637, 645, 646, 654, 656]

INFO: Total Population: 568140
INFO: R0: 2
INFO: Incubation Period: 5
INFO: Illness Period: 12
X:[0, 1, 2, 3, 4, 5, 6, 7, 8, 9, 10, 11, 12, 13, 14, 15, 16, 17, 18, 19, 20, 21, 22, 23, 24, 25, 26, 27, 28, 29, 30, 31, 32, 33, 34, 35, 36, 37, 38, 39, 40, 41, 42, 43, 44, 45, 46, 47, 48, 49, 50, 51, 52, 53, 54, 55, 56, 57]
YNEW:[1, 0, 0, 0, 0, 0, 0, 0, 1, 0, 1, 1, 2, 2, 4, 5, 5, 5, 6, 7, 9, 11, 11, 17, 17, 17, 19, 22, 23, 22, 23, 26, 25, 30, 18, 17, 17, 16, 18, 14, 28, 31, 21, 31, 19, 31, 17, 18, 9, 9, 12, 6, 6, 5, 3, 2, 1]
YTOT: [1, 1, 1, 1, 1, 1, 1, 1, 2, 2, 3, 4, 6, 8, 12, 17, 22, 27, 33, 40, 49, 60, 71, 88, 105, 122, 141, 163, 186, 208, 231, 257, 282, 312, 330, 347, 364, 380, 398, 412, 440, 471, 492, 523, 542, 573, 590, 608, 617, 626, 638, 644, 650, 655, 658, 660, 661]

INFO: Total Population: 568140
INFO: R0: 2
INFO: Incubation Period: 5
INFO: Illness Period: 12
X:[0, 1, 2, 3, 4, 5, 6, 7, 8, 9, 10, 11, 12, 13, 14, 15, 16, 17, 18, 19, 20, 21, 22, 23, 24, 25, 26, 27, 28, 29, 30, 31, 32, 33, 34, 35, 36, 37, 38, 39, 40, 41, 42, 43, 44, 45, 46, 47, 48, 49, 50, 51, 52, 53, 54, 55, 56, 57]
YNEW:[1, 0, 0, 0, 0, 0, 0, 0, 1, 0, 1, 1, 2, 2, 4, 5, 5, 5, 6, 7, 9, 11, 11, 17, 17, 17, 19, 22, 23, 22, 23, 26, 25, 30, 13, 22, 21, 18, 15, 14, 24, 25, 38, 33, 33, 20, 19, 19, 13, 9, 11, 7, 4, 3, 2, 1, 1]
YTOT: [1, 1, 1, 1, 1, 1, 1, 1, 2, 2, 3, 4, 6, 8, 12, 17, 22, 27, 33, 40, 49, 60, 71, 88, 105, 122, 141, 163, 186, 208, 231, 257, 282, 312, 325, 347, 368, 386, 401, 415, 439, 464, 502, 535, 568, 588, 607, 626, 639, 648, 659, 666, 670, 673, 675, 676, 677]

INFO: Total Population: 568140
INFO: R0: 2
INFO: Incubation Period: 5
INFO: Illness Period: 12
X:[0, 1, 2, 3, 4, 5, 6, 7, 8, 9, 10, 11, 12, 13, 14, 15, 16, 17, 18, 19, 20, 21, 22, 23, 24, 25, 26, 27, 28, 29, 30, 31, 32, 33, 34, 35, 36, 37, 38, 39, 40, 41, 42, 43, 44, 45, 46, 47, 48, 49, 50, 51, 52, 53, 54, 55]
YNEW:[1, 0, 0, 0, 0, 0, 0, 0, 1, 0, 1, 1, 2, 2, 4, 5, 5, 5, 6, 7, 9, 11, 11, 17, 17, 17, 19, 22, 23, 22, 23, 26, 25, 30, 15, 23, 18, 19, 15, 14, 21, 38, 28, 17, 40, 19, 20, 19, 16, 6, 12, 13, 4, 5, 2]
YTOT: [1, 1, 1, 1, 1, 1, 1, 1, 2, 2, 3, 4, 6, 8, 12, 17, 22, 27, 33, 40, 49, 60, 71, 88, 105, 122, 141, 163, 186, 208, 231, 257, 282, 312, 327, 350, 368, 387, 402, 416, 437, 475, 503, 520, 560, 579, 599, 618, 634, 640, 652, 665, 669, 674, 676]

INFO: Total Population: 568140
INFO: R0: 2
INFO: Incubation Period: 5
INFO: Illness Period: 12
X:[0, 1, 2, 3, 4, 5, 6, 7, 8, 9, 10, 11, 12, 13, 14, 15, 16, 17, 18, 19, 20, 21, 22, 23, 24, 25, 26, 27, 28, 29, 30, 31, 32, 33, 34, 35, 36, 37, 38, 39, 40, 41, 42, 43, 44, 45, 46, 47, 48, 49, 50, 51, 52, 53, 54, 55, 56]
YNEW:[1, 0, 0, 0, 0, 0, 0, 0, 1, 0, 1, 1, 2, 2, 4, 5, 5, 5, 6, 7, 9, 11, 11, 17, 17, 17, 19, 22, 23, 22, 23, 26, 25, 30, 26, 16, 19, 20, 15, 19, 22, 30, 39, 15, 30, 30, 24, 22, 12, 9, 11, 10, 5, 5, 3, 1]
YTOT: [1, 1, 1, 1, 1, 1, 1, 1, 2, 2, 3, 4, 6, 8, 12, 17, 22, 27, 33, 40, 49, 60, 71, 88, 105, 122, 141, 163, 186, 208, 231, 257, 282, 312, 338, 354, 373, 393, 408, 427, 449, 479, 518, 533, 563, 593, 617, 639, 651, 660, 671, 681, 686, 691, 694, 695]

INFO: Total Population: 568140
INFO: R0: 2
INFO: Incubation Period: 5
INFO: Illness Period: 12
X:[0, 1, 2, 3, 4, 5, 6, 7, 8, 9, 10, 11, 12, 13, 14, 15, 16, 17, 18, 19, 20, 21, 22, 23, 24, 25, 26, 27, 28, 29, 30, 31, 32, 33, 34, 35, 36, 37, 38, 39, 40, 41, 42, 43, 44, 45, 46, 47, 48, 49, 50, 51, 52, 53, 54, 55]
YNEW:[1, 0, 0, 0, 0, 0, 0, 0, 1, 0, 1, 1, 2, 2, 4, 5, 5, 5, 6, 7, 9, 11, 11, 17, 17, 17, 19, 22, 23, 22, 23, 26, 25, 30, 18, 22, 20, 18, 18, 12, 26, 26, 31, 34, 33, 25, 19, 20, 16, 15, 7, 7, 6, 2, 1]
YTOT: [1, 1, 1, 1, 1, 1, 1, 1, 2, 2, 3, 4, 6, 8, 12, 17, 22, 27, 33, 40, 49, 60, 71, 88, 105, 122, 141, 163, 186, 208, 231, 257, 282, 312, 330, 352, 372, 390, 408, 420, 446, 472, 503, 537, 570, 595, 614, 634, 650, 665, 672, 679, 685, 687, 688]

INFO: Total Population: 568140
INFO: R0: 2
INFO: Incubation Period: 5
INFO: Illness Period: 12
X:[0, 1, 2, 3, 4, 5, 6, 7, 8, 9, 10, 11, 12, 13, 14, 15, 16, 17, 18, 19, 20, 21, 22, 23, 24, 25, 26, 27, 28, 29, 30, 31, 32, 33, 34, 35, 36, 37, 38, 39, 40, 41, 42, 43, 44, 45, 46, 47, 48, 49, 50, 51, 52, 53, 54, 55]
YNEW:[1, 0, 0, 0, 0, 0, 0, 0, 1, 0, 1, 1, 2, 2, 4, 5, 5, 5, 6, 7, 9, 11, 11, 17, 17, 17, 19, 22, 23, 22, 23, 26, 25, 30, 22, 18, 18, 16, 16, 18, 25, 28, 23, 39, 26, 32, 20, 14, 19, 10, 6, 12, 1, 5, 2]
YTOT: [1, 1, 1, 1, 1, 1, 1, 1, 2, 2, 3, 4, 6, 8, 12, 17, 22, 27, 33, 40, 49, 60, 71, 88, 105, 122, 141, 163, 186, 208, 231, 257, 282, 312, 334, 352, 370, 386, 402, 420, 445, 473, 496, 535, 561, 593, 613, 627, 646, 656, 662, 674, 675, 680, 682]

INFO: Total Population: 568140
INFO: R0: 2
INFO: Incubation Period: 5
INFO: Illness Period: 12
X:[0, 1, 2, 3, 4, 5, 6, 7, 8, 9, 10, 11, 12, 13, 14, 15, 16, 17, 18, 19, 20, 21, 22, 23, 24, 25, 26, 27, 28, 29, 30, 31, 32, 33, 34, 35, 36, 37, 38, 39, 40, 41, 42, 43, 44, 45, 46, 47, 48, 49, 50, 51, 52, 53, 54]
YNEW:[1, 0, 0, 0, 0, 0, 0, 0, 1, 0, 1, 1, 2, 2, 4, 5, 5, 5, 6, 7, 9, 11, 11, 17, 17, 17, 19, 22, 23, 22, 23, 26, 25, 30, 18, 28, 25, 12, 15, 17, 26, 23, 36, 30, 30, 33, 25, 20, 13, 9, 7, 11, 6, 2]
YTOT: [1, 1, 1, 1, 1, 1, 1, 1, 2, 2, 3, 4, 6, 8, 12, 17, 22, 27, 33, 40, 49, 60, 71, 88, 105, 122, 141, 163, 186, 208, 231, 257, 282, 312, 330, 358, 383, 395, 410, 427, 453, 476, 512, 542, 572, 605, 630, 650, 663, 672, 679, 690, 696, 698]

INFO: Total Population: 568140
INFO: R0: 2
INFO: Incubation Period: 5
INFO: Illness Period: 12
X:[0, 1, 2, 3, 4, 5, 6, 7, 8, 9, 10, 11, 12, 13, 14, 15, 16, 17, 18, 19, 20, 21, 22, 23, 24, 25, 26, 27, 28, 29, 30, 31, 32, 33, 34, 35, 36, 37, 38, 39, 40, 41, 42, 43, 44, 45, 46, 47, 48, 49, 50, 51, 52, 53, 54, 55, 56]
YNEW:[1, 0, 0, 0, 0, 0, 0, 0, 1, 0, 1, 1, 2, 2, 4, 5, 5, 5, 6, 7, 9, 11, 11, 17, 17, 17, 19, 22, 23, 22, 23, 26, 25, 30, 19, 13, 21, 15, 7, 22, 23, 35, 31, 30, 23, 29, 16, 9, 15, 12, 12, 7, 4, 2, 1, 2]
YTOT: [1, 1, 1, 1, 1, 1, 1, 1, 2, 2, 3, 4, 6, 8, 12, 17, 22, 27, 33, 40, 49, 60, 71, 88, 105, 122, 141, 163, 186, 208, 231, 257, 282, 312, 331, 344, 365, 380, 387, 409, 432, 467, 498, 528, 551, 580, 596, 605, 620, 632, 644, 651, 655, 657, 658, 660]

INFO: Total Population: 568140
INFO: R0: 2
INFO: Incubation Period: 5
INFO: Illness Period: 12
X:[0, 1, 2, 3, 4, 5, 6, 7, 8, 9, 10, 11, 12, 13, 14, 15, 16, 17, 18, 19, 20, 21, 22, 23, 24, 25, 26, 27, 28, 29, 30, 31, 32, 33, 34, 35, 36, 37, 38, 39, 40, 41, 42, 43, 44, 45, 46, 47, 48, 49, 50, 51, 52, 53, 54, 55, 56]
YNEW:[1, 0, 0, 0, 0, 0, 0, 0, 1, 0, 1, 1, 2, 2, 4, 5, 5, 5, 6, 7, 9, 11, 11, 17, 17, 17, 19, 22, 23, 22, 23, 26, 25, 30, 17, 21, 20, 13, 14, 26, 18, 26, 21, 39, 32, 22, 28, 12, 16, 18, 6, 6, 6, 2, 3, 2]
YTOT: [1, 1, 1, 1, 1, 1, 1, 1, 2, 2, 3, 4, 6, 8, 12, 17, 22, 27, 33, 40, 49, 60, 71, 88, 105, 122, 141, 163, 186, 208, 231, 257, 282, 312, 329, 350, 370, 383, 397, 423, 441, 467, 488, 527, 559, 581, 609, 621, 637, 655, 661, 667, 673, 675, 678, 680]

INFO: Total Population: 568140
INFO: R0: 2
INFO: Incubation Period: 5
INFO: Illness Period: 12
X:[0, 1, 2, 3, 4, 5, 6, 7, 8, 9, 10, 11, 12, 13, 14, 15, 16, 17, 18, 19, 20, 21, 22, 23, 24, 25, 26, 27, 28, 29, 30, 31, 32, 33, 34, 35, 36, 37, 38, 39, 40, 41, 42, 43, 44, 45, 46, 47, 48, 49, 50, 51, 52, 53, 54, 55, 56]
YNEW:[1, 0, 0, 0, 0, 0, 0, 0, 1, 0, 1, 1, 2, 2, 4, 5, 5, 5, 6, 7, 9, 11, 11, 17, 17, 17, 19, 22, 23, 22, 23, 26, 25, 30, 20, 22, 16, 14, 10, 28, 26, 14, 28, 33, 36, 24, 17, 20, 14, 16, 8, 8, 8, 3, 5, 1]
YTOT: [1, 1, 1, 1, 1, 1, 1, 1, 2, 2, 3, 4, 6, 8, 12, 17, 22, 27, 33, 40, 49, 60, 71, 88, 105, 122, 141, 163, 186, 208, 231, 257, 282, 312, 332, 354, 370, 384, 394, 422, 448, 462, 490, 523, 559, 583, 600, 620, 634, 650, 658, 666, 674, 677, 682, 683]

INFO: Total Population: 568140
INFO: R0: 2
INFO: Incubation Period: 5
INFO: Illness Period: 12
X:[0, 1, 2, 3, 4, 5, 6, 7, 8, 9, 10, 11, 12, 13, 14, 15, 16, 17, 18, 19, 20, 21, 22, 23, 24, 25, 26, 27, 28, 29, 30, 31, 32, 33, 34, 35, 36, 37, 38, 39, 40, 41, 42, 43, 44, 45, 46, 47, 48, 49, 50, 51, 52, 53, 54, 55, 56]
YNEW:[1, 0, 0, 0, 0, 0, 0, 0, 1, 0, 1, 1, 2, 2, 4, 5, 5, 5, 6, 7, 9, 11, 11, 17, 17, 17, 19, 22, 23, 22, 23, 26, 25, 30, 18, 17, 26, 13, 18, 18, 20, 24, 26, 35, 34, 30, 17, 16, 12, 16, 13, 8, 3, 4, 2, 3]
YTOT: [1, 1, 1, 1, 1, 1, 1, 1, 2, 2, 3, 4, 6, 8, 12, 17, 22, 27, 33, 40, 49, 60, 71, 88, 105, 122, 141, 163, 186, 208, 231, 257, 282, 312, 330, 347, 373, 386, 404, 422, 442, 466, 492, 527, 561, 591, 608, 624, 636, 652, 665, 673, 676, 680, 682, 685]

INFO: Total Population: 568140
INFO: R0: 2
INFO: Incubation Period: 5
INFO: Illness Period: 12
X:[0, 1, 2, 3, 4, 5, 6, 7, 8, 9, 10, 11, 12, 13, 14, 15, 16, 17, 18, 19, 20, 21, 22, 23, 24, 25, 26, 27, 28, 29, 30, 31, 32, 33, 34, 35, 36, 37, 38, 39, 40, 41, 42, 43, 44, 45, 46, 47, 48, 49, 50, 51, 52, 53, 54, 55, 56]
YNEW:[1, 0, 0, 0, 0, 0, 0, 0, 1, 0, 1, 1, 2, 2, 4, 5, 5, 5, 6, 7, 9, 11, 11, 17, 17, 17, 19, 22, 23, 22, 23, 26, 25, 30, 18, 20, 10, 21, 16, 21, 23, 23, 26, 23, 31, 31, 20, 17, 13, 17, 7, 10, 6, 6, 1, 2]
YTOT: [1, 1, 1, 1, 1, 1, 1, 1, 2, 2, 3, 4, 6, 8, 12, 17, 22, 27, 33, 40, 49, 60, 71, 88, 105, 122, 141, 163, 186, 208, 231, 257, 282, 312, 330, 350, 360, 381, 397, 418, 441, 464, 490, 513, 544, 575, 595, 612, 625, 642, 649, 659, 665, 671, 672, 674]

INFO: Total Population: 568140
INFO: R0: 2
INFO: Incubation Period: 5
INFO: Illness Period: 12
X:[0, 1, 2, 3, 4, 5, 6, 7, 8, 9, 10, 11, 12, 13, 14, 15, 16, 17, 18, 19, 20, 21, 22, 23, 24, 25, 26, 27, 28, 29, 30, 31, 32, 33, 34, 35, 36, 37, 38, 39, 40, 41, 42, 43, 44, 45, 46, 47, 48, 49, 50, 51, 52, 53, 54, 55, 56]
YNEW:[1, 0, 0, 0, 0, 0, 0, 0, 1, 0, 1, 1, 2, 2, 4, 5, 5, 5, 6, 7, 9, 11, 11, 17, 17, 17, 19, 22, 23, 22, 23, 26, 25, 30, 24, 15, 17, 16, 17, 23, 20, 27, 23, 28, 32, 29, 22, 21, 17, 10, 14, 11, 8, 1, 1, 1]
YTOT: [1, 1, 1, 1, 1, 1, 1, 1, 2, 2, 3, 4, 6, 8, 12, 17, 22, 27, 33, 40, 49, 60, 71, 88, 105, 122, 141, 163, 186, 208, 231, 257, 282, 312, 336, 351, 368, 384, 401, 424, 444, 471, 494, 522, 554, 583, 605, 626, 643, 653, 667, 678, 686, 687, 688, 689]

INFO: Total Population: 568140
INFO: R0: 2
INFO: Incubation Period: 5
INFO: Illness Period: 12
X:[0, 1, 2, 3, 4, 5, 6, 7, 8, 9, 10, 11, 12, 13, 14, 15, 16, 17, 18, 19, 20, 21, 22, 23, 24, 25, 26, 27, 28, 29, 30, 31, 32, 33, 34, 35, 36, 37, 38, 39, 40, 41, 42, 43, 44, 45, 46, 47, 48, 49, 50, 51, 52, 53, 54, 55, 56, 57]
YNEW:[1, 0, 0, 0, 0, 0, 0, 0, 1, 0, 1, 1, 2, 2, 4, 5, 5, 5, 6, 7, 9, 11, 11, 17, 17, 17, 19, 22, 23, 22, 23, 26, 25, 30, 20, 23, 14, 11, 15, 30, 20, 29, 34, 28, 31, 35, 14, 15, 11, 16, 13, 7, 10, 8, 3, 3, 2]
YTOT: [1, 1, 1, 1, 1, 1, 1, 1, 2, 2, 3, 4, 6, 8, 12, 17, 22, 27, 33, 40, 49, 60, 71, 88, 105, 122, 141, 163, 186, 208, 231, 257, 282, 312, 332, 355, 369, 380, 395, 425, 445, 474, 508, 536, 567, 602, 616, 631, 642, 658, 671, 678, 688, 696, 699, 702, 704]

INFO: Total Population: 568140
INFO: R0: 2
INFO: Incubation Period: 5
INFO: Illness Period: 12
X:[0, 1, 2, 3, 4, 5, 6, 7, 8, 9, 10, 11, 12, 13, 14, 15, 16, 17, 18, 19, 20, 21, 22, 23, 24, 25, 26, 27, 28, 29, 30, 31, 32, 33, 34, 35, 36, 37, 38, 39, 40, 41, 42, 43, 44, 45, 46, 47, 48, 49, 50, 51, 52, 53, 54, 55]
YNEW:[1, 0, 0, 0, 0, 0, 0, 0, 1, 0, 1, 1, 2, 2, 4, 5, 5, 5, 6, 7, 9, 11, 11, 17, 17, 17, 19, 22, 23, 22, 23, 26, 25, 30, 17, 19, 23, 24, 17, 20, 18, 29, 24, 31, 34, 22, 24, 23, 24, 13, 14, 7, 9, 3, 4]
YTOT: [1, 1, 1, 1, 1, 1, 1, 1, 2, 2, 3, 4, 6, 8, 12, 17, 22, 27, 33, 40, 49, 60, 71, 88, 105, 122, 141, 163, 186, 208, 231, 257, 282, 312, 329, 348, 371, 395, 412, 432, 450, 479, 503, 534, 568, 590, 614, 637, 661, 674, 688, 695, 704, 707, 711]

INFO: Total Population: 568140
INFO: R0: 2
INFO: Incubation Period: 5
INFO: Illness Period: 12
X:[0, 1, 2, 3, 4, 5, 6, 7, 8, 9, 10, 11, 12, 13, 14, 15, 16, 17, 18, 19, 20, 21, 22, 23, 24, 25, 26, 27, 28, 29, 30, 31, 32, 33, 34, 35, 36, 37, 38, 39, 40, 41, 42, 43, 44, 45, 46, 47, 48, 49, 50, 51, 52, 53, 54, 55]
YNEW:[1, 0, 0, 0, 0, 0, 0, 0, 1, 0, 1, 1, 2, 2, 4, 5, 5, 5, 6, 7, 9, 11, 11, 17, 17, 17, 19, 22, 23, 22, 23, 26, 25, 30, 28, 20, 23, 17, 10, 14, 34, 28, 34, 34, 38, 23, 28, 18, 5, 7, 11, 7, 2, 2, 2]
YTOT: [1, 1, 1, 1, 1, 1, 1, 1, 2, 2, 3, 4, 6, 8, 12, 17, 22, 27, 33, 40, 49, 60, 71, 88, 105, 122, 141, 163, 186, 208, 231, 257, 282, 312, 340, 360, 383, 400, 410, 424, 458, 486, 520, 554, 592, 615, 643, 661, 666, 673, 684, 691, 693, 695, 697]

INFO: Total Population: 568140
INFO: R0: 2
INFO: Incubation Period: 5
INFO: Illness Period: 12
X:[0, 1, 2, 3, 4, 5, 6, 7, 8, 9, 10, 11, 12, 13, 14, 15, 16, 17, 18, 19, 20, 21, 22, 23, 24, 25, 26, 27, 28, 29, 30, 31, 32, 33, 34, 35, 36, 37, 38, 39, 40, 41, 42, 43, 44, 45, 46, 47, 48, 49, 50, 51, 52, 53, 54, 55, 56]
YNEW:[1, 0, 0, 0, 0, 0, 0, 0, 1, 0, 1, 1, 2, 2, 4, 5, 5, 5, 6, 7, 9, 11, 11, 17, 17, 17, 19, 22, 23, 22, 23, 26, 25, 30, 16, 31, 18, 14, 20, 20, 26, 30, 24, 36, 37, 37, 17, 13, 17, 17, 10, 12, 5, 1, 1, 1]
YTOT: [1, 1, 1, 1, 1, 1, 1, 1, 2, 2, 3, 4, 6, 8, 12, 17, 22, 27, 33, 40, 49, 60, 71, 88, 105, 122, 141, 163, 186, 208, 231, 257, 282, 312, 328, 359, 377, 391, 411, 431, 457, 487, 511, 547, 584, 621, 638, 651, 668, 685, 695, 707, 712, 713, 714, 715]

INFO: Total Population: 568140
INFO: R0: 2
INFO: Incubation Period: 5
INFO: Illness Period: 12
X:[0, 1, 2, 3, 4, 5, 6, 7, 8, 9, 10, 11, 12, 13, 14, 15, 16, 17, 18, 19, 20, 21, 22, 23, 24, 25, 26, 27, 28, 29, 30, 31, 32, 33, 34, 35, 36, 37, 38, 39, 40, 41, 42, 43, 44, 45, 46, 47, 48, 49, 50, 51, 52, 53, 54, 55, 56]
YNEW:[1, 0, 0, 0, 0, 0, 0, 0, 1, 0, 1, 1, 2, 2, 4, 5, 5, 5, 6, 7, 9, 11, 11, 17, 17, 17, 19, 22, 23, 22, 23, 26, 25, 30, 20, 20, 30, 16, 9, 12, 18, 36, 30, 30, 28, 21, 21, 23, 13, 10, 14, 7, 4, 1, 3, 2]
YTOT: [1, 1, 1, 1, 1, 1, 1, 1, 2, 2, 3, 4, 6, 8, 12, 17, 22, 27, 33, 40, 49, 60, 71, 88, 105, 122, 141, 163, 186, 208, 231, 257, 282, 312, 332, 352, 382, 398, 407, 419, 437, 473, 503, 533, 561, 582, 603, 626, 639, 649, 663, 670, 674, 675, 678, 680]

INFO: Total Population: 568140
INFO: R0: 2
INFO: Incubation Period: 5
INFO: Illness Period: 12
X:[0, 1, 2, 3, 4, 5, 6, 7, 8, 9, 10, 11, 12, 13, 14, 15, 16, 17, 18, 19, 20, 21, 22, 23, 24, 25, 26, 27, 28, 29, 30, 31, 32, 33, 34, 35, 36, 37, 38, 39, 40, 41, 42, 43, 44, 45, 46, 47, 48, 49, 50, 51, 52, 53, 54, 55, 56]
YNEW:[1, 0, 0, 0, 0, 0, 0, 0, 1, 0, 1, 1, 2, 2, 4, 5, 5, 5, 6, 7, 9, 11, 11, 17, 17, 17, 19, 22, 23, 22, 23, 26, 25, 30, 25, 19, 12, 19, 11, 20, 25, 26, 26, 33, 32, 27, 16, 14, 12, 9, 10, 8, 3, 5, 5, 1]
YTOT: [1, 1, 1, 1, 1, 1, 1, 1, 2, 2, 3, 4, 6, 8, 12, 17, 22, 27, 33, 40, 49, 60, 71, 88, 105, 122, 141, 163, 186, 208, 231, 257, 282, 312, 337, 356, 368, 387, 398, 418, 443, 469, 495, 528, 560, 587, 603, 617, 629, 638, 648, 656, 659, 664, 669, 670]

INFO: Total Population: 568140
INFO: R0: 2
INFO: Incubation Period: 5
INFO: Illness Period: 12
X:[0, 1, 2, 3, 4, 5, 6, 7, 8, 9, 10, 11, 12, 13, 14, 15, 16, 17, 18, 19, 20, 21, 22, 23, 24, 25, 26, 27, 28, 29, 30, 31, 32, 33, 34, 35, 36, 37, 38, 39, 40, 41, 42, 43, 44, 45, 46, 47, 48, 49, 50, 51, 52, 53, 54, 55]
YNEW:[1, 0, 0, 0, 0, 0, 0, 0, 1, 0, 1, 1, 2, 2, 4, 5, 5, 5, 6, 7, 9, 11, 11, 17, 17, 17, 19, 22, 23, 22, 23, 26, 25, 30, 22, 20, 13, 15, 14, 13, 27, 42, 27, 20, 33, 23, 18, 10, 14, 8, 13, 11, 3, 1, 1]
YTOT: [1, 1, 1, 1, 1, 1, 1, 1, 2, 2, 3, 4, 6, 8, 12, 17, 22, 27, 33, 40, 49, 60, 71, 88, 105, 122, 141, 163, 186, 208, 231, 257, 282, 312, 334, 354, 367, 382, 396, 409, 436, 478, 505, 525, 558, 581, 599, 609, 623, 631, 644, 655, 658, 659, 660]

INFO: Total Population: 568140
INFO: R0: 2
INFO: Incubation Period: 5
INFO: Illness Period: 12
X:[0, 1, 2, 3, 4, 5, 6, 7, 8, 9, 10, 11, 12, 13, 14, 15, 16, 17, 18, 19, 20, 21, 22, 23, 24, 25, 26, 27, 28, 29, 30, 31, 32, 33, 34, 35, 36, 37, 38, 39, 40, 41, 42, 43, 44, 45, 46, 47, 48, 49, 50, 51, 52, 53, 54, 55, 56, 57]
YNEW:[1, 0, 0, 0, 0, 0, 0, 0, 1, 0, 1, 1, 2, 2, 4, 5, 5, 5, 6, 7, 9, 11, 11, 17, 17, 17, 19, 22, 23, 22, 23, 26, 25, 30, 17, 28, 15, 15, 16, 22, 27, 23, 21, 40, 30, 31, 10, 22, 18, 11, 18, 7, 7, 2, 2, 1, 1]
YTOT: [1, 1, 1, 1, 1, 1, 1, 1, 2, 2, 3, 4, 6, 8, 12, 17, 22, 27, 33, 40, 49, 60, 71, 88, 105, 122, 141, 163, 186, 208, 231, 257, 282, 312, 329, 357, 372, 387, 403, 425, 452, 475, 496, 536, 566, 597, 607, 629, 647, 658, 676, 683, 690, 692, 694, 695, 696]

INFO: Total Population: 568140
INFO: R0: 2
INFO: Incubation Period: 5
INFO: Illness Period: 12
X:[0, 1, 2, 3, 4, 5, 6, 7, 8, 9, 10, 11, 12, 13, 14, 15, 16, 17, 18, 19, 20, 21, 22, 23, 24, 25, 26, 27, 28, 29, 30, 31, 32, 33, 34, 35, 36, 37, 38, 39, 40, 41, 42, 43, 44, 45, 46, 47, 48, 49, 50, 51, 52, 53, 54, 55, 56]
YNEW:[1, 0, 0, 0, 0, 0, 0, 0, 1, 0, 1, 1, 2, 2, 4, 5, 5, 5, 6, 7, 9, 11, 11, 17, 17, 17, 19, 22, 23, 22, 23, 26, 25, 30, 16, 24, 19, 23, 9, 17, 23, 26, 29, 29, 36, 24, 24, 11, 15, 11, 9, 5, 7, 5, 2, 1]
YTOT: [1, 1, 1, 1, 1, 1, 1, 1, 2, 2, 3, 4, 6, 8, 12, 17, 22, 27, 33, 40, 49, 60, 71, 88, 105, 122, 141, 163, 186, 208, 231, 257, 282, 312, 328, 352, 371, 394, 403, 420, 443, 469, 498, 527, 563, 587, 611, 622, 637, 648, 657, 662, 669, 674, 676, 677]

INFO: Total Population: 568140
INFO: R0: 2
INFO: Incubation Period: 5
INFO: Illness Period: 12
X:[0, 1, 2, 3, 4, 5, 6, 7, 8, 9, 10, 11, 12, 13, 14, 15, 16, 17, 18, 19, 20, 21, 22, 23, 24, 25, 26, 27, 28, 29, 30, 31, 32, 33, 34, 35, 36, 37, 38, 39, 40, 41, 42, 43, 44, 45, 46, 47, 48, 49, 50, 51, 52, 53, 54, 55, 56]
YNEW:[1, 0, 0, 0, 0, 0, 0, 0, 1, 0, 1, 1, 2, 2, 4, 5, 5, 5, 6, 7, 9, 11, 11, 17, 17, 17, 19, 22, 23, 22, 23, 26, 25, 30, 26, 17, 20, 17, 15, 18, 26, 20, 33, 38, 35, 35, 22, 18, 15, 15, 9, 4, 5, 2, 2, 1]
YTOT: [1, 1, 1, 1, 1, 1, 1, 1, 2, 2, 3, 4, 6, 8, 12, 17, 22, 27, 33, 40, 49, 60, 71, 88, 105, 122, 141, 163, 186, 208, 231, 257, 282, 312, 338, 355, 375, 392, 407, 425, 451, 471, 504, 542, 577, 612, 634, 652, 667, 682, 691, 695, 700, 702, 704, 705]

INFO: Total Population: 568140
INFO: R0: 2
INFO: Incubation Period: 5
INFO: Illness Period: 12
X:[0, 1, 2, 3, 4, 5, 6, 7, 8, 9, 10, 11, 12, 13, 14, 15, 16, 17, 18, 19, 20, 21, 22, 23, 24, 25, 26, 27, 28, 29, 30, 31, 32, 33, 34, 35, 36, 37, 38, 39, 40, 41, 42, 43, 44, 45, 46, 47, 48, 49, 50, 51, 52, 53, 54, 55, 56]
YNEW:[1, 0, 0, 0, 0, 0, 0, 0, 1, 0, 1, 1, 2, 2, 4, 5, 5, 5, 6, 7, 9, 11, 11, 17, 17, 17, 19, 22, 23, 22, 23, 26, 25, 30, 26, 19, 17, 21, 14, 20, 24, 32, 32, 28, 28, 28, 28, 17, 16, 8, 9, 11, 2, 4, 5, 1]
YTOT: [1, 1, 1, 1, 1, 1, 1, 1, 2, 2, 3, 4, 6, 8, 12, 17, 22, 27, 33, 40, 49, 60, 71, 88, 105, 122, 141, 163, 186, 208, 231, 257, 282, 312, 338, 357, 374, 395, 409, 429, 453, 485, 517, 545, 573, 601, 629, 646, 662, 670, 679, 690, 692, 696, 701, 702]

INFO: Total Population: 568140
INFO: R0: 2
INFO: Incubation Period: 5
INFO: Illness Period: 12
X:[0, 1, 2, 3, 4, 5, 6, 7, 8, 9, 10, 11, 12, 13, 14, 15, 16, 17, 18, 19, 20, 21, 22, 23, 24, 25, 26, 27, 28, 29, 30, 31, 32, 33, 34, 35, 36, 37, 38, 39, 40, 41, 42, 43, 44, 45, 46, 47, 48, 49, 50, 51, 52, 53, 54, 55, 56, 57]
YNEW:[1, 0, 0, 0, 0, 0, 0, 0, 1, 0, 1, 1, 2, 2, 4, 5, 5, 5, 6, 7, 9, 11, 11, 17, 17, 17, 19, 22, 23, 22, 23, 26, 25, 30, 26, 22, 19, 21, 15, 18, 24, 32, 38, 30, 29, 31, 16, 15, 22, 8, 17, 7, 6, 4, 1, 1, 1]
YTOT: [1, 1, 1, 1, 1, 1, 1, 1, 2, 2, 3, 4, 6, 8, 12, 17, 22, 27, 33, 40, 49, 60, 71, 88, 105, 122, 141, 163, 186, 208, 231, 257, 282, 312, 338, 360, 379, 400, 415, 433, 457, 489, 527, 557, 586, 617, 633, 648, 670, 678, 695, 702, 708, 712, 713, 714, 715]

INFO: Total Population: 568140
INFO: R0: 2
INFO: Incubation Period: 5
INFO: Illness Period: 12
X:[0, 1, 2, 3, 4, 5, 6, 7, 8, 9, 10, 11, 12, 13, 14, 15, 16, 17, 18, 19, 20, 21, 22, 23, 24, 25, 26, 27, 28, 29, 30, 31, 32, 33, 34, 35, 36, 37, 38, 39, 40, 41, 42, 43, 44, 45, 46, 47, 48, 49, 50, 51, 52, 53, 54, 55, 56]
YNEW:[1, 0, 0, 0, 0, 0, 0, 0, 1, 0, 1, 1, 2, 2, 4, 5, 5, 5, 6, 7, 9, 11, 11, 17, 17, 17, 19, 22, 23, 22, 23, 26, 25, 30, 24, 19, 24, 17, 15, 23, 23, 32, 28, 30, 33, 37, 23, 21, 11, 17, 16, 7, 3, 3, 2, 1]
YTOT: [1, 1, 1, 1, 1, 1, 1, 1, 2, 2, 3, 4, 6, 8, 12, 17, 22, 27, 33, 40, 49, 60, 71, 88, 105, 122, 141, 163, 186, 208, 231, 257, 282, 312, 336, 355, 379, 396, 411, 434, 457, 489, 517, 547, 580, 617, 640, 661, 672, 689, 705, 712, 715, 718, 720, 721]

INFO: Total Population: 568140
INFO: R0: 2
INFO: Incubation Period: 5
INFO: Illness Period: 12
X:[0, 1, 2, 3, 4, 5, 6, 7, 8, 9, 10, 11, 12, 13, 14, 15, 16, 17, 18, 19, 20, 21, 22, 23, 24, 25, 26, 27, 28, 29, 30, 31, 32, 33, 34, 35, 36, 37, 38, 39, 40, 41, 42, 43, 44, 45, 46, 47, 48, 49, 50, 51, 52, 53, 54, 55]
YNEW:[1, 0, 0, 0, 0, 0, 0, 0, 1, 0, 1, 1, 2, 2, 4, 5, 5, 5, 6, 7, 9, 11, 11, 17, 17, 17, 19, 22, 23, 22, 23, 26, 25, 30, 20, 25, 14, 19, 16, 10, 26, 30, 27, 35, 28, 24, 16, 17, 16, 19, 9, 4, 3, 2, 2]
YTOT: [1, 1, 1, 1, 1, 1, 1, 1, 2, 2, 3, 4, 6, 8, 12, 17, 22, 27, 33, 40, 49, 60, 71, 88, 105, 122, 141, 163, 186, 208, 231, 257, 282, 312, 332, 357, 371, 390, 406, 416, 442, 472, 499, 534, 562, 586, 602, 619, 635, 654, 663, 667, 670, 672, 674]

INFO: Total Population: 568140
INFO: R0: 2
INFO: Incubation Period: 5
INFO: Illness Period: 12
X:[0, 1, 2, 3, 4, 5, 6, 7, 8, 9, 10, 11, 12, 13, 14, 15, 16, 17, 18, 19, 20, 21, 22, 23, 24, 25, 26, 27, 28, 29, 30, 31, 32, 33, 34, 35, 36, 37, 38, 39, 40, 41, 42, 43, 44, 45, 46, 47, 48, 49, 50, 51, 52, 53, 54, 55, 56]
YNEW:[1, 0, 0, 0, 0, 0, 0, 0, 1, 0, 1, 1, 2, 2, 4, 5, 5, 5, 6, 7, 9, 11, 11, 17, 17, 17, 19, 22, 23, 22, 23, 26, 25, 30, 21, 17, 16, 12, 13, 17, 26, 35, 25, 29, 27, 21, 10, 14, 10, 11, 10, 2, 4, 6, 7, 1]
YTOT: [1, 1, 1, 1, 1, 1, 1, 1, 2, 2, 3, 4, 6, 8, 12, 17, 22, 27, 33, 40, 49, 60, 71, 88, 105, 122, 141, 163, 186, 208, 231, 257, 282, 312, 333, 350, 366, 378, 391, 408, 434, 469, 494, 523, 550, 571, 581, 595, 605, 616, 626, 628, 632, 638, 645, 646]

INFO: Total Population: 568140
INFO: R0: 2
INFO: Incubation Period: 5
INFO: Illness Period: 12
X:[0, 1, 2, 3, 4, 5, 6, 7, 8, 9, 10, 11, 12, 13, 14, 15, 16, 17, 18, 19, 20, 21, 22, 23, 24, 25, 26, 27, 28, 29, 30, 31, 32, 33, 34, 35, 36, 37, 38, 39, 40, 41, 42, 43, 44, 45, 46, 47, 48, 49, 50, 51, 52, 53, 54, 55]
YNEW:[1, 0, 0, 0, 0, 0, 0, 0, 1, 0, 1, 1, 2, 2, 4, 5, 5, 5, 6, 7, 9, 11, 11, 17, 17, 17, 19, 22, 23, 22, 23, 26, 25, 30, 23, 19, 27, 11, 15, 9, 23, 33, 34, 36, 30, 23, 21, 17, 11, 10, 10, 4, 2, 4, 2]
YTOT: [1, 1, 1, 1, 1, 1, 1, 1, 2, 2, 3, 4, 6, 8, 12, 17, 22, 27, 33, 40, 49, 60, 71, 88, 105, 122, 141, 163, 186, 208, 231, 257, 282, 312, 335, 354, 381, 392, 407, 416, 439, 472, 506, 542, 572, 595, 616, 633, 644, 654, 664, 668, 670, 674, 676]

INFO: Total Population: 568140
INFO: R0: 2
INFO: Incubation Period: 5
INFO: Illness Period: 12
X:[0, 1, 2, 3, 4, 5, 6, 7, 8, 9, 10, 11, 12, 13, 14, 15, 16, 17, 18, 19, 20, 21, 22, 23, 24, 25, 26, 27, 28, 29, 30, 31, 32, 33, 34, 35, 36, 37, 38, 39, 40, 41, 42, 43, 44, 45, 46, 47, 48, 49, 50, 51, 52, 53, 54, 55]
YNEW:[1, 0, 0, 0, 0, 0, 0, 0, 1, 0, 1, 1, 2, 2, 4, 5, 5, 5, 6, 7, 9, 11, 11, 17, 17, 17, 19, 22, 23, 22, 23, 26, 25, 30, 26, 25, 19, 9, 20, 14, 30, 22, 28, 49, 27, 28, 25, 20, 9, 11, 10, 6, 5, 3, 3]
YTOT: [1, 1, 1, 1, 1, 1, 1, 1, 2, 2, 3, 4, 6, 8, 12, 17, 22, 27, 33, 40, 49, 60, 71, 88, 105, 122, 141, 163, 186, 208, 231, 257, 282, 312, 338, 363, 382, 391, 411, 425, 455, 477, 505, 554, 581, 609, 634, 654, 663, 674, 684, 690, 695, 698, 701]

INFO: Total Population: 568140
INFO: R0: 2
INFO: Incubation Period: 5
INFO: Illness Period: 12
X:[0, 1, 2, 3, 4, 5, 6, 7, 8, 9, 10, 11, 12, 13, 14, 15, 16, 17, 18, 19, 20, 21, 22, 23, 24, 25, 26, 27, 28, 29, 30, 31, 32, 33, 34, 35, 36, 37, 38, 39, 40, 41, 42, 43, 44, 45, 46, 47, 48, 49, 50, 51, 52, 53, 54, 55, 56]
YNEW:[1, 0, 0, 0, 0, 0, 0, 0, 1, 0, 1, 1, 2, 2, 4, 5, 5, 5, 6, 7, 9, 11, 11, 17, 17, 17, 19, 22, 23, 22, 23, 26, 25, 30, 12, 25, 21, 18, 15, 19, 29, 21, 26, 37, 33, 27, 14, 19, 18, 15, 15, 4, 5, 4, 2, 1]
YTOT: [1, 1, 1, 1, 1, 1, 1, 1, 2, 2, 3, 4, 6, 8, 12, 17, 22, 27, 33, 40, 49, 60, 71, 88, 105, 122, 141, 163, 186, 208, 231, 257, 282, 312, 324, 349, 370, 388, 403, 422, 451, 472, 498, 535, 568, 595, 609, 628, 646, 661, 676, 680, 685, 689, 691, 692]

INFO: Total Population: 568140
INFO: R0: 2
INFO: Incubation Period: 5
INFO: Illness Period: 12
X:[0, 1, 2, 3, 4, 5, 6, 7, 8, 9, 10, 11, 12, 13, 14, 15, 16, 17, 18, 19, 20, 21, 22, 23, 24, 25, 26, 27, 28, 29, 30, 31, 32, 33, 34, 35, 36, 37, 38, 39, 40, 41, 42, 43, 44, 45, 46, 47, 48, 49, 50, 51, 52, 53, 54, 55, 56]
YNEW:[1, 0, 0, 0, 0, 0, 0, 0, 1, 0, 1, 1, 2, 2, 4, 5, 5, 5, 6, 7, 9, 11, 11, 17, 17, 17, 19, 22, 23, 22, 23, 26, 25, 30, 18, 19, 19, 18, 18, 15, 19, 31, 34, 27, 31, 23, 19, 12, 16, 9, 12, 9, 6, 6, 4, 1]
YTOT: [1, 1, 1, 1, 1, 1, 1, 1, 2, 2, 3, 4, 6, 8, 12, 17, 22, 27, 33, 40, 49, 60, 71, 88, 105, 122, 141, 163, 186, 208, 231, 257, 282, 312, 330, 349, 368, 386, 404, 419, 438, 469, 503, 530, 561, 584, 603, 615, 631, 640, 652, 661, 667, 673, 677, 678]

INFO: Total Population: 568140
INFO: R0: 2
INFO: Incubation Period: 5
INFO: Illness Period: 12
X:[0, 1, 2, 3, 4, 5, 6, 7, 8, 9, 10, 11, 12, 13, 14, 15, 16, 17, 18, 19, 20, 21, 22, 23, 24, 25, 26, 27, 28, 29, 30, 31, 32, 33, 34, 35, 36, 37, 38, 39, 40, 41, 42, 43, 44, 45, 46, 47, 48, 49, 50, 51, 52, 53, 54, 55, 56]
YNEW:[1, 0, 0, 0, 0, 0, 0, 0, 1, 0, 1, 1, 2, 2, 4, 5, 5, 5, 6, 7, 9, 11, 11, 17, 17, 17, 19, 22, 23, 22, 23, 26, 25, 30, 23, 26, 20, 16, 14, 17, 30, 29, 28, 21, 38, 25, 17, 25, 9, 19, 11, 8, 5, 2, 1, 2]
YTOT: [1, 1, 1, 1, 1, 1, 1, 1, 2, 2, 3, 4, 6, 8, 12, 17, 22, 27, 33, 40, 49, 60, 71, 88, 105, 122, 141, 163, 186, 208, 231, 257, 282, 312, 335, 361, 381, 397, 411, 428, 458, 487, 515, 536, 574, 599, 616, 641, 650, 669, 680, 688, 693, 695, 696, 698]

INFO: Total Population: 568140
INFO: R0: 2
INFO: Incubation Period: 5
INFO: Illness Period: 12
X:[0, 1, 2, 3, 4, 5, 6, 7, 8, 9, 10, 11, 12, 13, 14, 15, 16, 17, 18, 19, 20, 21, 22, 23, 24, 25, 26, 27, 28, 29, 30, 31, 32, 33, 34, 35, 36, 37, 38, 39, 40, 41, 42, 43, 44, 45, 46, 47, 48, 49, 50, 51, 52, 53, 54, 55]
YNEW:[1, 0, 0, 0, 0, 0, 0, 0, 1, 0, 1, 1, 2, 2, 4, 5, 5, 5, 6, 7, 9, 11, 11, 17, 17, 17, 19, 22, 23, 22, 23, 26, 25, 30, 16, 25, 17, 15, 15, 14, 30, 28, 30, 31, 24, 26, 19, 8, 14, 21, 9, 7, 6, 2, 1]
YTOT: [1, 1, 1, 1, 1, 1, 1, 1, 2, 2, 3, 4, 6, 8, 12, 17, 22, 27, 33, 40, 49, 60, 71, 88, 105, 122, 141, 163, 186, 208, 231, 257, 282, 312, 328, 353, 370, 385, 400, 414, 444, 472, 502, 533, 557, 583, 602, 610, 624, 645, 654, 661, 667, 669, 670]

INFO: Total Population: 568140
INFO: R0: 2
INFO: Incubation Period: 5
INFO: Illness Period: 12
X:[0, 1, 2, 3, 4, 5, 6, 7, 8, 9, 10, 11, 12, 13, 14, 15, 16, 17, 18, 19, 20, 21, 22, 23, 24, 25, 26, 27, 28, 29, 30, 31, 32, 33, 34, 35, 36, 37, 38, 39, 40, 41, 42, 43, 44, 45, 46, 47, 48, 49, 50, 51, 52, 53, 54, 55, 56]
YNEW:[1, 0, 0, 0, 0, 0, 0, 0, 1, 0, 1, 1, 2, 2, 4, 5, 5, 5, 6, 7, 9, 11, 11, 17, 17, 17, 19, 22, 23, 22, 23, 26, 25, 30, 16, 15, 19, 19, 23, 11, 26, 25, 24, 30, 27, 33, 20, 14, 13, 14, 8, 7, 3, 5, 3, 2]
YTOT: [1, 1, 1, 1, 1, 1, 1, 1, 2, 2, 3, 4, 6, 8, 12, 17, 22, 27, 33, 40, 49, 60, 71, 88, 105, 122, 141, 163, 186, 208, 231, 257, 282, 312, 328, 343, 362, 381, 404, 415, 441, 466, 490, 520, 547, 580, 600, 614, 627, 641, 649, 656, 659, 664, 667, 669]

END