

INFO: Total Population: 568140
INFO: R0: 2
INFO: Incubation Period: 5
INFO: Illness Period: 12
X:[0, 1, 2, 3, 4, 5, 6, 7, 8, 9, 10, 11, 12, 13, 14, 15, 16, 17, 18, 19, 20, 21, 22, 23, 24, 25, 26, 27, 28, 29, 30, 31, 32, 33, 34, 35, 36, 37, 38, 39, 40, 41, 42, 43, 44, 45, 46, 47, 48, 49, 50, 51, 52, 53, 54, 55]
YNEW:[1, 0, 0, 0, 0, 0, 0, 0, 1, 0, 1, 1, 2, 2, 4, 5, 5, 5, 6, 7, 9, 11, 11, 17, 17, 17, 19, 22, 23, 22, 23, 26, 25, 30, 17, 24, 26, 12, 20, 12, 24, 25, 26, 33, 35, 25, 23, 19, 17, 14, 13, 7, 4, 3, 3]
YTOT: [1, 1, 1, 1, 1, 1, 1, 1, 2, 2, 3, 4, 6, 8, 12, 17, 22, 27, 33, 40, 49, 60, 71, 88, 105, 122, 141, 163, 186, 208, 231, 257, 282, 312, 329, 353, 379, 391, 411, 423, 447, 472, 498, 531, 566, 591, 614, 633, 650, 664, 677, 684, 688, 691, 694]

INFO: Total Population: 568140
INFO: R0: 2
INFO: Incubation Period: 5
INFO: Illness Period: 12
X:[0, 1, 2, 3, 4, 5, 6, 7, 8, 9, 10, 11, 12, 13, 14, 15, 16, 17, 18, 19, 20, 21, 22, 23, 24, 25, 26, 27, 28, 29, 30, 31, 32, 33, 34, 35, 36, 37, 38, 39, 40, 41, 42, 43, 44, 45, 46, 47, 48, 49, 50, 51, 52, 53, 54, 55]
YNEW:[1, 0, 0, 0, 0, 0, 0, 0, 1, 0, 1, 1, 2, 2, 4, 5, 5, 5, 6, 7, 9, 11, 11, 17, 17, 17, 19, 22, 23, 22, 23, 26, 25, 30, 23, 16, 20, 18, 21, 15, 22, 31, 31, 39, 30, 24, 22, 23, 16, 4, 11, 4, 6, 7, 3]
YTOT: [1, 1, 1, 1, 1, 1, 1, 1, 2, 2, 3, 4, 6, 8, 12, 17, 22, 27, 33, 40, 49, 60, 71, 88, 105, 122, 141, 163, 186, 208, 231, 257, 282, 312, 335, 351, 371, 389, 410, 425, 447, 478, 509, 548, 578, 602, 624, 647, 663, 667, 678, 682, 688, 695, 698]

INFO: Total Population: 568140
INFO: R0: 2
INFO: Incubation Period: 5
INFO: Illness Period: 12
X:[0, 1, 2, 3, 4, 5, 6, 7, 8, 9, 10, 11, 12, 13, 14, 15, 16, 17, 18, 19, 20, 21, 22, 23, 24, 25, 26, 27, 28, 29, 30, 31, 32, 33, 34, 35, 36, 37, 38, 39, 40, 41, 42, 43, 44, 45, 46, 47, 48, 49, 50, 51, 52, 53, 54, 55, 56, 57]
YNEW:[1, 0, 0, 0, 0, 0, 0, 0, 1, 0, 1, 1, 2, 2, 4, 5, 5, 5, 6, 7, 9, 11, 11, 17, 17, 17, 19, 22, 23, 22, 23, 26, 25, 30, 16, 15, 17, 23, 23, 10, 27, 25, 34, 37, 23, 21, 24, 22, 10, 13, 3, 11, 5, 4, 5, 1, 1]
YTOT: [1, 1, 1, 1, 1, 1, 1, 1, 2, 2, 3, 4, 6, 8, 12, 17, 22, 27, 33, 40, 49, 60, 71, 88, 105, 122, 141, 163, 186, 208, 231, 257, 282, 312, 328, 343, 360, 383, 406, 416, 443, 468, 502, 539, 562, 583, 607, 629, 639, 652, 655, 666, 671, 675, 680, 681, 682]

INFO: Total Population: 568140
INFO: R0: 2
INFO: Incubation Period: 5
INFO: Illness Period: 12
X:[0, 1, 2, 3, 4, 5, 6, 7, 8, 9, 10, 11, 12, 13, 14, 15, 16, 17, 18, 19, 20, 21, 22, 23, 24, 25, 26, 27, 28, 29, 30, 31, 32, 33, 34, 35, 36, 37, 38, 39, 40, 41, 42, 43, 44, 45, 46, 47, 48, 49, 50, 51, 52, 53, 54]
YNEW:[1, 0, 0, 0, 0, 0, 0, 0, 1, 0, 1, 1, 2, 2, 4, 5, 5, 5, 6, 7, 9, 11, 11, 17, 17, 17, 19, 22, 23, 22, 23, 26, 25, 30, 17, 18, 22, 16, 8, 19, 29, 30, 35, 24, 32, 32, 11, 13, 19, 7, 9, 5, 8, 5]
YTOT: [1, 1, 1, 1, 1, 1, 1, 1, 2, 2, 3, 4, 6, 8, 12, 17, 22, 27, 33, 40, 49, 60, 71, 88, 105, 122, 141, 163, 186, 208, 231, 257, 282, 312, 329, 347, 369, 385, 393, 412, 441, 471, 506, 530, 562, 594, 605, 618, 637, 644, 653, 658, 666, 671]

INFO: Total Population: 568140
INFO: R0: 2
INFO: Incubation Period: 5
INFO: Illness Period: 12
X:[0, 1, 2, 3, 4, 5, 6, 7, 8, 9, 10, 11, 12, 13, 14, 15, 16, 17, 18, 19, 20, 21, 22, 23, 24, 25, 26, 27, 28, 29, 30, 31, 32, 33, 34, 35, 36, 37, 38, 39, 40, 41, 42, 43, 44, 45, 46, 47, 48, 49, 50, 51, 52, 53, 54, 55, 56]
YNEW:[1, 0, 0, 0, 0, 0, 0, 0, 1, 0, 1, 1, 2, 2, 4, 5, 5, 5, 6, 7, 9, 11, 11, 17, 17, 17, 19, 22, 23, 22, 23, 26, 25, 30, 25, 18, 18, 25, 12, 16, 31, 32, 33, 27, 28, 26, 23, 21, 14, 14, 15, 5, 5, 4, 3, 1]
YTOT: [1, 1, 1, 1, 1, 1, 1, 1, 2, 2, 3, 4, 6, 8, 12, 17, 22, 27, 33, 40, 49, 60, 71, 88, 105, 122, 141, 163, 186, 208, 231, 257, 282, 312, 337, 355, 373, 398, 410, 426, 457, 489, 522, 549, 577, 603, 626, 647, 661, 675, 690, 695, 700, 704, 707, 708]

INFO: Total Population: 568140
INFO: R0: 2
INFO: Incubation Period: 5
INFO: Illness Period: 12
X:[0, 1, 2, 3, 4, 5, 6, 7, 8, 9, 10, 11, 12, 13, 14, 15, 16, 17, 18, 19, 20, 21, 22, 23, 24, 25, 26, 27, 28, 29, 30, 31, 32, 33, 34, 35, 36, 37, 38, 39, 40, 41, 42, 43, 44, 45, 46, 47, 48, 49, 50, 51, 52, 53, 54, 55]
YNEW:[1, 0, 0, 0, 0, 0, 0, 0, 1, 0, 1, 1, 2, 2, 4, 5, 5, 5, 6, 7, 9, 11, 11, 17, 17, 17, 19, 22, 23, 22, 23, 26, 25, 30, 22, 13, 19, 17, 16, 19, 20, 21, 31, 31, 29, 30, 25, 13, 16, 12, 12, 8, 3, 6, 3]
YTOT: [1, 1, 1, 1, 1, 1, 1, 1, 2, 2, 3, 4, 6, 8, 12, 17, 22, 27, 33, 40, 49, 60, 71, 88, 105, 122, 141, 163, 186, 208, 231, 257, 282, 312, 334, 347, 366, 383, 399, 418, 438, 459, 490, 521, 550, 580, 605, 618, 634, 646, 658, 666, 669, 675, 678]

INFO: Total Population: 568140
INFO: R0: 2
INFO: Incubation Period: 5
INFO: Illness Period: 12
X:[0, 1, 2, 3, 4, 5, 6, 7, 8, 9, 10, 11, 12, 13, 14, 15, 16, 17, 18, 19, 20, 21, 22, 23, 24, 25, 26, 27, 28, 29, 30, 31, 32, 33, 34, 35, 36, 37, 38, 39, 40, 41, 42, 43, 44, 45, 46, 47, 48, 49, 50, 51, 52, 53, 54, 55]
YNEW:[1, 0, 0, 0, 0, 0, 0, 0, 1, 0, 1, 1, 2, 2, 4, 5, 5, 5, 6, 7, 9, 11, 11, 17, 17, 17, 19, 22, 23, 22, 23, 26, 25, 30, 18, 22, 26, 21, 9, 17, 26, 31, 29, 35, 31, 24, 23, 21, 18, 13, 12, 9, 2, 7, 2]
YTOT: [1, 1, 1, 1, 1, 1, 1, 1, 2, 2, 3, 4, 6, 8, 12, 17, 22, 27, 33, 40, 49, 60, 71, 88, 105, 122, 141, 163, 186, 208, 231, 257, 282, 312, 330, 352, 378, 399, 408, 425, 451, 482, 511, 546, 577, 601, 624, 645, 663, 676, 688, 697, 699, 706, 708]

INFO: Total Population: 568140
INFO: R0: 2
INFO: Incubation Period: 5
INFO: Illness Period: 12
X:[0, 1, 2, 3, 4, 5, 6, 7, 8, 9, 10, 11, 12, 13, 14, 15, 16, 17, 18, 19, 20, 21, 22, 23, 24, 25, 26, 27, 28, 29, 30, 31, 32, 33, 34, 35, 36, 37, 38, 39, 40, 41, 42, 43, 44, 45, 46, 47, 48, 49, 50, 51, 52, 53, 54, 55]
YNEW:[1, 0, 0, 0, 0, 0, 0, 0, 1, 0, 1, 1, 2, 2, 4, 5, 5, 5, 6, 7, 9, 11, 11, 17, 17, 17, 19, 22, 23, 22, 23, 26, 25, 30, 25, 19, 20, 19, 24, 16, 30, 32, 27, 33, 36, 28, 26, 20, 17, 14, 12, 12, 5, 3, 3]
YTOT: [1, 1, 1, 1, 1, 1, 1, 1, 2, 2, 3, 4, 6, 8, 12, 17, 22, 27, 33, 40, 49, 60, 71, 88, 105, 122, 141, 163, 186, 208, 231, 257, 282, 312, 337, 356, 376, 395, 419, 435, 465, 497, 524, 557, 593, 621, 647, 667, 684, 698, 710, 722, 727, 730, 733]

INFO: Total Population: 568140
INFO: R0: 2
INFO: Incubation Period: 5
INFO: Illness Period: 12
X:[0, 1, 2, 3, 4, 5, 6, 7, 8, 9, 10, 11, 12, 13, 14, 15, 16, 17, 18, 19, 20, 21, 22, 23, 24, 25, 26, 27, 28, 29, 30, 31, 32, 33, 34, 35, 36, 37, 38, 39, 40, 41, 42, 43, 44, 45, 46, 47, 48, 49, 50, 51, 52, 53, 54, 55, 56]
YNEW:[1, 0, 0, 0, 0, 0, 0, 0, 1, 0, 1, 1, 2, 2, 4, 5, 5, 5, 6, 7, 9, 11, 11, 17, 17, 17, 19, 22, 23, 22, 23, 26, 25, 30, 12, 13, 19, 13, 17, 25, 17, 28, 27, 34, 25, 26, 23, 20, 17, 14, 9, 3, 3, 8, 1, 1]
YTOT: [1, 1, 1, 1, 1, 1, 1, 1, 2, 2, 3, 4, 6, 8, 12, 17, 22, 27, 33, 40, 49, 60, 71, 88, 105, 122, 141, 163, 186, 208, 231, 257, 282, 312, 324, 337, 356, 369, 386, 411, 428, 456, 483, 517, 542, 568, 591, 611, 628, 642, 651, 654, 657, 665, 666, 667]

INFO: Total Population: 568140
INFO: R0: 2
INFO: Incubation Period: 5
INFO: Illness Period: 12
X:[0, 1, 2, 3, 4, 5, 6, 7, 8, 9, 10, 11, 12, 13, 14, 15, 16, 17, 18, 19, 20, 21, 22, 23, 24, 25, 26, 27, 28, 29, 30, 31, 32, 33, 34, 35, 36, 37, 38, 39, 40, 41, 42, 43, 44, 45, 46, 47, 48, 49, 50, 51, 52, 53, 54, 55]
YNEW:[1, 0, 0, 0, 0, 0, 0, 0, 1, 0, 1, 1, 2, 2, 4, 5, 5, 5, 6, 7, 9, 11, 11, 17, 17, 17, 19, 22, 23, 22, 23, 26, 25, 30, 28, 17, 20, 15, 15, 14, 31, 36, 18, 31, 30, 30, 18, 18, 21, 15, 10, 6, 6, 6, 2]
YTOT: [1, 1, 1, 1, 1, 1, 1, 1, 2, 2, 3, 4, 6, 8, 12, 17, 22, 27, 33, 40, 49, 60, 71, 88, 105, 122, 141, 163, 186, 208, 231, 257, 282, 312, 340, 357, 377, 392, 407, 421, 452, 488, 506, 537, 567, 597, 615, 633, 654, 669, 679, 685, 691, 697, 699]

INFO: Total Population: 568140
INFO: R0: 2
INFO: Incubation Period: 5
INFO: Illness Period: 12
X:[0, 1, 2, 3, 4, 5, 6, 7, 8, 9, 10, 11, 12, 13, 14, 15, 16, 17, 18, 19, 20, 21, 22, 23, 24, 25, 26, 27, 28, 29, 30, 31, 32, 33, 34, 35, 36, 37, 38, 39, 40, 41, 42, 43, 44, 45, 46, 47, 48, 49, 50, 51, 52, 53, 54, 55]
YNEW:[1, 0, 0, 0, 0, 0, 0, 0, 1, 0, 1, 1, 2, 2, 4, 5, 5, 5, 6, 7, 9, 11, 11, 17, 17, 17, 19, 22, 23, 22, 23, 26, 25, 30, 20, 21, 19, 19, 23, 26, 19, 38, 34, 28, 33, 31, 28, 26, 15, 18, 18, 12, 6, 4, 1]
YTOT: [1, 1, 1, 1, 1, 1, 1, 1, 2, 2, 3, 4, 6, 8, 12, 17, 22, 27, 33, 40, 49, 60, 71, 88, 105, 122, 141, 163, 186, 208, 231, 257, 282, 312, 332, 353, 372, 391, 414, 440, 459, 497, 531, 559, 592, 623, 651, 677, 692, 710, 728, 740, 746, 750, 751]

INFO: Total Population: 568140
INFO: R0: 2
INFO: Incubation Period: 5
INFO: Illness Period: 12
X:[0, 1, 2, 3, 4, 5, 6, 7, 8, 9, 10, 11, 12, 13, 14, 15, 16, 17, 18, 19, 20, 21, 22, 23, 24, 25, 26, 27, 28, 29, 30, 31, 32, 33, 34, 35, 36, 37, 38, 39, 40, 41, 42, 43, 44, 45, 46, 47, 48, 49, 50, 51, 52, 53, 54, 55, 56]
YNEW:[1, 0, 0, 0, 0, 0, 0, 0, 1, 0, 1, 1, 2, 2, 4, 5, 5, 5, 6, 7, 9, 11, 11, 17, 17, 17, 19, 22, 23, 22, 23, 26, 25, 30, 22, 13, 19, 19, 15, 18, 24, 21, 25, 30, 36, 22, 23, 19, 14, 14, 2, 9, 9, 2, 1, 2]
YTOT: [1, 1, 1, 1, 1, 1, 1, 1, 2, 2, 3, 4, 6, 8, 12, 17, 22, 27, 33, 40, 49, 60, 71, 88, 105, 122, 141, 163, 186, 208, 231, 257, 282, 312, 334, 347, 366, 385, 400, 418, 442, 463, 488, 518, 554, 576, 599, 618, 632, 646, 648, 657, 666, 668, 669, 671]

INFO: Total Population: 568140
INFO: R0: 2
INFO: Incubation Period: 5
INFO: Illness Period: 12
X:[0, 1, 2, 3, 4, 5, 6, 7, 8, 9, 10, 11, 12, 13, 14, 15, 16, 17, 18, 19, 20, 21, 22, 23, 24, 25, 26, 27, 28, 29, 30, 31, 32, 33, 34, 35, 36, 37, 38, 39, 40, 41, 42, 43, 44, 45, 46, 47, 48, 49, 50, 51, 52, 53, 54, 55, 56, 57]
YNEW:[1, 0, 0, 0, 0, 0, 0, 0, 1, 0, 1, 1, 2, 2, 4, 5, 5, 5, 6, 7, 9, 11, 11, 17, 17, 17, 19, 22, 23, 22, 23, 26, 25, 30, 26, 17, 18, 17, 15, 19, 24, 29, 38, 35, 28, 27, 22, 17, 12, 7, 14, 6, 10, 3, 3, 2, 1]
YTOT: [1, 1, 1, 1, 1, 1, 1, 1, 2, 2, 3, 4, 6, 8, 12, 17, 22, 27, 33, 40, 49, 60, 71, 88, 105, 122, 141, 163, 186, 208, 231, 257, 282, 312, 338, 355, 373, 390, 405, 424, 448, 477, 515, 550, 578, 605, 627, 644, 656, 663, 677, 683, 693, 696, 699, 701, 702]

INFO: Total Population: 568140
INFO: R0: 2
INFO: Incubation Period: 5
INFO: Illness Period: 12
X:[0, 1, 2, 3, 4, 5, 6, 7, 8, 9, 10, 11, 12, 13, 14, 15, 16, 17, 18, 19, 20, 21, 22, 23, 24, 25, 26, 27, 28, 29, 30, 31, 32, 33, 34, 35, 36, 37, 38, 39, 40, 41, 42, 43, 44, 45, 46, 47, 48, 49, 50, 51, 52, 53, 54, 55, 56]
YNEW:[1, 0, 0, 0, 0, 0, 0, 0, 1, 0, 1, 1, 2, 2, 4, 5, 5, 5, 6, 7, 9, 11, 11, 17, 17, 17, 19, 22, 23, 22, 23, 26, 25, 30, 30, 22, 22, 13, 8, 22, 29, 31, 25, 31, 41, 32, 27, 22, 11, 8, 9, 5, 3, 5, 2, 1]
YTOT: [1, 1, 1, 1, 1, 1, 1, 1, 2, 2, 3, 4, 6, 8, 12, 17, 22, 27, 33, 40, 49, 60, 71, 88, 105, 122, 141, 163, 186, 208, 231, 257, 282, 312, 342, 364, 386, 399, 407, 429, 458, 489, 514, 545, 586, 618, 645, 667, 678, 686, 695, 700, 703, 708, 710, 711]

INFO: Total Population: 568140
INFO: R0: 2
INFO: Incubation Period: 5
INFO: Illness Period: 12
X:[0, 1, 2, 3, 4, 5, 6, 7, 8, 9, 10, 11, 12, 13, 14, 15, 16, 17, 18, 19, 20, 21, 22, 23, 24, 25, 26, 27, 28, 29, 30, 31, 32, 33, 34, 35, 36, 37, 38, 39, 40, 41, 42, 43, 44, 45, 46, 47, 48, 49, 50, 51, 52, 53, 54, 55]
YNEW:[1, 0, 0, 0, 0, 0, 0, 0, 1, 0, 1, 1, 2, 2, 4, 5, 5, 5, 6, 7, 9, 11, 11, 17, 17, 17, 19, 22, 23, 22, 23, 26, 25, 30, 21, 20, 25, 10, 17, 23, 19, 42, 28, 30, 28, 29, 20, 19, 17, 18, 14, 8, 5, 4, 2]
YTOT: [1, 1, 1, 1, 1, 1, 1, 1, 2, 2, 3, 4, 6, 8, 12, 17, 22, 27, 33, 40, 49, 60, 71, 88, 105, 122, 141, 163, 186, 208, 231, 257, 282, 312, 333, 353, 378, 388, 405, 428, 447, 489, 517, 547, 575, 604, 624, 643, 660, 678, 692, 700, 705, 709, 711]

INFO: Total Population: 568140
INFO: R0: 2
INFO: Incubation Period: 5
INFO: Illness Period: 12
X:[0, 1, 2, 3, 4, 5, 6, 7, 8, 9, 10, 11, 12, 13, 14, 15, 16, 17, 18, 19, 20, 21, 22, 23, 24, 25, 26, 27, 28, 29, 30, 31, 32, 33, 34, 35, 36, 37, 38, 39, 40, 41, 42, 43, 44, 45, 46, 47, 48, 49, 50, 51, 52, 53, 54, 55, 56, 57]
YNEW:[1, 0, 0, 0, 0, 0, 0, 0, 1, 0, 1, 1, 2, 2, 4, 5, 5, 5, 6, 7, 9, 11, 11, 17, 17, 17, 19, 22, 23, 22, 23, 26, 25, 30, 22, 22, 18, 18, 12, 24, 26, 36, 30, 27, 30, 31, 21, 16, 13, 14, 16, 7, 6, 3, 1, 1, 1]
YTOT: [1, 1, 1, 1, 1, 1, 1, 1, 2, 2, 3, 4, 6, 8, 12, 17, 22, 27, 33, 40, 49, 60, 71, 88, 105, 122, 141, 163, 186, 208, 231, 257, 282, 312, 334, 356, 374, 392, 404, 428, 454, 490, 520, 547, 577, 608, 629, 645, 658, 672, 688, 695, 701, 704, 705, 706, 707]

INFO: Total Population: 568140
INFO: R0: 2
INFO: Incubation Period: 5
INFO: Illness Period: 12
X:[0, 1, 2, 3, 4, 5, 6, 7, 8, 9, 10, 11, 12, 13, 14, 15, 16, 17, 18, 19, 20, 21, 22, 23, 24, 25, 26, 27, 28, 29, 30, 31, 32, 33, 34, 35, 36, 37, 38, 39, 40, 41, 42, 43, 44, 45, 46, 47, 48, 49, 50, 51, 52, 53, 54, 55, 56, 57]
YNEW:[1, 0, 0, 0, 0, 0, 0, 0, 1, 0, 1, 1, 2, 2, 4, 5, 5, 5, 6, 7, 9, 11, 11, 17, 17, 17, 19, 22, 23, 22, 23, 26, 25, 30, 17, 23, 18, 15, 19, 12, 25, 23, 33, 29, 28, 24, 22, 15, 11, 9, 9, 9, 5, 1, 6, 1, 1]
YTOT: [1, 1, 1, 1, 1, 1, 1, 1, 2, 2, 3, 4, 6, 8, 12, 17, 22, 27, 33, 40, 49, 60, 71, 88, 105, 122, 141, 163, 186, 208, 231, 257, 282, 312, 329, 352, 370, 385, 404, 416, 441, 464, 497, 526, 554, 578, 600, 615, 626, 635, 644, 653, 658, 659, 665, 666, 667]

INFO: Total Population: 568140
INFO: R0: 2
INFO: Incubation Period: 5
INFO: Illness Period: 12
X:[0, 1, 2, 3, 4, 5, 6, 7, 8, 9, 10, 11, 12, 13, 14, 15, 16, 17, 18, 19, 20, 21, 22, 23, 24, 25, 26, 27, 28, 29, 30, 31, 32, 33, 34, 35, 36, 37, 38, 39, 40, 41, 42, 43, 44, 45, 46, 47, 48, 49, 50, 51, 52, 53, 54]
YNEW:[1, 0, 0, 0, 0, 0, 0, 0, 1, 0, 1, 1, 2, 2, 4, 5, 5, 5, 6, 7, 9, 11, 11, 17, 17, 17, 19, 22, 23, 22, 23, 26, 25, 30, 22, 13, 22, 21, 18, 9, 23, 34, 29, 38, 29, 26, 20, 17, 14, 14, 13, 10, 3, 1]
YTOT: [1, 1, 1, 1, 1, 1, 1, 1, 2, 2, 3, 4, 6, 8, 12, 17, 22, 27, 33, 40, 49, 60, 71, 88, 105, 122, 141, 163, 186, 208, 231, 257, 282, 312, 334, 347, 369, 390, 408, 417, 440, 474, 503, 541, 570, 596, 616, 633, 647, 661, 674, 684, 687, 688]

INFO: Total Population: 568140
INFO: R0: 2
INFO: Incubation Period: 5
INFO: Illness Period: 12
X:[0, 1, 2, 3, 4, 5, 6, 7, 8, 9, 10, 11, 12, 13, 14, 15, 16, 17, 18, 19, 20, 21, 22, 23, 24, 25, 26, 27, 28, 29, 30, 31, 32, 33, 34, 35, 36, 37, 38, 39, 40, 41, 42, 43, 44, 45, 46, 47, 48, 49, 50, 51, 52, 53, 54, 55, 56]
YNEW:[1, 0, 0, 0, 0, 0, 0, 0, 1, 0, 1, 1, 2, 2, 4, 5, 5, 5, 6, 7, 9, 11, 11, 17, 17, 17, 19, 22, 23, 22, 23, 26, 25, 30, 27, 23, 21, 12, 13, 19, 36, 26, 23, 23, 40, 37, 27, 20, 13, 17, 11, 7, 3, 2, 3, 1]
YTOT: [1, 1, 1, 1, 1, 1, 1, 1, 2, 2, 3, 4, 6, 8, 12, 17, 22, 27, 33, 40, 49, 60, 71, 88, 105, 122, 141, 163, 186, 208, 231, 257, 282, 312, 339, 362, 383, 395, 408, 427, 463, 489, 512, 535, 575, 612, 639, 659, 672, 689, 700, 707, 710, 712, 715, 716]

INFO: Total Population: 568140
INFO: R0: 2
INFO: Incubation Period: 5
INFO: Illness Period: 12
X:[0, 1, 2, 3, 4, 5, 6, 7, 8, 9, 10, 11, 12, 13, 14, 15, 16, 17, 18, 19, 20, 21, 22, 23, 24, 25, 26, 27, 28, 29, 30, 31, 32, 33, 34, 35, 36, 37, 38, 39, 40, 41, 42, 43, 44, 45, 46, 47, 48, 49, 50, 51, 52, 53, 54, 55, 56]
YNEW:[1, 0, 0, 0, 0, 0, 0, 0, 1, 0, 1, 1, 2, 2, 4, 5, 5, 5, 6, 7, 9, 11, 11, 17, 17, 17, 19, 22, 23, 22, 23, 26, 25, 30, 24, 16, 15, 17, 13, 19, 21, 28, 29, 27, 40, 19, 20, 19, 15, 5, 8, 8, 6, 6, 1, 3]
YTOT: [1, 1, 1, 1, 1, 1, 1, 1, 2, 2, 3, 4, 6, 8, 12, 17, 22, 27, 33, 40, 49, 60, 71, 88, 105, 122, 141, 163, 186, 208, 231, 257, 282, 312, 336, 352, 367, 384, 397, 416, 437, 465, 494, 521, 561, 580, 600, 619, 634, 639, 647, 655, 661, 667, 668, 671]

INFO: Total Population: 568140
INFO: R0: 2
INFO: Incubation Period: 5
INFO: Illness Period: 12
X:[0, 1, 2, 3, 4, 5, 6, 7, 8, 9, 10, 11, 12, 13, 14, 15, 16, 17, 18, 19, 20, 21, 22, 23, 24, 25, 26, 27, 28, 29, 30, 31, 32, 33, 34, 35, 36, 37, 38, 39, 40, 41, 42, 43, 44, 45, 46, 47, 48, 49, 50, 51, 52, 53, 54, 55]
YNEW:[1, 0, 0, 0, 0, 0, 0, 0, 1, 0, 1, 1, 2, 2, 4, 5, 5, 5, 6, 7, 9, 11, 11, 17, 17, 17, 19, 22, 23, 22, 23, 26, 25, 30, 20, 15, 19, 13, 25, 18, 25, 27, 33, 42, 28, 23, 29, 14, 15, 12, 7, 13, 8, 7, 1]
YTOT: [1, 1, 1, 1, 1, 1, 1, 1, 2, 2, 3, 4, 6, 8, 12, 17, 22, 27, 33, 40, 49, 60, 71, 88, 105, 122, 141, 163, 186, 208, 231, 257, 282, 312, 332, 347, 366, 379, 404, 422, 447, 474, 507, 549, 577, 600, 629, 643, 658, 670, 677, 690, 698, 705, 706]

INFO: Total Population: 568140
INFO: R0: 2
INFO: Incubation Period: 5
INFO: Illness Period: 12
X:[0, 1, 2, 3, 4, 5, 6, 7, 8, 9, 10, 11, 12, 13, 14, 15, 16, 17, 18, 19, 20, 21, 22, 23, 24, 25, 26, 27, 28, 29, 30, 31, 32, 33, 34, 35, 36, 37, 38, 39, 40, 41, 42, 43, 44, 45, 46, 47, 48, 49, 50, 51, 52, 53, 54, 55, 56]
YNEW:[1, 0, 0, 0, 0, 0, 0, 0, 1, 0, 1, 1, 2, 2, 4, 5, 5, 5, 6, 7, 9, 11, 11, 17, 17, 17, 19, 22, 23, 22, 23, 26, 25, 30, 15, 18, 16, 18, 16, 20, 12, 33, 21, 30, 34, 31, 29, 13, 13, 13, 11, 8, 8, 3, 2, 2]
YTOT: [1, 1, 1, 1, 1, 1, 1, 1, 2, 2, 3, 4, 6, 8, 12, 17, 22, 27, 33, 40, 49, 60, 71, 88, 105, 122, 141, 163, 186, 208, 231, 257, 282, 312, 327, 345, 361, 379, 395, 415, 427, 460, 481, 511, 545, 576, 605, 618, 631, 644, 655, 663, 671, 674, 676, 678]

INFO: Total Population: 568140
INFO: R0: 2
INFO: Incubation Period: 5
INFO: Illness Period: 12
X:[0, 1, 2, 3, 4, 5, 6, 7, 8, 9, 10, 11, 12, 13, 14, 15, 16, 17, 18, 19, 20, 21, 22, 23, 24, 25, 26, 27, 28, 29, 30, 31, 32, 33, 34, 35, 36, 37, 38, 39, 40, 41, 42, 43, 44, 45, 46, 47, 48, 49, 50, 51, 52, 53, 54, 55, 56]
YNEW:[1, 0, 0, 0, 0, 0, 0, 0, 1, 0, 1, 1, 2, 2, 4, 5, 5, 5, 6, 7, 9, 11, 11, 17, 17, 17, 19, 22, 23, 22, 23, 26, 25, 30, 17, 17, 10, 18, 20, 19, 20, 24, 34, 32, 34, 15, 25, 17, 12, 16, 8, 6, 5, 6, 2, 1]
YTOT: [1, 1, 1, 1, 1, 1, 1, 1, 2, 2, 3, 4, 6, 8, 12, 17, 22, 27, 33, 40, 49, 60, 71, 88, 105, 122, 141, 163, 186, 208, 231, 257, 282, 312, 329, 346, 356, 374, 394, 413, 433, 457, 491, 523, 557, 572, 597, 614, 626, 642, 650, 656, 661, 667, 669, 670]

INFO: Total Population: 568140
INFO: R0: 2
INFO: Incubation Period: 5
INFO: Illness Period: 12
X:[0, 1, 2, 3, 4, 5, 6, 7, 8, 9, 10, 11, 12, 13, 14, 15, 16, 17, 18, 19, 20, 21, 22, 23, 24, 25, 26, 27, 28, 29, 30, 31, 32, 33, 34, 35, 36, 37, 38, 39, 40, 41, 42, 43, 44, 45, 46, 47, 48, 49, 50, 51, 52, 53, 54, 55, 56, 57]
YNEW:[1, 0, 0, 0, 0, 0, 0, 0, 1, 0, 1, 1, 2, 2, 4, 5, 5, 5, 6, 7, 9, 11, 11, 17, 17, 17, 19, 22, 23, 22, 23, 26, 25, 30, 13, 21, 11, 27, 13, 19, 19, 25, 26, 28, 24, 28, 35, 17, 15, 17, 12, 14, 2, 1, 1, 1, 1]
YTOT: [1, 1, 1, 1, 1, 1, 1, 1, 2, 2, 3, 4, 6, 8, 12, 17, 22, 27, 33, 40, 49, 60, 71, 88, 105, 122, 141, 163, 186, 208, 231, 257, 282, 312, 325, 346, 357, 384, 397, 416, 435, 460, 486, 514, 538, 566, 601, 618, 633, 650, 662, 676, 678, 679, 680, 681, 682]

INFO: Total Population: 568140
INFO: R0: 2
INFO: Incubation Period: 5
INFO: Illness Period: 12
X:[0, 1, 2, 3, 4, 5, 6, 7, 8, 9, 10, 11, 12, 13, 14, 15, 16, 17, 18, 19, 20, 21, 22, 23, 24, 25, 26, 27, 28, 29, 30, 31, 32, 33, 34, 35, 36, 37, 38, 39, 40, 41, 42, 43, 44, 45, 46, 47, 48, 49, 50, 51, 52, 53, 54, 55, 56, 57]
YNEW:[1, 0, 0, 0, 0, 0, 0, 0, 1, 0, 1, 1, 2, 2, 4, 5, 5, 5, 6, 7, 9, 11, 11, 17, 17, 17, 19, 22, 23, 22, 23, 26, 25, 30, 20, 15, 22, 17, 15, 24, 24, 24, 35, 24, 36, 22, 27, 14, 13, 10, 16, 10, 6, 7, 3, 2, 1]
YTOT: [1, 1, 1, 1, 1, 1, 1, 1, 2, 2, 3, 4, 6, 8, 12, 17, 22, 27, 33, 40, 49, 60, 71, 88, 105, 122, 141, 163, 186, 208, 231, 257, 282, 312, 332, 347, 369, 386, 401, 425, 449, 473, 508, 532, 568, 590, 617, 631, 644, 654, 670, 680, 686, 693, 696, 698, 699]

INFO: Total Population: 568140
INFO: R0: 2
INFO: Incubation Period: 5
INFO: Illness Period: 12
X:[0, 1, 2, 3, 4, 5, 6, 7, 8, 9, 10, 11, 12, 13, 14, 15, 16, 17, 18, 19, 20, 21, 22, 23, 24, 25, 26, 27, 28, 29, 30, 31, 32, 33, 34, 35, 36, 37, 38, 39, 40, 41, 42, 43, 44, 45, 46, 47, 48, 49, 50, 51, 52, 53, 54, 55, 56]
YNEW:[1, 0, 0, 0, 0, 0, 0, 0, 1, 0, 1, 1, 2, 2, 4, 5, 5, 5, 6, 7, 9, 11, 11, 17, 17, 17, 19, 22, 23, 22, 23, 26, 25, 30, 24, 25, 14, 13, 17, 16, 23, 30, 33, 23, 35, 28, 16, 20, 22, 10, 12, 6, 6, 2, 3, 1]
YTOT: [1, 1, 1, 1, 1, 1, 1, 1, 2, 2, 3, 4, 6, 8, 12, 17, 22, 27, 33, 40, 49, 60, 71, 88, 105, 122, 141, 163, 186, 208, 231, 257, 282, 312, 336, 361, 375, 388, 405, 421, 444, 474, 507, 530, 565, 593, 609, 629, 651, 661, 673, 679, 685, 687, 690, 691]

INFO: Total Population: 568140
INFO: R0: 2
INFO: Incubation Period: 5
INFO: Illness Period: 12
X:[0, 1, 2, 3, 4, 5, 6, 7, 8, 9, 10, 11, 12, 13, 14, 15, 16, 17, 18, 19, 20, 21, 22, 23, 24, 25, 26, 27, 28, 29, 30, 31, 32, 33, 34, 35, 36, 37, 38, 39, 40, 41, 42, 43, 44, 45, 46, 47, 48, 49, 50, 51, 52, 53, 54, 55, 56]
YNEW:[1, 0, 0, 0, 0, 0, 0, 0, 1, 0, 1, 1, 2, 2, 4, 5, 5, 5, 6, 7, 9, 11, 11, 17, 17, 17, 19, 22, 23, 22, 23, 26, 25, 30, 21, 21, 18, 17, 23, 20, 24, 23, 24, 44, 35, 25, 24, 15, 21, 15, 10, 8, 11, 3, 1, 1]
YTOT: [1, 1, 1, 1, 1, 1, 1, 1, 2, 2, 3, 4, 6, 8, 12, 17, 22, 27, 33, 40, 49, 60, 71, 88, 105, 122, 141, 163, 186, 208, 231, 257, 282, 312, 333, 354, 372, 389, 412, 432, 456, 479, 503, 547, 582, 607, 631, 646, 667, 682, 692, 700, 711, 714, 715, 716]

INFO: Total Population: 568140
INFO: R0: 2
INFO: Incubation Period: 5
INFO: Illness Period: 12
X:[0, 1, 2, 3, 4, 5, 6, 7, 8, 9, 10, 11, 12, 13, 14, 15, 16, 17, 18, 19, 20, 21, 22, 23, 24, 25, 26, 27, 28, 29, 30, 31, 32, 33, 34, 35, 36, 37, 38, 39, 40, 41, 42, 43, 44, 45, 46, 47, 48, 49, 50, 51, 52, 53, 54, 55, 56]
YNEW:[1, 0, 0, 0, 0, 0, 0, 0, 1, 0, 1, 1, 2, 2, 4, 5, 5, 5, 6, 7, 9, 11, 11, 17, 17, 17, 19, 22, 23, 22, 23, 26, 25, 30, 21, 18, 16, 17, 16, 22, 19, 29, 23, 29, 35, 25, 23, 16, 20, 14, 9, 4, 9, 6, 4, 2]
YTOT: [1, 1, 1, 1, 1, 1, 1, 1, 2, 2, 3, 4, 6, 8, 12, 17, 22, 27, 33, 40, 49, 60, 71, 88, 105, 122, 141, 163, 186, 208, 231, 257, 282, 312, 333, 351, 367, 384, 400, 422, 441, 470, 493, 522, 557, 582, 605, 621, 641, 655, 664, 668, 677, 683, 687, 689]

INFO: Total Population: 568140
INFO: R0: 2
INFO: Incubation Period: 5
INFO: Illness Period: 12
X:[0, 1, 2, 3, 4, 5, 6, 7, 8, 9, 10, 11, 12, 13, 14, 15, 16, 17, 18, 19, 20, 21, 22, 23, 24, 25, 26, 27, 28, 29, 30, 31, 32, 33, 34, 35, 36, 37, 38, 39, 40, 41, 42, 43, 44, 45, 46, 47, 48, 49, 50, 51, 52, 53, 54, 55]
YNEW:[1, 0, 0, 0, 0, 0, 0, 0, 1, 0, 1, 1, 2, 2, 4, 5, 5, 5, 6, 7, 9, 11, 11, 17, 17, 17, 19, 22, 23, 22, 23, 26, 25, 30, 18, 18, 21, 17, 16, 14, 20, 35, 27, 32, 24, 33, 16, 21, 17, 11, 9, 10, 8, 3, 3]
YTOT: [1, 1, 1, 1, 1, 1, 1, 1, 2, 2, 3, 4, 6, 8, 12, 17, 22, 27, 33, 40, 49, 60, 71, 88, 105, 122, 141, 163, 186, 208, 231, 257, 282, 312, 330, 348, 369, 386, 402, 416, 436, 471, 498, 530, 554, 587, 603, 624, 641, 652, 661, 671, 679, 682, 685]

INFO: Total Population: 568140
INFO: R0: 2
INFO: Incubation Period: 5
INFO: Illness Period: 12
X:[0, 1, 2, 3, 4, 5, 6, 7, 8, 9, 10, 11, 12, 13, 14, 15, 16, 17, 18, 19, 20, 21, 22, 23, 24, 25, 26, 27, 28, 29, 30, 31, 32, 33, 34, 35, 36, 37, 38, 39, 40, 41, 42, 43, 44, 45, 46, 47, 48, 49, 50, 51, 52, 53, 54, 55]
YNEW:[1, 0, 0, 0, 0, 0, 0, 0, 1, 0, 1, 1, 2, 2, 4, 5, 5, 5, 6, 7, 9, 11, 11, 17, 17, 17, 19, 22, 23, 22, 23, 26, 25, 30, 21, 23, 24, 16, 16, 17, 30, 34, 25, 37, 30, 26, 22, 18, 16, 21, 11, 7, 7, 3, 3]
YTOT: [1, 1, 1, 1, 1, 1, 1, 1, 2, 2, 3, 4, 6, 8, 12, 17, 22, 27, 33, 40, 49, 60, 71, 88, 105, 122, 141, 163, 186, 208, 231, 257, 282, 312, 333, 356, 380, 396, 412, 429, 459, 493, 518, 555, 585, 611, 633, 651, 667, 688, 699, 706, 713, 716, 719]

INFO: Total Population: 568140
INFO: R0: 2
INFO: Incubation Period: 5
INFO: Illness Period: 12
X:[0, 1, 2, 3, 4, 5, 6, 7, 8, 9, 10, 11, 12, 13, 14, 15, 16, 17, 18, 19, 20, 21, 22, 23, 24, 25, 26, 27, 28, 29, 30, 31, 32, 33, 34, 35, 36, 37, 38, 39, 40, 41, 42, 43, 44, 45, 46, 47, 48, 49, 50, 51, 52, 53, 54, 55, 56]
YNEW:[1, 0, 0, 0, 0, 0, 0, 0, 1, 0, 1, 1, 2, 2, 4, 5, 5, 5, 6, 7, 9, 11, 11, 17, 17, 17, 19, 22, 23, 22, 23, 26, 25, 30, 12, 15, 21, 24, 15, 15, 22, 31, 29, 34, 21, 20, 19, 20, 16, 18, 11, 8, 3, 6, 2, 1]
YTOT: [1, 1, 1, 1, 1, 1, 1, 1, 2, 2, 3, 4, 6, 8, 12, 17, 22, 27, 33, 40, 49, 60, 71, 88, 105, 122, 141, 163, 186, 208, 231, 257, 282, 312, 324, 339, 360, 384, 399, 414, 436, 467, 496, 530, 551, 571, 590, 610, 626, 644, 655, 663, 666, 672, 674, 675]

INFO: Total Population: 568140
INFO: R0: 2
INFO: Incubation Period: 5
INFO: Illness Period: 12
X:[0, 1, 2, 3, 4, 5, 6, 7, 8, 9, 10, 11, 12, 13, 14, 15, 16, 17, 18, 19, 20, 21, 22, 23, 24, 25, 26, 27, 28, 29, 30, 31, 32, 33, 34, 35, 36, 37, 38, 39, 40, 41, 42, 43, 44, 45, 46, 47, 48, 49, 50, 51, 52, 53, 54, 55, 56, 57]
YNEW:[1, 0, 0, 0, 0, 0, 0, 0, 1, 0, 1, 1, 2, 2, 4, 5, 5, 5, 6, 7, 9, 11, 11, 17, 17, 17, 19, 22, 23, 22, 23, 26, 25, 30, 20, 23, 16, 14, 18, 13, 21, 29, 30, 33, 37, 24, 18, 21, 12, 18, 11, 5, 9, 2, 3, 2, 1]
YTOT: [1, 1, 1, 1, 1, 1, 1, 1, 2, 2, 3, 4, 6, 8, 12, 17, 22, 27, 33, 40, 49, 60, 71, 88, 105, 122, 141, 163, 186, 208, 231, 257, 282, 312, 332, 355, 371, 385, 403, 416, 437, 466, 496, 529, 566, 590, 608, 629, 641, 659, 670, 675, 684, 686, 689, 691, 692]

INFO: Total Population: 568140
INFO: R0: 2
INFO: Incubation Period: 5
INFO: Illness Period: 12
X:[0, 1, 2, 3, 4, 5, 6, 7, 8, 9, 10, 11, 12, 13, 14, 15, 16, 17, 18, 19, 20, 21, 22, 23, 24, 25, 26, 27, 28, 29, 30, 31, 32, 33, 34, 35, 36, 37, 38, 39, 40, 41, 42, 43, 44, 45, 46, 47, 48, 49, 50, 51, 52, 53, 54, 55]
YNEW:[1, 0, 0, 0, 0, 0, 0, 0, 1, 0, 1, 1, 2, 2, 4, 5, 5, 5, 6, 7, 9, 11, 11, 17, 17, 17, 19, 22, 23, 22, 23, 26, 25, 30, 26, 19, 18, 18, 12, 14, 29, 29, 32, 31, 31, 21, 20, 18, 20, 15, 7, 12, 7, 4, 2]
YTOT: [1, 1, 1, 1, 1, 1, 1, 1, 2, 2, 3, 4, 6, 8, 12, 17, 22, 27, 33, 40, 49, 60, 71, 88, 105, 122, 141, 163, 186, 208, 231, 257, 282, 312, 338, 357, 375, 393, 405, 419, 448, 477, 509, 540, 571, 592, 612, 630, 650, 665, 672, 684, 691, 695, 697]

INFO: Total Population: 568140
INFO: R0: 2
INFO: Incubation Period: 5
INFO: Illness Period: 12
X:[0, 1, 2, 3, 4, 5, 6, 7, 8, 9, 10, 11, 12, 13, 14, 15, 16, 17, 18, 19, 20, 21, 22, 23, 24, 25, 26, 27, 28, 29, 30, 31, 32, 33, 34, 35, 36, 37, 38, 39, 40, 41, 42, 43, 44, 45, 46, 47, 48, 49, 50, 51, 52, 53, 54, 55]
YNEW:[1, 0, 0, 0, 0, 0, 0, 0, 1, 0, 1, 1, 2, 2, 4, 5, 5, 5, 6, 7, 9, 11, 11, 17, 17, 17, 19, 22, 23, 22, 23, 26, 25, 30, 17, 26, 28, 12, 20, 12, 21, 33, 33, 33, 23, 28, 18, 18, 23, 14, 15, 7, 4, 5, 3]
YTOT: [1, 1, 1, 1, 1, 1, 1, 1, 2, 2, 3, 4, 6, 8, 12, 17, 22, 27, 33, 40, 49, 60, 71, 88, 105, 122, 141, 163, 186, 208, 231, 257, 282, 312, 329, 355, 383, 395, 415, 427, 448, 481, 514, 547, 570, 598, 616, 634, 657, 671, 686, 693, 697, 702, 705]

INFO: Total Population: 568140
INFO: R0: 2
INFO: Incubation Period: 5
INFO: Illness Period: 12
X:[0, 1, 2, 3, 4, 5, 6, 7, 8, 9, 10, 11, 12, 13, 14, 15, 16, 17, 18, 19, 20, 21, 22, 23, 24, 25, 26, 27, 28, 29, 30, 31, 32, 33, 34, 35, 36, 37, 38, 39, 40, 41, 42, 43, 44, 45, 46, 47, 48, 49, 50, 51, 52, 53, 54, 55, 56]
YNEW:[1, 0, 0, 0, 0, 0, 0, 0, 1, 0, 1, 1, 2, 2, 4, 5, 5, 5, 6, 7, 9, 11, 11, 17, 17, 17, 19, 22, 23, 22, 23, 26, 25, 30, 20, 18, 16, 18, 23, 19, 23, 28, 28, 32, 31, 29, 34, 24, 18, 11, 9, 4, 3, 5, 2, 3]
YTOT: [1, 1, 1, 1, 1, 1, 1, 1, 2, 2, 3, 4, 6, 8, 12, 17, 22, 27, 33, 40, 49, 60, 71, 88, 105, 122, 141, 163, 186, 208, 231, 257, 282, 312, 332, 350, 366, 384, 407, 426, 449, 477, 505, 537, 568, 597, 631, 655, 673, 684, 693, 697, 700, 705, 707, 710]

INFO: Total Population: 568140
INFO: R0: 2
INFO: Incubation Period: 5
INFO: Illness Period: 12
X:[0, 1, 2, 3, 4, 5, 6, 7, 8, 9, 10, 11, 12, 13, 14, 15, 16, 17, 18, 19, 20, 21, 22, 23, 24, 25, 26, 27, 28, 29, 30, 31, 32, 33, 34, 35, 36, 37, 38, 39, 40, 41, 42, 43, 44, 45, 46, 47, 48, 49, 50, 51, 52, 53, 54, 55, 56]
YNEW:[1, 0, 0, 0, 0, 0, 0, 0, 1, 0, 1, 1, 2, 2, 4, 5, 5, 5, 6, 7, 9, 11, 11, 17, 17, 17, 19, 22, 23, 22, 23, 26, 25, 30, 29, 18, 16, 17, 17, 29, 22, 22, 31, 31, 39, 34, 28, 17, 19, 13, 5, 9, 7, 7, 3, 1]
YTOT: [1, 1, 1, 1, 1, 1, 1, 1, 2, 2, 3, 4, 6, 8, 12, 17, 22, 27, 33, 40, 49, 60, 71, 88, 105, 122, 141, 163, 186, 208, 231, 257, 282, 312, 341, 359, 375, 392, 409, 438, 460, 482, 513, 544, 583, 617, 645, 662, 681, 694, 699, 708, 715, 722, 725, 726]

INFO: Total Population: 568140
INFO: R0: 2
INFO: Incubation Period: 5
INFO: Illness Period: 12
X:[0, 1, 2, 3, 4, 5, 6, 7, 8, 9, 10, 11, 12, 13, 14, 15, 16, 17, 18, 19, 20, 21, 22, 23, 24, 25, 26, 27, 28, 29, 30, 31, 32, 33, 34, 35, 36, 37, 38, 39, 40, 41, 42, 43, 44, 45, 46, 47, 48, 49, 50, 51, 52, 53, 54, 55, 56]
YNEW:[1, 0, 0, 0, 0, 0, 0, 0, 1, 0, 1, 1, 2, 2, 4, 5, 5, 5, 6, 7, 9, 11, 11, 17, 17, 17, 19, 22, 23, 22, 23, 26, 25, 30, 17, 20, 19, 25, 14, 14, 25, 26, 38, 31, 32, 24, 21, 17, 19, 11, 10, 7, 4, 7, 1, 1]
YTOT: [1, 1, 1, 1, 1, 1, 1, 1, 2, 2, 3, 4, 6, 8, 12, 17, 22, 27, 33, 40, 49, 60, 71, 88, 105, 122, 141, 163, 186, 208, 231, 257, 282, 312, 329, 349, 368, 393, 407, 421, 446, 472, 510, 541, 573, 597, 618, 635, 654, 665, 675, 682, 686, 693, 694, 695]

INFO: Total Population: 568140
INFO: R0: 2
INFO: Incubation Period: 5
INFO: Illness Period: 12
X:[0, 1, 2, 3, 4, 5, 6, 7, 8, 9, 10, 11, 12, 13, 14, 15, 16, 17, 18, 19, 20, 21, 22, 23, 24, 25, 26, 27, 28, 29, 30, 31, 32, 33, 34, 35, 36, 37, 38, 39, 40, 41, 42, 43, 44, 45, 46, 47, 48, 49, 50, 51, 52, 53, 54, 55, 56]
YNEW:[1, 0, 0, 0, 0, 0, 0, 0, 1, 0, 1, 1, 2, 2, 4, 5, 5, 5, 6, 7, 9, 11, 11, 17, 17, 17, 19, 22, 23, 22, 23, 26, 25, 30, 25, 23, 16, 16, 13, 19, 26, 26, 28, 35, 25, 28, 25, 21, 17, 11, 12, 9, 6, 3, 3, 1]
YTOT: [1, 1, 1, 1, 1, 1, 1, 1, 2, 2, 3, 4, 6, 8, 12, 17, 22, 27, 33, 40, 49, 60, 71, 88, 105, 122, 141, 163, 186, 208, 231, 257, 282, 312, 337, 360, 376, 392, 405, 424, 450, 476, 504, 539, 564, 592, 617, 638, 655, 666, 678, 687, 693, 696, 699, 700]

INFO: Total Population: 568140
INFO: R0: 2
INFO: Incubation Period: 5
INFO: Illness Period: 12
X:[0, 1, 2, 3, 4, 5, 6, 7, 8, 9, 10, 11, 12, 13, 14, 15, 16, 17, 18, 19, 20, 21, 22, 23, 24, 25, 26, 27, 28, 29, 30, 31, 32, 33, 34, 35, 36, 37, 38, 39, 40, 41, 42, 43, 44, 45, 46, 47, 48, 49, 50, 51, 52, 53, 54, 55, 56]
YNEW:[1, 0, 0, 0, 0, 0, 0, 0, 1, 0, 1, 1, 2, 2, 4, 5, 5, 5, 6, 7, 9, 11, 11, 17, 17, 17, 19, 22, 23, 22, 23, 26, 25, 30, 20, 20, 19, 22, 15, 22, 22, 32, 32, 43, 24, 27, 20, 17, 19, 20, 13, 10, 4, 2, 3, 1]
YTOT: [1, 1, 1, 1, 1, 1, 1, 1, 2, 2, 3, 4, 6, 8, 12, 17, 22, 27, 33, 40, 49, 60, 71, 88, 105, 122, 141, 163, 186, 208, 231, 257, 282, 312, 332, 352, 371, 393, 408, 430, 452, 484, 516, 559, 583, 610, 630, 647, 666, 686, 699, 709, 713, 715, 718, 719]

INFO: Total Population: 568140
INFO: R0: 2
INFO: Incubation Period: 5
INFO: Illness Period: 12
X:[0, 1, 2, 3, 4, 5, 6, 7, 8, 9, 10, 11, 12, 13, 14, 15, 16, 17, 18, 19, 20, 21, 22, 23, 24, 25, 26, 27, 28, 29, 30, 31, 32, 33, 34, 35, 36, 37, 38, 39, 40, 41, 42, 43, 44, 45, 46, 47, 48, 49, 50, 51, 52, 53, 54, 55, 56]
YNEW:[1, 0, 0, 0, 0, 0, 0, 0, 1, 0, 1, 1, 2, 2, 4, 5, 5, 5, 6, 7, 9, 11, 11, 17, 17, 17, 19, 22, 23, 22, 23, 26, 25, 30, 20, 28, 21, 12, 12, 19, 26, 39, 17, 34, 32, 22, 21, 21, 19, 15, 6, 7, 10, 4, 3, 1]
YTOT: [1, 1, 1, 1, 1, 1, 1, 1, 2, 2, 3, 4, 6, 8, 12, 17, 22, 27, 33, 40, 49, 60, 71, 88, 105, 122, 141, 163, 186, 208, 231, 257, 282, 312, 332, 360, 381, 393, 405, 424, 450, 489, 506, 540, 572, 594, 615, 636, 655, 670, 676, 683, 693, 697, 700, 701]

INFO: Total Population: 568140
INFO: R0: 2
INFO: Incubation Period: 5
INFO: Illness Period: 12
X:[0, 1, 2, 3, 4, 5, 6, 7, 8, 9, 10, 11, 12, 13, 14, 15, 16, 17, 18, 19, 20, 21, 22, 23, 24, 25, 26, 27, 28, 29, 30, 31, 32, 33, 34, 35, 36, 37, 38, 39, 40, 41, 42, 43, 44, 45, 46, 47, 48, 49, 50, 51, 52, 53, 54, 55]
YNEW:[1, 0, 0, 0, 0, 0, 0, 0, 1, 0, 1, 1, 2, 2, 4, 5, 5, 5, 6, 7, 9, 11, 11, 17, 17, 17, 19, 22, 23, 22, 23, 26, 25, 30, 23, 22, 12, 11, 11, 18, 28, 34, 29, 30, 25, 25, 16, 19, 10, 11, 9, 6, 4, 5, 2]
YTOT: [1, 1, 1, 1, 1, 1, 1, 1, 2, 2, 3, 4, 6, 8, 12, 17, 22, 27, 33, 40, 49, 60, 71, 88, 105, 122, 141, 163, 186, 208, 231, 257, 282, 312, 335, 357, 369, 380, 391, 409, 437, 471, 500, 530, 555, 580, 596, 615, 625, 636, 645, 651, 655, 660, 662]

INFO: Total Population: 568140
INFO: R0: 2
INFO: Incubation Period: 5
INFO: Illness Period: 12
X:[0, 1, 2, 3, 4, 5, 6, 7, 8, 9, 10, 11, 12, 13, 14, 15, 16, 17, 18, 19, 20, 21, 22, 23, 24, 25, 26, 27, 28, 29, 30, 31, 32, 33, 34, 35, 36, 37, 38, 39, 40, 41, 42, 43, 44, 45, 46, 47, 48, 49, 50, 51, 52, 53, 54, 55, 56]
YNEW:[1, 0, 0, 0, 0, 0, 0, 0, 1, 0, 1, 1, 2, 2, 4, 5, 5, 5, 6, 7, 9, 11, 11, 17, 17, 17, 19, 22, 23, 22, 23, 26, 25, 30, 18, 26, 21, 24, 18, 20, 21, 29, 36, 37, 27, 32, 24, 18, 21, 20, 13, 8, 9, 1, 4, 2]
YTOT: [1, 1, 1, 1, 1, 1, 1, 1, 2, 2, 3, 4, 6, 8, 12, 17, 22, 27, 33, 40, 49, 60, 71, 88, 105, 122, 141, 163, 186, 208, 231, 257, 282, 312, 330, 356, 377, 401, 419, 439, 460, 489, 525, 562, 589, 621, 645, 663, 684, 704, 717, 725, 734, 735, 739, 741]

INFO: Total Population: 568140
INFO: R0: 2
INFO: Incubation Period: 5
INFO: Illness Period: 12
X:[0, 1, 2, 3, 4, 5, 6, 7, 8, 9, 10, 11, 12, 13, 14, 15, 16, 17, 18, 19, 20, 21, 22, 23, 24, 25, 26, 27, 28, 29, 30, 31, 32, 33, 34, 35, 36, 37, 38, 39, 40, 41, 42, 43, 44, 45, 46, 47, 48, 49, 50, 51, 52, 53, 54, 55, 56]
YNEW:[1, 0, 0, 0, 0, 0, 0, 0, 1, 0, 1, 1, 2, 2, 4, 5, 5, 5, 6, 7, 9, 11, 11, 17, 17, 17, 19, 22, 23, 22, 23, 26, 25, 30, 24, 19, 11, 23, 21, 23, 24, 22, 31, 25, 33, 35, 21, 23, 19, 16, 18, 7, 5, 9, 3, 2]
YTOT: [1, 1, 1, 1, 1, 1, 1, 1, 2, 2, 3, 4, 6, 8, 12, 17, 22, 27, 33, 40, 49, 60, 71, 88, 105, 122, 141, 163, 186, 208, 231, 257, 282, 312, 336, 355, 366, 389, 410, 433, 457, 479, 510, 535, 568, 603, 624, 647, 666, 682, 700, 707, 712, 721, 724, 726]

INFO: Total Population: 568140
INFO: R0: 2
INFO: Incubation Period: 5
INFO: Illness Period: 12
X:[0, 1, 2, 3, 4, 5, 6, 7, 8, 9, 10, 11, 12, 13, 14, 15, 16, 17, 18, 19, 20, 21, 22, 23, 24, 25, 26, 27, 28, 29, 30, 31, 32, 33, 34, 35, 36, 37, 38, 39, 40, 41, 42, 43, 44, 45, 46, 47, 48, 49, 50, 51, 52, 53, 54, 55, 56, 57]
YNEW:[1, 0, 0, 0, 0, 0, 0, 0, 1, 0, 1, 1, 2, 2, 4, 5, 5, 5, 6, 7, 9, 11, 11, 17, 17, 17, 19, 22, 23, 22, 23, 26, 25, 30, 21, 17, 23, 16, 21, 21, 16, 26, 27, 28, 23, 28, 28, 27, 23, 12, 15, 8, 7, 7, 3, 2, 1]
YTOT: [1, 1, 1, 1, 1, 1, 1, 1, 2, 2, 3, 4, 6, 8, 12, 17, 22, 27, 33, 40, 49, 60, 71, 88, 105, 122, 141, 163, 186, 208, 231, 257, 282, 312, 333, 350, 373, 389, 410, 431, 447, 473, 500, 528, 551, 579, 607, 634, 657, 669, 684, 692, 699, 706, 709, 711, 712]

INFO: Total Population: 568140
INFO: R0: 2
INFO: Incubation Period: 5
INFO: Illness Period: 12
X:[0, 1, 2, 3, 4, 5, 6, 7, 8, 9, 10, 11, 12, 13, 14, 15, 16, 17, 18, 19, 20, 21, 22, 23, 24, 25, 26, 27, 28, 29, 30, 31, 32, 33, 34, 35, 36, 37, 38, 39, 40, 41, 42, 43, 44, 45, 46, 47, 48, 49, 50, 51, 52, 53, 54, 55]
YNEW:[1, 0, 0, 0, 0, 0, 0, 0, 1, 0, 1, 1, 2, 2, 4, 5, 5, 5, 6, 7, 9, 11, 11, 17, 17, 17, 19, 22, 23, 22, 23, 26, 25, 30, 17, 21, 15, 15, 21, 16, 31, 33, 21, 37, 30, 24, 22, 13, 15, 10, 11, 9, 5, 3, 1]
YTOT: [1, 1, 1, 1, 1, 1, 1, 1, 2, 2, 3, 4, 6, 8, 12, 17, 22, 27, 33, 40, 49, 60, 71, 88, 105, 122, 141, 163, 186, 208, 231, 257, 282, 312, 329, 350, 365, 380, 401, 417, 448, 481, 502, 539, 569, 593, 615, 628, 643, 653, 664, 673, 678, 681, 682]

INFO: Total Population: 568140
INFO: R0: 2
INFO: Incubation Period: 5
INFO: Illness Period: 12
X:[0, 1, 2, 3, 4, 5, 6, 7, 8, 9, 10, 11, 12, 13, 14, 15, 16, 17, 18, 19, 20, 21, 22, 23, 24, 25, 26, 27, 28, 29, 30, 31, 32, 33, 34, 35, 36, 37, 38, 39, 40, 41, 42, 43, 44, 45, 46, 47, 48, 49, 50, 51, 52, 53, 54, 55, 56]
YNEW:[1, 0, 0, 0, 0, 0, 0, 0, 1, 0, 1, 1, 2, 2, 4, 5, 5, 5, 6, 7, 9, 11, 11, 17, 17, 17, 19, 22, 23, 22, 23, 26, 25, 30, 19, 18, 22, 18, 18, 21, 21, 26, 31, 30, 45, 27, 27, 15, 21, 15, 8, 6, 5, 4, 2, 1]
YTOT: [1, 1, 1, 1, 1, 1, 1, 1, 2, 2, 3, 4, 6, 8, 12, 17, 22, 27, 33, 40, 49, 60, 71, 88, 105, 122, 141, 163, 186, 208, 231, 257, 282, 312, 331, 349, 371, 389, 407, 428, 449, 475, 506, 536, 581, 608, 635, 650, 671, 686, 694, 700, 705, 709, 711, 712]

INFO: Total Population: 568140
INFO: R0: 2
INFO: Incubation Period: 5
INFO: Illness Period: 12
X:[0, 1, 2, 3, 4, 5, 6, 7, 8, 9, 10, 11, 12, 13, 14, 15, 16, 17, 18, 19, 20, 21, 22, 23, 24, 25, 26, 27, 28, 29, 30, 31, 32, 33, 34, 35, 36, 37, 38, 39, 40, 41, 42, 43, 44, 45, 46, 47, 48, 49, 50, 51, 52, 53, 54, 55, 56]
YNEW:[1, 0, 0, 0, 0, 0, 0, 0, 1, 0, 1, 1, 2, 2, 4, 5, 5, 5, 6, 7, 9, 11, 11, 17, 17, 17, 19, 22, 23, 22, 23, 26, 25, 30, 24, 15, 13, 16, 20, 15, 31, 16, 31, 39, 31, 24, 14, 24, 17, 10, 8, 4, 4, 7, 1, 1]
YTOT: [1, 1, 1, 1, 1, 1, 1, 1, 2, 2, 3, 4, 6, 8, 12, 17, 22, 27, 33, 40, 49, 60, 71, 88, 105, 122, 141, 163, 186, 208, 231, 257, 282, 312, 336, 351, 364, 380, 400, 415, 446, 462, 493, 532, 563, 587, 601, 625, 642, 652, 660, 664, 668, 675, 676, 677]

INFO: Total Population: 568140
INFO: R0: 2
INFO: Incubation Period: 5
INFO: Illness Period: 12
X:[0, 1, 2, 3, 4, 5, 6, 7, 8, 9, 10, 11, 12, 13, 14, 15, 16, 17, 18, 19, 20, 21, 22, 23, 24, 25, 26, 27, 28, 29, 30, 31, 32, 33, 34, 35, 36, 37, 38, 39, 40, 41, 42, 43, 44, 45, 46, 47, 48, 49, 50, 51, 52, 53, 54, 55, 56]
YNEW:[1, 0, 0, 0, 0, 0, 0, 0, 1, 0, 1, 1, 2, 2, 4, 5, 5, 5, 6, 7, 9, 11, 11, 17, 17, 17, 19, 22, 23, 22, 23, 26, 25, 30, 23, 18, 16, 18, 17, 22, 29, 23, 29, 28, 43, 24, 24, 22, 14, 15, 12, 9, 3, 2, 1, 4]
YTOT: [1, 1, 1, 1, 1, 1, 1, 1, 2, 2, 3, 4, 6, 8, 12, 17, 22, 27, 33, 40, 49, 60, 71, 88, 105, 122, 141, 163, 186, 208, 231, 257, 282, 312, 335, 353, 369, 387, 404, 426, 455, 478, 507, 535, 578, 602, 626, 648, 662, 677, 689, 698, 701, 703, 704, 708]

INFO: Total Population: 568140
INFO: R0: 2
INFO: Incubation Period: 5
INFO: Illness Period: 12
X:[0, 1, 2, 3, 4, 5, 6, 7, 8, 9, 10, 11, 12, 13, 14, 15, 16, 17, 18, 19, 20, 21, 22, 23, 24, 25, 26, 27, 28, 29, 30, 31, 32, 33, 34, 35, 36, 37, 38, 39, 40, 41, 42, 43, 44, 45, 46, 47, 48, 49, 50, 51, 52, 53, 54, 55, 56]
YNEW:[1, 0, 0, 0, 0, 0, 0, 0, 1, 0, 1, 1, 2, 2, 4, 5, 5, 5, 6, 7, 9, 11, 11, 17, 17, 17, 19, 22, 23, 22, 23, 26, 25, 30, 30, 24, 14, 15, 15, 21, 28, 31, 33, 26, 36, 27, 22, 21, 17, 13, 16, 8, 7, 3, 4, 2]
YTOT: [1, 1, 1, 1, 1, 1, 1, 1, 2, 2, 3, 4, 6, 8, 12, 17, 22, 27, 33, 40, 49, 60, 71, 88, 105, 122, 141, 163, 186, 208, 231, 257, 282, 312, 342, 366, 380, 395, 410, 431, 459, 490, 523, 549, 585, 612, 634, 655, 672, 685, 701, 709, 716, 719, 723, 725]

INFO: Total Population: 568140
INFO: R0: 2
INFO: Incubation Period: 5
INFO: Illness Period: 12
X:[0, 1, 2, 3, 4, 5, 6, 7, 8, 9, 10, 11, 12, 13, 14, 15, 16, 17, 18, 19, 20, 21, 22, 23, 24, 25, 26, 27, 28, 29, 30, 31, 32, 33, 34, 35, 36, 37, 38, 39, 40, 41, 42, 43, 44, 45, 46, 47, 48, 49, 50, 51, 52, 53, 54, 55, 56, 57]
YNEW:[1, 0, 0, 0, 0, 0, 0, 0, 1, 0, 1, 1, 2, 2, 4, 5, 5, 5, 6, 7, 9, 11, 11, 17, 17, 17, 19, 22, 23, 22, 23, 26, 25, 30, 22, 27, 23, 13, 23, 22, 29, 29, 31, 22, 41, 28, 30, 30, 15, 13, 10, 10, 10, 4, 1, 3, 1]
YTOT: [1, 1, 1, 1, 1, 1, 1, 1, 2, 2, 3, 4, 6, 8, 12, 17, 22, 27, 33, 40, 49, 60, 71, 88, 105, 122, 141, 163, 186, 208, 231, 257, 282, 312, 334, 361, 384, 397, 420, 442, 471, 500, 531, 553, 594, 622, 652, 682, 697, 710, 720, 730, 740, 744, 745, 748, 749]

END