

INFO: Total Population: 568140
INFO: R0: 2
INFO: Incubation Period: 5
INFO: Illness Period: 12
X:[0, 1, 2, 3, 4, 5, 6, 7, 8, 9, 10, 11, 12, 13, 14, 15, 16, 17, 18, 19, 20, 21, 22, 23, 24, 25, 26, 27, 28, 29, 30, 31, 32, 33, 34, 35, 36, 37, 38, 39, 40, 41, 42, 43, 44, 45, 46, 47, 48, 49, 50, 51, 52]
YNEW:[1, 0, 0, 0, 0, 0, 0, 0, 1, 0, 1, 1, 2, 2, 4, 5, 5, 5, 6, 7, 9, 11, 11, 17, 17, 17, 19, 22, 23, 22, 23, 26, 25, 30, 13, 5, 6, 10, 12, 7, 10, 6, 13, 8, 7, 3, 3, 1, 2, 2, 2, 1]
YTOT: [1, 1, 1, 1, 1, 1, 1, 1, 2, 2, 3, 4, 6, 8, 12, 17, 22, 27, 33, 40, 49, 60, 71, 88, 105, 122, 141, 163, 186, 208, 231, 257, 282, 312, 325, 330, 336, 346, 358, 365, 375, 381, 394, 402, 409, 412, 415, 416, 418, 420, 422, 423]

INFO: Total Population: 568140
INFO: R0: 2
INFO: Incubation Period: 5
INFO: Illness Period: 12
X:[0, 1, 2, 3, 4, 5, 6, 7, 8, 9, 10, 11, 12, 13, 14, 15, 16, 17, 18, 19, 20, 21, 22, 23, 24, 25, 26, 27, 28, 29, 30, 31, 32, 33, 34, 35, 36, 37, 38, 39, 40, 41, 42, 43, 44, 45, 46, 47, 48, 49, 50, 51, 52, 53]
YNEW:[1, 0, 0, 0, 0, 0, 0, 0, 1, 0, 1, 1, 2, 2, 4, 5, 5, 5, 6, 7, 9, 11, 11, 17, 17, 17, 19, 22, 23, 22, 23, 26, 25, 30, 15, 8, 5, 17, 10, 9, 7, 7, 3, 7, 6, 2, 6, 3, 2, 3, 2, 1, 1]
YTOT: [1, 1, 1, 1, 1, 1, 1, 1, 2, 2, 3, 4, 6, 8, 12, 17, 22, 27, 33, 40, 49, 60, 71, 88, 105, 122, 141, 163, 186, 208, 231, 257, 282, 312, 327, 335, 340, 357, 367, 376, 383, 390, 393, 400, 406, 408, 414, 417, 419, 422, 424, 425, 426]

INFO: Total Population: 568140
INFO: R0: 2
INFO: Incubation Period: 5
INFO: Illness Period: 12
X:[0, 1, 2, 3, 4, 5, 6, 7, 8, 9, 10, 11, 12, 13, 14, 15, 16, 17, 18, 19, 20, 21, 22, 23, 24, 25, 26, 27, 28, 29, 30, 31, 32, 33, 34, 35, 36, 37, 38, 39, 40, 41, 42, 43, 44, 45, 46, 47, 48, 49, 50, 51, 52, 53]
YNEW:[1, 0, 0, 0, 0, 0, 0, 0, 1, 0, 1, 1, 2, 2, 4, 5, 5, 5, 6, 7, 9, 11, 11, 17, 17, 17, 19, 22, 23, 22, 23, 26, 25, 30, 10, 13, 13, 7, 12, 6, 12, 8, 7, 5, 6, 3, 3, 2, 1, 1, 1, 2, 1]
YTOT: [1, 1, 1, 1, 1, 1, 1, 1, 2, 2, 3, 4, 6, 8, 12, 17, 22, 27, 33, 40, 49, 60, 71, 88, 105, 122, 141, 163, 186, 208, 231, 257, 282, 312, 322, 335, 348, 355, 367, 373, 385, 393, 400, 405, 411, 414, 417, 419, 420, 421, 422, 424, 425]

INFO: Total Population: 568140
INFO: R0: 2
INFO: Incubation Period: 5
INFO: Illness Period: 12
X:[0, 1, 2, 3, 4, 5, 6, 7, 8, 9, 10, 11, 12, 13, 14, 15, 16, 17, 18, 19, 20, 21, 22, 23, 24, 25, 26, 27, 28, 29, 30, 31, 32, 33, 34, 35, 36, 37, 38, 39, 40, 41, 42, 43, 44, 45, 46, 47, 48, 49, 50, 51, 52, 53, 54]
YNEW:[1, 0, 0, 0, 0, 0, 0, 0, 1, 0, 1, 1, 2, 2, 4, 5, 5, 5, 6, 7, 9, 11, 11, 17, 17, 17, 19, 22, 23, 22, 23, 26, 25, 30, 5, 14, 6, 9, 14, 10, 10, 7, 5, 5, 8, 6, 4, 3, 1, 1, 4, 1, 1, 1]
YTOT: [1, 1, 1, 1, 1, 1, 1, 1, 2, 2, 3, 4, 6, 8, 12, 17, 22, 27, 33, 40, 49, 60, 71, 88, 105, 122, 141, 163, 186, 208, 231, 257, 282, 312, 317, 331, 337, 346, 360, 370, 380, 387, 392, 397, 405, 411, 415, 418, 419, 420, 424, 425, 426, 427]

INFO: Total Population: 568140
INFO: R0: 2
INFO: Incubation Period: 5
INFO: Illness Period: 12
X:[0, 1, 2, 3, 4, 5, 6, 7, 8, 9, 10, 11, 12, 13, 14, 15, 16, 17, 18, 19, 20, 21, 22, 23, 24, 25, 26, 27, 28, 29, 30, 31, 32, 33, 34, 35, 36, 37, 38, 39, 40, 41, 42, 43, 44, 45, 46, 47, 48, 49, 50]
YNEW:[1, 0, 0, 0, 0, 0, 0, 0, 1, 0, 1, 1, 2, 2, 4, 5, 5, 5, 6, 7, 9, 11, 11, 17, 17, 17, 19, 22, 23, 22, 23, 26, 25, 30, 11, 7, 11, 10, 7, 6, 11, 10, 5, 6, 12, 6, 5, 5, 1, 2]
YTOT: [1, 1, 1, 1, 1, 1, 1, 1, 2, 2, 3, 4, 6, 8, 12, 17, 22, 27, 33, 40, 49, 60, 71, 88, 105, 122, 141, 163, 186, 208, 231, 257, 282, 312, 323, 330, 341, 351, 358, 364, 375, 385, 390, 396, 408, 414, 419, 424, 425, 427]

INFO: Total Population: 568140
INFO: R0: 2
INFO: Incubation Period: 5
INFO: Illness Period: 12
X:[0, 1, 2, 3, 4, 5, 6, 7, 8, 9, 10, 11, 12, 13, 14, 15, 16, 17, 18, 19, 20, 21, 22, 23, 24, 25, 26, 27, 28, 29, 30, 31, 32, 33, 34, 35, 36, 37, 38, 39, 40, 41, 42, 43, 44, 45, 46, 47, 48, 49, 50, 51, 52, 53]
YNEW:[1, 0, 0, 0, 0, 0, 0, 0, 1, 0, 1, 1, 2, 2, 4, 5, 5, 5, 6, 7, 9, 11, 11, 17, 17, 17, 19, 22, 23, 22, 23, 26, 25, 30, 7, 12, 11, 9, 12, 8, 5, 9, 4, 7, 6, 5, 2, 6, 3, 2, 2, 3, 1]
YTOT: [1, 1, 1, 1, 1, 1, 1, 1, 2, 2, 3, 4, 6, 8, 12, 17, 22, 27, 33, 40, 49, 60, 71, 88, 105, 122, 141, 163, 186, 208, 231, 257, 282, 312, 319, 331, 342, 351, 363, 371, 376, 385, 389, 396, 402, 407, 409, 415, 418, 420, 422, 425, 426]

INFO: Total Population: 568140
INFO: R0: 2
INFO: Incubation Period: 5
INFO: Illness Period: 12
X:[0, 1, 2, 3, 4, 5, 6, 7, 8, 9, 10, 11, 12, 13, 14, 15, 16, 17, 18, 19, 20, 21, 22, 23, 24, 25, 26, 27, 28, 29, 30, 31, 32, 33, 34, 35, 36, 37, 38, 39, 40, 41, 42, 43, 44, 45, 46, 47, 48, 49, 50, 51, 52]
YNEW:[1, 0, 0, 0, 0, 0, 0, 0, 1, 0, 1, 1, 2, 2, 4, 5, 5, 5, 6, 7, 9, 11, 11, 17, 17, 17, 19, 22, 23, 22, 23, 26, 25, 30, 13, 11, 14, 8, 15, 7, 7, 2, 10, 9, 11, 7, 2, 4, 2, 2, 2, 1]
YTOT: [1, 1, 1, 1, 1, 1, 1, 1, 2, 2, 3, 4, 6, 8, 12, 17, 22, 27, 33, 40, 49, 60, 71, 88, 105, 122, 141, 163, 186, 208, 231, 257, 282, 312, 325, 336, 350, 358, 373, 380, 387, 389, 399, 408, 419, 426, 428, 432, 434, 436, 438, 439]

INFO: Total Population: 568140
INFO: R0: 2
INFO: Incubation Period: 5
INFO: Illness Period: 12
X:[0, 1, 2, 3, 4, 5, 6, 7, 8, 9, 10, 11, 12, 13, 14, 15, 16, 17, 18, 19, 20, 21, 22, 23, 24, 25, 26, 27, 28, 29, 30, 31, 32, 33, 34, 35, 36, 37, 38, 39, 40, 41, 42, 43, 44, 45, 46, 47, 48, 49, 50, 51, 52, 53]
YNEW:[1, 0, 0, 0, 0, 0, 0, 0, 1, 0, 1, 1, 2, 2, 4, 5, 5, 5, 6, 7, 9, 11, 11, 17, 17, 17, 19, 22, 23, 22, 23, 26, 25, 30, 8, 8, 14, 12, 15, 5, 12, 7, 6, 6, 7, 7, 2, 4, 2, 3, 1, 1, 2]
YTOT: [1, 1, 1, 1, 1, 1, 1, 1, 2, 2, 3, 4, 6, 8, 12, 17, 22, 27, 33, 40, 49, 60, 71, 88, 105, 122, 141, 163, 186, 208, 231, 257, 282, 312, 320, 328, 342, 354, 369, 374, 386, 393, 399, 405, 412, 419, 421, 425, 427, 430, 431, 432, 434]

INFO: Total Population: 568140
INFO: R0: 2
INFO: Incubation Period: 5
INFO: Illness Period: 12
X:[0, 1, 2, 3, 4, 5, 6, 7, 8, 9, 10, 11, 12, 13, 14, 15, 16, 17, 18, 19, 20, 21, 22, 23, 24, 25, 26, 27, 28, 29, 30, 31, 32, 33, 34, 35, 36, 37, 38, 39, 40, 41, 42, 43, 44, 45, 46, 47, 48, 49, 50, 51, 52, 53, 54, 55, 56]
YNEW:[1, 0, 0, 0, 0, 0, 0, 0, 1, 0, 1, 1, 2, 2, 4, 5, 5, 5, 6, 7, 9, 11, 11, 17, 17, 17, 19, 22, 23, 22, 23, 26, 25, 30, 10, 11, 10, 8, 9, 12, 12, 4, 7, 9, 5, 3, 4, 6, 1, 3, 2, 2, 2, 1, 2, 2]
YTOT: [1, 1, 1, 1, 1, 1, 1, 1, 2, 2, 3, 4, 6, 8, 12, 17, 22, 27, 33, 40, 49, 60, 71, 88, 105, 122, 141, 163, 186, 208, 231, 257, 282, 312, 322, 333, 343, 351, 360, 372, 384, 388, 395, 404, 409, 412, 416, 422, 423, 426, 428, 430, 432, 433, 435, 437]

INFO: Total Population: 568140
INFO: R0: 2
INFO: Incubation Period: 5
INFO: Illness Period: 12
X:[0, 1, 2, 3, 4, 5, 6, 7, 8, 9, 10, 11, 12, 13, 14, 15, 16, 17, 18, 19, 20, 21, 22, 23, 24, 25, 26, 27, 28, 29, 30, 31, 32, 33, 34, 35, 36, 37, 38, 39, 40, 41, 42, 43, 44, 45, 46, 47, 48, 49, 50, 51, 52, 53]
YNEW:[1, 0, 0, 0, 0, 0, 0, 0, 1, 0, 1, 1, 2, 2, 4, 5, 5, 5, 6, 7, 9, 11, 11, 17, 17, 17, 19, 22, 23, 22, 23, 26, 25, 30, 9, 9, 9, 7, 8, 9, 5, 9, 13, 6, 7, 3, 2, 3, 1, 1, 1, 1, 1]
YTOT: [1, 1, 1, 1, 1, 1, 1, 1, 2, 2, 3, 4, 6, 8, 12, 17, 22, 27, 33, 40, 49, 60, 71, 88, 105, 122, 141, 163, 186, 208, 231, 257, 282, 312, 321, 330, 339, 346, 354, 363, 368, 377, 390, 396, 403, 406, 408, 411, 412, 413, 414, 415, 416]

INFO: Total Population: 568140
INFO: R0: 2
INFO: Incubation Period: 5
INFO: Illness Period: 12
X:[0, 1, 2, 3, 4, 5, 6, 7, 8, 9, 10, 11, 12, 13, 14, 15, 16, 17, 18, 19, 20, 21, 22, 23, 24, 25, 26, 27, 28, 29, 30, 31, 32, 33, 34, 35, 36, 37, 38, 39, 40, 41, 42, 43, 44, 45, 46, 47, 48, 49, 50, 51, 52]
YNEW:[1, 0, 0, 0, 0, 0, 0, 0, 1, 0, 1, 1, 2, 2, 4, 5, 5, 5, 6, 7, 9, 11, 11, 17, 17, 17, 19, 22, 23, 22, 23, 26, 25, 30, 11, 10, 12, 9, 10, 11, 9, 8, 8, 4, 6, 5, 4, 4, 1, 2, 2, 1]
YTOT: [1, 1, 1, 1, 1, 1, 1, 1, 2, 2, 3, 4, 6, 8, 12, 17, 22, 27, 33, 40, 49, 60, 71, 88, 105, 122, 141, 163, 186, 208, 231, 257, 282, 312, 323, 333, 345, 354, 364, 375, 384, 392, 400, 404, 410, 415, 419, 423, 424, 426, 428, 429]

INFO: Total Population: 568140
INFO: R0: 2
INFO: Incubation Period: 5
INFO: Illness Period: 12
X:[0, 1, 2, 3, 4, 5, 6, 7, 8, 9, 10, 11, 12, 13, 14, 15, 16, 17, 18, 19, 20, 21, 22, 23, 24, 25, 26, 27, 28, 29, 30, 31, 32, 33, 34, 35, 36, 37, 38, 39, 40, 41, 42, 43, 44, 45, 46, 47, 48, 49, 50]
YNEW:[1, 0, 0, 0, 0, 0, 0, 0, 1, 0, 1, 1, 2, 2, 4, 5, 5, 5, 6, 7, 9, 11, 11, 17, 17, 17, 19, 22, 23, 22, 23, 26, 25, 30, 17, 8, 6, 5, 6, 14, 12, 7, 7, 7, 2, 2, 1, 1, 1, 2]
YTOT: [1, 1, 1, 1, 1, 1, 1, 1, 2, 2, 3, 4, 6, 8, 12, 17, 22, 27, 33, 40, 49, 60, 71, 88, 105, 122, 141, 163, 186, 208, 231, 257, 282, 312, 329, 337, 343, 348, 354, 368, 380, 387, 394, 401, 403, 405, 406, 407, 408, 410]

INFO: Total Population: 568140
INFO: R0: 2
INFO: Incubation Period: 5
INFO: Illness Period: 12
X:[0, 1, 2, 3, 4, 5, 6, 7, 8, 9, 10, 11, 12, 13, 14, 15, 16, 17, 18, 19, 20, 21, 22, 23, 24, 25, 26, 27, 28, 29, 30, 31, 32, 33, 34, 35, 36, 37, 38, 39, 40, 41, 42, 43, 44, 45, 46, 47, 48, 49, 50, 51]
YNEW:[1, 0, 0, 0, 0, 0, 0, 0, 1, 0, 1, 1, 2, 2, 4, 5, 5, 5, 6, 7, 9, 11, 11, 17, 17, 17, 19, 22, 23, 22, 23, 26, 25, 30, 13, 18, 5, 10, 8, 11, 7, 2, 12, 6, 5, 3, 6, 2, 1, 3, 1]
YTOT: [1, 1, 1, 1, 1, 1, 1, 1, 2, 2, 3, 4, 6, 8, 12, 17, 22, 27, 33, 40, 49, 60, 71, 88, 105, 122, 141, 163, 186, 208, 231, 257, 282, 312, 325, 343, 348, 358, 366, 377, 384, 386, 398, 404, 409, 412, 418, 420, 421, 424, 425]

INFO: Total Population: 568140
INFO: R0: 2
INFO: Incubation Period: 5
INFO: Illness Period: 12
X:[0, 1, 2, 3, 4, 5, 6, 7, 8, 9, 10, 11, 12, 13, 14, 15, 16, 17, 18, 19, 20, 21, 22, 23, 24, 25, 26, 27, 28, 29, 30, 31, 32, 33, 34, 35, 36, 37, 38, 39, 40, 41, 42, 43, 44, 45, 46, 47, 48, 49, 50, 51, 52]
YNEW:[1, 0, 0, 0, 0, 0, 0, 0, 1, 0, 1, 1, 2, 2, 4, 5, 5, 5, 6, 7, 9, 11, 11, 17, 17, 17, 19, 22, 23, 22, 23, 26, 25, 30, 12, 10, 13, 11, 14, 7, 5, 9, 10, 8, 2, 7, 8, 5, 1, 1, 1, 1]
YTOT: [1, 1, 1, 1, 1, 1, 1, 1, 2, 2, 3, 4, 6, 8, 12, 17, 22, 27, 33, 40, 49, 60, 71, 88, 105, 122, 141, 163, 186, 208, 231, 257, 282, 312, 324, 334, 347, 358, 372, 379, 384, 393, 403, 411, 413, 420, 428, 433, 434, 435, 436, 437]

INFO: Total Population: 568140
INFO: R0: 2
INFO: Incubation Period: 5
INFO: Illness Period: 12
X:[0, 1, 2, 3, 4, 5, 6, 7, 8, 9, 10, 11, 12, 13, 14, 15, 16, 17, 18, 19, 20, 21, 22, 23, 24, 25, 26, 27, 28, 29, 30, 31, 32, 33, 34, 35, 36, 37, 38, 39, 40, 41, 42, 43, 44, 45, 46, 47, 48, 49, 50, 51, 52]
YNEW:[1, 0, 0, 0, 0, 0, 0, 0, 1, 0, 1, 1, 2, 2, 4, 5, 5, 5, 6, 7, 9, 11, 11, 17, 17, 17, 19, 22, 23, 22, 23, 26, 25, 30, 10, 11, 14, 5, 5, 13, 4, 6, 6, 7, 6, 1, 4, 1, 5, 1, 1, 2]
YTOT: [1, 1, 1, 1, 1, 1, 1, 1, 2, 2, 3, 4, 6, 8, 12, 17, 22, 27, 33, 40, 49, 60, 71, 88, 105, 122, 141, 163, 186, 208, 231, 257, 282, 312, 322, 333, 347, 352, 357, 370, 374, 380, 386, 393, 399, 400, 404, 405, 410, 411, 412, 414]

INFO: Total Population: 568140
INFO: R0: 2
INFO: Incubation Period: 5
INFO: Illness Period: 12
X:[0, 1, 2, 3, 4, 5, 6, 7, 8, 9, 10, 11, 12, 13, 14, 15, 16, 17, 18, 19, 20, 21, 22, 23, 24, 25, 26, 27, 28, 29, 30, 31, 32, 33, 34, 35, 36, 37, 38, 39, 40, 41, 42, 43, 44, 45, 46, 47, 48, 49, 50]
YNEW:[1, 0, 0, 0, 0, 0, 0, 0, 1, 0, 1, 1, 2, 2, 4, 5, 5, 5, 6, 7, 9, 11, 11, 17, 17, 17, 19, 22, 23, 22, 23, 26, 25, 30, 13, 10, 13, 2, 9, 8, 10, 8, 11, 2, 3, 3, 1, 1, 1, 2]
YTOT: [1, 1, 1, 1, 1, 1, 1, 1, 2, 2, 3, 4, 6, 8, 12, 17, 22, 27, 33, 40, 49, 60, 71, 88, 105, 122, 141, 163, 186, 208, 231, 257, 282, 312, 325, 335, 348, 350, 359, 367, 377, 385, 396, 398, 401, 404, 405, 406, 407, 409]

INFO: Total Population: 568140
INFO: R0: 2
INFO: Incubation Period: 5
INFO: Illness Period: 12
X:[0, 1, 2, 3, 4, 5, 6, 7, 8, 9, 10, 11, 12, 13, 14, 15, 16, 17, 18, 19, 20, 21, 22, 23, 24, 25, 26, 27, 28, 29, 30, 31, 32, 33, 34, 35, 36, 37, 38, 39, 40, 41, 42, 43, 44, 45, 46, 47, 48, 49, 50, 51, 52, 53]
YNEW:[1, 0, 0, 0, 0, 0, 0, 0, 1, 0, 1, 1, 2, 2, 4, 5, 5, 5, 6, 7, 9, 11, 11, 17, 17, 17, 19, 22, 23, 22, 23, 26, 25, 30, 16, 9, 11, 8, 10, 15, 11, 8, 7, 10, 7, 4, 5, 4, 3, 3, 1, 1, 3]
YTOT: [1, 1, 1, 1, 1, 1, 1, 1, 2, 2, 3, 4, 6, 8, 12, 17, 22, 27, 33, 40, 49, 60, 71, 88, 105, 122, 141, 163, 186, 208, 231, 257, 282, 312, 328, 337, 348, 356, 366, 381, 392, 400, 407, 417, 424, 428, 433, 437, 440, 443, 444, 445, 448]

INFO: Total Population: 568140
INFO: R0: 2
INFO: Incubation Period: 5
INFO: Illness Period: 12
X:[0, 1, 2, 3, 4, 5, 6, 7, 8, 9, 10, 11, 12, 13, 14, 15, 16, 17, 18, 19, 20, 21, 22, 23, 24, 25, 26, 27, 28, 29, 30, 31, 32, 33, 34, 35, 36, 37, 38, 39, 40, 41, 42, 43, 44, 45, 46, 47, 48, 49, 50, 51, 52]
YNEW:[1, 0, 0, 0, 0, 0, 0, 0, 1, 0, 1, 1, 2, 2, 4, 5, 5, 5, 6, 7, 9, 11, 11, 17, 17, 17, 19, 22, 23, 22, 23, 26, 25, 30, 11, 15, 11, 10, 6, 7, 8, 9, 7, 8, 7, 4, 2, 2, 2, 5, 1, 1]
YTOT: [1, 1, 1, 1, 1, 1, 1, 1, 2, 2, 3, 4, 6, 8, 12, 17, 22, 27, 33, 40, 49, 60, 71, 88, 105, 122, 141, 163, 186, 208, 231, 257, 282, 312, 323, 338, 349, 359, 365, 372, 380, 389, 396, 404, 411, 415, 417, 419, 421, 426, 427, 428]

INFO: Total Population: 568140
INFO: R0: 2
INFO: Incubation Period: 5
INFO: Illness Period: 12
X:[0, 1, 2, 3, 4, 5, 6, 7, 8, 9, 10, 11, 12, 13, 14, 15, 16, 17, 18, 19, 20, 21, 22, 23, 24, 25, 26, 27, 28, 29, 30, 31, 32, 33, 34, 35, 36, 37, 38, 39, 40, 41, 42, 43, 44, 45, 46, 47, 48, 49, 50, 51, 52]
YNEW:[1, 0, 0, 0, 0, 0, 0, 0, 1, 0, 1, 1, 2, 2, 4, 5, 5, 5, 6, 7, 9, 11, 11, 17, 17, 17, 19, 22, 23, 22, 23, 26, 25, 30, 10, 14, 19, 8, 11, 9, 14, 10, 8, 6, 7, 9, 5, 4, 2, 1, 3, 1]
YTOT: [1, 1, 1, 1, 1, 1, 1, 1, 2, 2, 3, 4, 6, 8, 12, 17, 22, 27, 33, 40, 49, 60, 71, 88, 105, 122, 141, 163, 186, 208, 231, 257, 282, 312, 322, 336, 355, 363, 374, 383, 397, 407, 415, 421, 428, 437, 442, 446, 448, 449, 452, 453]

INFO: Total Population: 568140
INFO: R0: 2
INFO: Incubation Period: 5
INFO: Illness Period: 12
X:[0, 1, 2, 3, 4, 5, 6, 7, 8, 9, 10, 11, 12, 13, 14, 15, 16, 17, 18, 19, 20, 21, 22, 23, 24, 25, 26, 27, 28, 29, 30, 31, 32, 33, 34, 35, 36, 37, 38, 39, 40, 41, 42, 43, 44, 45, 46, 47, 48, 49, 50, 51, 52, 53, 54, 55]
YNEW:[1, 0, 0, 0, 0, 0, 0, 0, 1, 0, 1, 1, 2, 2, 4, 5, 5, 5, 6, 7, 9, 11, 11, 17, 17, 17, 19, 22, 23, 22, 23, 26, 25, 30, 10, 10, 11, 11, 9, 10, 7, 4, 8, 9, 9, 4, 2, 3, 4, 1, 2, 3, 1, 1, 1]
YTOT: [1, 1, 1, 1, 1, 1, 1, 1, 2, 2, 3, 4, 6, 8, 12, 17, 22, 27, 33, 40, 49, 60, 71, 88, 105, 122, 141, 163, 186, 208, 231, 257, 282, 312, 322, 332, 343, 354, 363, 373, 380, 384, 392, 401, 410, 414, 416, 419, 423, 424, 426, 429, 430, 431, 432]

INFO: Total Population: 568140
INFO: R0: 2
INFO: Incubation Period: 5
INFO: Illness Period: 12
X:[0, 1, 2, 3, 4, 5, 6, 7, 8, 9, 10, 11, 12, 13, 14, 15, 16, 17, 18, 19, 20, 21, 22, 23, 24, 25, 26, 27, 28, 29, 30, 31, 32, 33, 34, 35, 36, 37, 38, 39, 40, 41, 42, 43, 44, 45, 46, 47, 48, 49, 50, 51, 52, 53, 54]
YNEW:[1, 0, 0, 0, 0, 0, 0, 0, 1, 0, 1, 1, 2, 2, 4, 5, 5, 5, 6, 7, 9, 11, 11, 17, 17, 17, 19, 22, 23, 22, 23, 26, 25, 30, 7, 13, 11, 9, 9, 11, 7, 11, 5, 5, 5, 3, 3, 2, 1, 1, 2, 1, 1, 1]
YTOT: [1, 1, 1, 1, 1, 1, 1, 1, 2, 2, 3, 4, 6, 8, 12, 17, 22, 27, 33, 40, 49, 60, 71, 88, 105, 122, 141, 163, 186, 208, 231, 257, 282, 312, 319, 332, 343, 352, 361, 372, 379, 390, 395, 400, 405, 408, 411, 413, 414, 415, 417, 418, 419, 420]

INFO: Total Population: 568140
INFO: R0: 2
INFO: Incubation Period: 5
INFO: Illness Period: 12
X:[0, 1, 2, 3, 4, 5, 6, 7, 8, 9, 10, 11, 12, 13, 14, 15, 16, 17, 18, 19, 20, 21, 22, 23, 24, 25, 26, 27, 28, 29, 30, 31, 32, 33, 34, 35, 36, 37, 38, 39, 40, 41, 42, 43, 44, 45, 46, 47, 48, 49, 50, 51, 52, 53]
YNEW:[1, 0, 0, 0, 0, 0, 0, 0, 1, 0, 1, 1, 2, 2, 4, 5, 5, 5, 6, 7, 9, 11, 11, 17, 17, 17, 19, 22, 23, 22, 23, 26, 25, 30, 12, 6, 9, 6, 5, 9, 9, 8, 11, 7, 3, 4, 1, 2, 3, 3, 2, 1, 1]
YTOT: [1, 1, 1, 1, 1, 1, 1, 1, 2, 2, 3, 4, 6, 8, 12, 17, 22, 27, 33, 40, 49, 60, 71, 88, 105, 122, 141, 163, 186, 208, 231, 257, 282, 312, 324, 330, 339, 345, 350, 359, 368, 376, 387, 394, 397, 401, 402, 404, 407, 410, 412, 413, 414]

INFO: Total Population: 568140
INFO: R0: 2
INFO: Incubation Period: 5
INFO: Illness Period: 12
X:[0, 1, 2, 3, 4, 5, 6, 7, 8, 9, 10, 11, 12, 13, 14, 15, 16, 17, 18, 19, 20, 21, 22, 23, 24, 25, 26, 27, 28, 29, 30, 31, 32, 33, 34, 35, 36, 37, 38, 39, 40, 41, 42, 43, 44, 45, 46, 47, 48, 49, 50, 51, 52, 53, 54]
YNEW:[1, 0, 0, 0, 0, 0, 0, 0, 1, 0, 1, 1, 2, 2, 4, 5, 5, 5, 6, 7, 9, 11, 11, 17, 17, 17, 19, 22, 23, 22, 23, 26, 25, 30, 11, 9, 7, 14, 8, 11, 6, 6, 4, 4, 5, 6, 4, 3, 4, 3, 1, 1, 1, 1]
YTOT: [1, 1, 1, 1, 1, 1, 1, 1, 2, 2, 3, 4, 6, 8, 12, 17, 22, 27, 33, 40, 49, 60, 71, 88, 105, 122, 141, 163, 186, 208, 231, 257, 282, 312, 323, 332, 339, 353, 361, 372, 378, 384, 388, 392, 397, 403, 407, 410, 414, 417, 418, 419, 420, 421]

INFO: Total Population: 568140
INFO: R0: 2
INFO: Incubation Period: 5
INFO: Illness Period: 12
X:[0, 1, 2, 3, 4, 5, 6, 7, 8, 9, 10, 11, 12, 13, 14, 15, 16, 17, 18, 19, 20, 21, 22, 23, 24, 25, 26, 27, 28, 29, 30, 31, 32, 33, 34, 35, 36, 37, 38, 39, 40, 41, 42, 43, 44, 45, 46, 47, 48, 49, 50, 51, 52]
YNEW:[1, 0, 0, 0, 0, 0, 0, 0, 1, 0, 1, 1, 2, 2, 4, 5, 5, 5, 6, 7, 9, 11, 11, 17, 17, 17, 19, 22, 23, 22, 23, 26, 25, 30, 14, 11, 3, 11, 6, 6, 12, 9, 10, 4, 4, 4, 1, 1, 1, 3, 2, 1]
YTOT: [1, 1, 1, 1, 1, 1, 1, 1, 2, 2, 3, 4, 6, 8, 12, 17, 22, 27, 33, 40, 49, 60, 71, 88, 105, 122, 141, 163, 186, 208, 231, 257, 282, 312, 326, 337, 340, 351, 357, 363, 375, 384, 394, 398, 402, 406, 407, 408, 409, 412, 414, 415]

INFO: Total Population: 568140
INFO: R0: 2
INFO: Incubation Period: 5
INFO: Illness Period: 12
X:[0, 1, 2, 3, 4, 5, 6, 7, 8, 9, 10, 11, 12, 13, 14, 15, 16, 17, 18, 19, 20, 21, 22, 23, 24, 25, 26, 27, 28, 29, 30, 31, 32, 33, 34, 35, 36, 37, 38, 39, 40, 41, 42, 43, 44, 45, 46, 47, 48, 49, 50, 51, 52]
YNEW:[1, 0, 0, 0, 0, 0, 0, 0, 1, 0, 1, 1, 2, 2, 4, 5, 5, 5, 6, 7, 9, 11, 11, 17, 17, 17, 19, 22, 23, 22, 23, 26, 25, 30, 12, 14, 10, 7, 7, 6, 12, 11, 6, 3, 5, 5, 4, 1, 1, 1, 4, 1]
YTOT: [1, 1, 1, 1, 1, 1, 1, 1, 2, 2, 3, 4, 6, 8, 12, 17, 22, 27, 33, 40, 49, 60, 71, 88, 105, 122, 141, 163, 186, 208, 231, 257, 282, 312, 324, 338, 348, 355, 362, 368, 380, 391, 397, 400, 405, 410, 414, 415, 416, 417, 421, 422]

INFO: Total Population: 568140
INFO: R0: 2
INFO: Incubation Period: 5
INFO: Illness Period: 12
X:[0, 1, 2, 3, 4, 5, 6, 7, 8, 9, 10, 11, 12, 13, 14, 15, 16, 17, 18, 19, 20, 21, 22, 23, 24, 25, 26, 27, 28, 29, 30, 31, 32, 33, 34, 35, 36, 37, 38, 39, 40, 41, 42, 43, 44, 45, 46, 47, 48, 49, 50, 51, 52]
YNEW:[1, 0, 0, 0, 0, 0, 0, 0, 1, 0, 1, 1, 2, 2, 4, 5, 5, 5, 6, 7, 9, 11, 11, 17, 17, 17, 19, 22, 23, 22, 23, 26, 25, 30, 14, 14, 7, 9, 11, 9, 11, 6, 7, 7, 9, 6, 2, 3, 2, 1, 2, 4]
YTOT: [1, 1, 1, 1, 1, 1, 1, 1, 2, 2, 3, 4, 6, 8, 12, 17, 22, 27, 33, 40, 49, 60, 71, 88, 105, 122, 141, 163, 186, 208, 231, 257, 282, 312, 326, 340, 347, 356, 367, 376, 387, 393, 400, 407, 416, 422, 424, 427, 429, 430, 432, 436]

INFO: Total Population: 568140
INFO: R0: 2
INFO: Incubation Period: 5
INFO: Illness Period: 12
X:[0, 1, 2, 3, 4, 5, 6, 7, 8, 9, 10, 11, 12, 13, 14, 15, 16, 17, 18, 19, 20, 21, 22, 23, 24, 25, 26, 27, 28, 29, 30, 31, 32, 33, 34, 35, 36, 37, 38, 39, 40, 41, 42, 43, 44, 45, 46, 47, 48, 49, 50, 51, 52]
YNEW:[1, 0, 0, 0, 0, 0, 0, 0, 1, 0, 1, 1, 2, 2, 4, 5, 5, 5, 6, 7, 9, 11, 11, 17, 17, 17, 19, 22, 23, 22, 23, 26, 25, 30, 11, 10, 14, 11, 14, 8, 8, 7, 2, 3, 12, 9, 1, 5, 2, 4, 3, 1]
YTOT: [1, 1, 1, 1, 1, 1, 1, 1, 2, 2, 3, 4, 6, 8, 12, 17, 22, 27, 33, 40, 49, 60, 71, 88, 105, 122, 141, 163, 186, 208, 231, 257, 282, 312, 323, 333, 347, 358, 372, 380, 388, 395, 397, 400, 412, 421, 422, 427, 429, 433, 436, 437]

INFO: Total Population: 568140
INFO: R0: 2
INFO: Incubation Period: 5
INFO: Illness Period: 12
X:[0, 1, 2, 3, 4, 5, 6, 7, 8, 9, 10, 11, 12, 13, 14, 15, 16, 17, 18, 19, 20, 21, 22, 23, 24, 25, 26, 27, 28, 29, 30, 31, 32, 33, 34, 35, 36, 37, 38, 39, 40, 41, 42, 43, 44, 45, 46, 47, 48, 49, 50, 51, 52, 53, 54]
YNEW:[1, 0, 0, 0, 0, 0, 0, 0, 1, 0, 1, 1, 2, 2, 4, 5, 5, 5, 6, 7, 9, 11, 11, 17, 17, 17, 19, 22, 23, 22, 23, 26, 25, 30, 12, 13, 12, 14, 7, 8, 15, 10, 2, 5, 7, 4, 3, 3, 2, 4, 3, 1, 1, 1]
YTOT: [1, 1, 1, 1, 1, 1, 1, 1, 2, 2, 3, 4, 6, 8, 12, 17, 22, 27, 33, 40, 49, 60, 71, 88, 105, 122, 141, 163, 186, 208, 231, 257, 282, 312, 324, 337, 349, 363, 370, 378, 393, 403, 405, 410, 417, 421, 424, 427, 429, 433, 436, 437, 438, 439]

INFO: Total Population: 568140
INFO: R0: 2
INFO: Incubation Period: 5
INFO: Illness Period: 12
X:[0, 1, 2, 3, 4, 5, 6, 7, 8, 9, 10, 11, 12, 13, 14, 15, 16, 17, 18, 19, 20, 21, 22, 23, 24, 25, 26, 27, 28, 29, 30, 31, 32, 33, 34, 35, 36, 37, 38, 39, 40, 41, 42, 43, 44, 45, 46, 47, 48]
YNEW:[1, 0, 0, 0, 0, 0, 0, 0, 1, 0, 1, 1, 2, 2, 4, 5, 5, 5, 6, 7, 9, 11, 11, 17, 17, 17, 19, 22, 23, 22, 23, 26, 25, 30, 12, 8, 4, 19, 6, 12, 8, 8, 5, 6, 1, 2, 4, 2]
YTOT: [1, 1, 1, 1, 1, 1, 1, 1, 2, 2, 3, 4, 6, 8, 12, 17, 22, 27, 33, 40, 49, 60, 71, 88, 105, 122, 141, 163, 186, 208, 231, 257, 282, 312, 324, 332, 336, 355, 361, 373, 381, 389, 394, 400, 401, 403, 407, 409]

INFO: Total Population: 568140
INFO: R0: 2
INFO: Incubation Period: 5
INFO: Illness Period: 12
X:[0, 1, 2, 3, 4, 5, 6, 7, 8, 9, 10, 11, 12, 13, 14, 15, 16, 17, 18, 19, 20, 21, 22, 23, 24, 25, 26, 27, 28, 29, 30, 31, 32, 33, 34, 35, 36, 37, 38, 39, 40, 41, 42, 43, 44, 45, 46, 47, 48, 49, 50, 51, 52]
YNEW:[1, 0, 0, 0, 0, 0, 0, 0, 1, 0, 1, 1, 2, 2, 4, 5, 5, 5, 6, 7, 9, 11, 11, 17, 17, 17, 19, 22, 23, 22, 23, 26, 25, 30, 12, 7, 17, 11, 4, 8, 4, 7, 9, 10, 8, 1, 1, 7, 2, 4, 2, 1]
YTOT: [1, 1, 1, 1, 1, 1, 1, 1, 2, 2, 3, 4, 6, 8, 12, 17, 22, 27, 33, 40, 49, 60, 71, 88, 105, 122, 141, 163, 186, 208, 231, 257, 282, 312, 324, 331, 348, 359, 363, 371, 375, 382, 391, 401, 409, 410, 411, 418, 420, 424, 426, 427]

INFO: Total Population: 568140
INFO: R0: 2
INFO: Incubation Period: 5
INFO: Illness Period: 12
X:[0, 1, 2, 3, 4, 5, 6, 7, 8, 9, 10, 11, 12, 13, 14, 15, 16, 17, 18, 19, 20, 21, 22, 23, 24, 25, 26, 27, 28, 29, 30, 31, 32, 33, 34, 35, 36, 37, 38, 39, 40, 41, 42, 43, 44, 45, 46, 47, 48, 49, 50, 51, 52, 53, 54]
YNEW:[1, 0, 0, 0, 0, 0, 0, 0, 1, 0, 1, 1, 2, 2, 4, 5, 5, 5, 6, 7, 9, 11, 11, 17, 17, 17, 19, 22, 23, 22, 23, 26, 25, 30, 7, 13, 10, 15, 1, 10, 11, 8, 8, 12, 3, 3, 2, 3, 1, 1, 3, 1, 1, 1]
YTOT: [1, 1, 1, 1, 1, 1, 1, 1, 2, 2, 3, 4, 6, 8, 12, 17, 22, 27, 33, 40, 49, 60, 71, 88, 105, 122, 141, 163, 186, 208, 231, 257, 282, 312, 319, 332, 342, 357, 358, 368, 379, 387, 395, 407, 410, 413, 415, 418, 419, 420, 423, 424, 425, 426]

INFO: Total Population: 568140
INFO: R0: 2
INFO: Incubation Period: 5
INFO: Illness Period: 12
X:[0, 1, 2, 3, 4, 5, 6, 7, 8, 9, 10, 11, 12, 13, 14, 15, 16, 17, 18, 19, 20, 21, 22, 23, 24, 25, 26, 27, 28, 29, 30, 31, 32, 33, 34, 35, 36, 37, 38, 39, 40, 41, 42, 43, 44, 45, 46, 47, 48, 49, 50, 51, 52]
YNEW:[1, 0, 0, 0, 0, 0, 0, 0, 1, 0, 1, 1, 2, 2, 4, 5, 5, 5, 6, 7, 9, 11, 11, 17, 17, 17, 19, 22, 23, 22, 23, 26, 25, 30, 8, 6, 10, 9, 6, 8, 11, 11, 7, 3, 7, 3, 3, 3, 1, 1, 2, 3]
YTOT: [1, 1, 1, 1, 1, 1, 1, 1, 2, 2, 3, 4, 6, 8, 12, 17, 22, 27, 33, 40, 49, 60, 71, 88, 105, 122, 141, 163, 186, 208, 231, 257, 282, 312, 320, 326, 336, 345, 351, 359, 370, 381, 388, 391, 398, 401, 404, 407, 408, 409, 411, 414]

INFO: Total Population: 568140
INFO: R0: 2
INFO: Incubation Period: 5
INFO: Illness Period: 12
X:[0, 1, 2, 3, 4, 5, 6, 7, 8, 9, 10, 11, 12, 13, 14, 15, 16, 17, 18, 19, 20, 21, 22, 23, 24, 25, 26, 27, 28, 29, 30, 31, 32, 33, 34, 35, 36, 37, 38, 39, 40, 41, 42, 43, 44, 45, 46, 47, 48, 49, 50, 51, 52]
YNEW:[1, 0, 0, 0, 0, 0, 0, 0, 1, 0, 1, 1, 2, 2, 4, 5, 5, 5, 6, 7, 9, 11, 11, 17, 17, 17, 19, 22, 23, 22, 23, 26, 25, 30, 18, 13, 9, 12, 8, 10, 8, 8, 13, 4, 3, 3, 5, 3, 6, 1, 1, 1]
YTOT: [1, 1, 1, 1, 1, 1, 1, 1, 2, 2, 3, 4, 6, 8, 12, 17, 22, 27, 33, 40, 49, 60, 71, 88, 105, 122, 141, 163, 186, 208, 231, 257, 282, 312, 330, 343, 352, 364, 372, 382, 390, 398, 411, 415, 418, 421, 426, 429, 435, 436, 437, 438]

INFO: Total Population: 568140
INFO: R0: 2
INFO: Incubation Period: 5
INFO: Illness Period: 12
X:[0, 1, 2, 3, 4, 5, 6, 7, 8, 9, 10, 11, 12, 13, 14, 15, 16, 17, 18, 19, 20, 21, 22, 23, 24, 25, 26, 27, 28, 29, 30, 31, 32, 33, 34, 35, 36, 37, 38, 39, 40, 41, 42, 43, 44, 45, 46, 47, 48, 49, 50]
YNEW:[1, 0, 0, 0, 0, 0, 0, 0, 1, 0, 1, 1, 2, 2, 4, 5, 5, 5, 6, 7, 9, 11, 11, 17, 17, 17, 19, 22, 23, 22, 23, 26, 25, 30, 12, 15, 13, 7, 7, 13, 10, 2, 16, 11, 10, 7, 5, 1, 1, 1]
YTOT: [1, 1, 1, 1, 1, 1, 1, 1, 2, 2, 3, 4, 6, 8, 12, 17, 22, 27, 33, 40, 49, 60, 71, 88, 105, 122, 141, 163, 186, 208, 231, 257, 282, 312, 324, 339, 352, 359, 366, 379, 389, 391, 407, 418, 428, 435, 440, 441, 442, 443]

INFO: Total Population: 568140
INFO: R0: 2
INFO: Incubation Period: 5
INFO: Illness Period: 12
X:[0, 1, 2, 3, 4, 5, 6, 7, 8, 9, 10, 11, 12, 13, 14, 15, 16, 17, 18, 19, 20, 21, 22, 23, 24, 25, 26, 27, 28, 29, 30, 31, 32, 33, 34, 35, 36, 37, 38, 39, 40, 41, 42, 43, 44, 45, 46, 47, 48, 49, 50]
YNEW:[1, 0, 0, 0, 0, 0, 0, 0, 1, 0, 1, 1, 2, 2, 4, 5, 5, 5, 6, 7, 9, 11, 11, 17, 17, 17, 19, 22, 23, 22, 23, 26, 25, 30, 10, 19, 7, 9, 9, 6, 8, 7, 11, 5, 11, 5, 4, 5, 1, 5]
YTOT: [1, 1, 1, 1, 1, 1, 1, 1, 2, 2, 3, 4, 6, 8, 12, 17, 22, 27, 33, 40, 49, 60, 71, 88, 105, 122, 141, 163, 186, 208, 231, 257, 282, 312, 322, 341, 348, 357, 366, 372, 380, 387, 398, 403, 414, 419, 423, 428, 429, 434]

INFO: Total Population: 568140
INFO: R0: 2
INFO: Incubation Period: 5
INFO: Illness Period: 12
X:[0, 1, 2, 3, 4, 5, 6, 7, 8, 9, 10, 11, 12, 13, 14, 15, 16, 17, 18, 19, 20, 21, 22, 23, 24, 25, 26, 27, 28, 29, 30, 31, 32, 33, 34, 35, 36, 37, 38, 39, 40, 41, 42, 43, 44, 45, 46, 47, 48, 49, 50, 51]
YNEW:[1, 0, 0, 0, 0, 0, 0, 0, 1, 0, 1, 1, 2, 2, 4, 5, 5, 5, 6, 7, 9, 11, 11, 17, 17, 17, 19, 22, 23, 22, 23, 26, 25, 30, 14, 9, 11, 6, 8, 4, 9, 14, 10, 5, 3, 4, 2, 4, 4, 2, 1]
YTOT: [1, 1, 1, 1, 1, 1, 1, 1, 2, 2, 3, 4, 6, 8, 12, 17, 22, 27, 33, 40, 49, 60, 71, 88, 105, 122, 141, 163, 186, 208, 231, 257, 282, 312, 326, 335, 346, 352, 360, 364, 373, 387, 397, 402, 405, 409, 411, 415, 419, 421, 422]

INFO: Total Population: 568140
INFO: R0: 2
INFO: Incubation Period: 5
INFO: Illness Period: 12
X:[0, 1, 2, 3, 4, 5, 6, 7, 8, 9, 10, 11, 12, 13, 14, 15, 16, 17, 18, 19, 20, 21, 22, 23, 24, 25, 26, 27, 28, 29, 30, 31, 32, 33, 34, 35, 36, 37, 38, 39, 40, 41, 42, 43, 44, 45, 46, 47, 48, 49, 50, 51, 52]
YNEW:[1, 0, 0, 0, 0, 0, 0, 0, 1, 0, 1, 1, 2, 2, 4, 5, 5, 5, 6, 7, 9, 11, 11, 17, 17, 17, 19, 22, 23, 22, 23, 26, 25, 30, 10, 14, 15, 8, 9, 9, 6, 7, 7, 6, 6, 4, 5, 1, 4, 4, 4, 2]
YTOT: [1, 1, 1, 1, 1, 1, 1, 1, 2, 2, 3, 4, 6, 8, 12, 17, 22, 27, 33, 40, 49, 60, 71, 88, 105, 122, 141, 163, 186, 208, 231, 257, 282, 312, 322, 336, 351, 359, 368, 377, 383, 390, 397, 403, 409, 413, 418, 419, 423, 427, 431, 433]

INFO: Total Population: 568140
INFO: R0: 2
INFO: Incubation Period: 5
INFO: Illness Period: 12
X:[0, 1, 2, 3, 4, 5, 6, 7, 8, 9, 10, 11, 12, 13, 14, 15, 16, 17, 18, 19, 20, 21, 22, 23, 24, 25, 26, 27, 28, 29, 30, 31, 32, 33, 34, 35, 36, 37, 38, 39, 40, 41, 42, 43, 44, 45, 46, 47, 48, 49, 50, 51, 52, 53]
YNEW:[1, 0, 0, 0, 0, 0, 0, 0, 1, 0, 1, 1, 2, 2, 4, 5, 5, 5, 6, 7, 9, 11, 11, 17, 17, 17, 19, 22, 23, 22, 23, 26, 25, 30, 14, 13, 8, 7, 12, 5, 14, 5, 11, 8, 5, 5, 2, 2, 2, 3, 1, 2, 1]
YTOT: [1, 1, 1, 1, 1, 1, 1, 1, 2, 2, 3, 4, 6, 8, 12, 17, 22, 27, 33, 40, 49, 60, 71, 88, 105, 122, 141, 163, 186, 208, 231, 257, 282, 312, 326, 339, 347, 354, 366, 371, 385, 390, 401, 409, 414, 419, 421, 423, 425, 428, 429, 431, 432]

INFO: Total Population: 568140
INFO: R0: 2
INFO: Incubation Period: 5
INFO: Illness Period: 12
X:[0, 1, 2, 3, 4, 5, 6, 7, 8, 9, 10, 11, 12, 13, 14, 15, 16, 17, 18, 19, 20, 21, 22, 23, 24, 25, 26, 27, 28, 29, 30, 31, 32, 33, 34, 35, 36, 37, 38, 39, 40, 41, 42, 43, 44, 45, 46, 47, 48, 49, 50, 51, 52, 53]
YNEW:[1, 0, 0, 0, 0, 0, 0, 0, 1, 0, 1, 1, 2, 2, 4, 5, 5, 5, 6, 7, 9, 11, 11, 17, 17, 17, 19, 22, 23, 22, 23, 26, 25, 30, 9, 10, 6, 13, 12, 11, 9, 6, 8, 6, 5, 5, 6, 1, 2, 4, 1, 2, 3]
YTOT: [1, 1, 1, 1, 1, 1, 1, 1, 2, 2, 3, 4, 6, 8, 12, 17, 22, 27, 33, 40, 49, 60, 71, 88, 105, 122, 141, 163, 186, 208, 231, 257, 282, 312, 321, 331, 337, 350, 362, 373, 382, 388, 396, 402, 407, 412, 418, 419, 421, 425, 426, 428, 431]

INFO: Total Population: 568140
INFO: R0: 2
INFO: Incubation Period: 5
INFO: Illness Period: 12
X:[0, 1, 2, 3, 4, 5, 6, 7, 8, 9, 10, 11, 12, 13, 14, 15, 16, 17, 18, 19, 20, 21, 22, 23, 24, 25, 26, 27, 28, 29, 30, 31, 32, 33, 34, 35, 36, 37, 38, 39, 40, 41, 42, 43, 44, 45, 46, 47, 48, 49, 50, 51, 52, 53]
YNEW:[1, 0, 0, 0, 0, 0, 0, 0, 1, 0, 1, 1, 2, 2, 4, 5, 5, 5, 6, 7, 9, 11, 11, 17, 17, 17, 19, 22, 23, 22, 23, 26, 25, 30, 11, 12, 11, 5, 6, 6, 12, 6, 8, 5, 2, 5, 1, 2, 2, 2, 1, 1, 1]
YTOT: [1, 1, 1, 1, 1, 1, 1, 1, 2, 2, 3, 4, 6, 8, 12, 17, 22, 27, 33, 40, 49, 60, 71, 88, 105, 122, 141, 163, 186, 208, 231, 257, 282, 312, 323, 335, 346, 351, 357, 363, 375, 381, 389, 394, 396, 401, 402, 404, 406, 408, 409, 410, 411]

INFO: Total Population: 568140
INFO: R0: 2
INFO: Incubation Period: 5
INFO: Illness Period: 12
X:[0, 1, 2, 3, 4, 5, 6, 7, 8, 9, 10, 11, 12, 13, 14, 15, 16, 17, 18, 19, 20, 21, 22, 23, 24, 25, 26, 27, 28, 29, 30, 31, 32, 33, 34, 35, 36, 37, 38, 39, 40, 41, 42, 43, 44, 45, 46, 47, 48, 49, 50, 51, 52, 53]
YNEW:[1, 0, 0, 0, 0, 0, 0, 0, 1, 0, 1, 1, 2, 2, 4, 5, 5, 5, 6, 7, 9, 11, 11, 17, 17, 17, 19, 22, 23, 22, 23, 26, 25, 30, 11, 18, 9, 8, 10, 7, 7, 8, 12, 4, 8, 3, 6, 3, 3, 2, 3, 2, 1]
YTOT: [1, 1, 1, 1, 1, 1, 1, 1, 2, 2, 3, 4, 6, 8, 12, 17, 22, 27, 33, 40, 49, 60, 71, 88, 105, 122, 141, 163, 186, 208, 231, 257, 282, 312, 323, 341, 350, 358, 368, 375, 382, 390, 402, 406, 414, 417, 423, 426, 429, 431, 434, 436, 437]

INFO: Total Population: 568140
INFO: R0: 2
INFO: Incubation Period: 5
INFO: Illness Period: 12
X:[0, 1, 2, 3, 4, 5, 6, 7, 8, 9, 10, 11, 12, 13, 14, 15, 16, 17, 18, 19, 20, 21, 22, 23, 24, 25, 26, 27, 28, 29, 30, 31, 32, 33, 34, 35, 36, 37, 38, 39, 40, 41, 42, 43, 44, 45, 46, 47, 48, 49, 50, 51, 52, 53]
YNEW:[1, 0, 0, 0, 0, 0, 0, 0, 1, 0, 1, 1, 2, 2, 4, 5, 5, 5, 6, 7, 9, 11, 11, 17, 17, 17, 19, 22, 23, 22, 23, 26, 25, 30, 13, 10, 11, 13, 6, 8, 10, 8, 8, 7, 10, 4, 1, 2, 1, 1, 1, 1, 1]
YTOT: [1, 1, 1, 1, 1, 1, 1, 1, 2, 2, 3, 4, 6, 8, 12, 17, 22, 27, 33, 40, 49, 60, 71, 88, 105, 122, 141, 163, 186, 208, 231, 257, 282, 312, 325, 335, 346, 359, 365, 373, 383, 391, 399, 406, 416, 420, 421, 423, 424, 425, 426, 427, 428]

INFO: Total Population: 568140
INFO: R0: 2
INFO: Incubation Period: 5
INFO: Illness Period: 12
X:[0, 1, 2, 3, 4, 5, 6, 7, 8, 9, 10, 11, 12, 13, 14, 15, 16, 17, 18, 19, 20, 21, 22, 23, 24, 25, 26, 27, 28, 29, 30, 31, 32, 33, 34, 35, 36, 37, 38, 39, 40, 41, 42, 43, 44, 45, 46, 47, 48, 49, 50, 51, 52]
YNEW:[1, 0, 0, 0, 0, 0, 0, 0, 1, 0, 1, 1, 2, 2, 4, 5, 5, 5, 6, 7, 9, 11, 11, 17, 17, 17, 19, 22, 23, 22, 23, 26, 25, 30, 9, 15, 20, 7, 6, 3, 11, 14, 13, 9, 4, 3, 4, 1, 1, 4, 2, 1]
YTOT: [1, 1, 1, 1, 1, 1, 1, 1, 2, 2, 3, 4, 6, 8, 12, 17, 22, 27, 33, 40, 49, 60, 71, 88, 105, 122, 141, 163, 186, 208, 231, 257, 282, 312, 321, 336, 356, 363, 369, 372, 383, 397, 410, 419, 423, 426, 430, 431, 432, 436, 438, 439]

INFO: Total Population: 568140
INFO: R0: 2
INFO: Incubation Period: 5
INFO: Illness Period: 12
X:[0, 1, 2, 3, 4, 5, 6, 7, 8, 9, 10, 11, 12, 13, 14, 15, 16, 17, 18, 19, 20, 21, 22, 23, 24, 25, 26, 27, 28, 29, 30, 31, 32, 33, 34, 35, 36, 37, 38, 39, 40, 41, 42, 43, 44, 45, 46, 47, 48, 49, 50]
YNEW:[1, 0, 0, 0, 0, 0, 0, 0, 1, 0, 1, 1, 2, 2, 4, 5, 5, 5, 6, 7, 9, 11, 11, 17, 17, 17, 19, 22, 23, 22, 23, 26, 25, 30, 8, 12, 6, 10, 7, 4, 11, 5, 10, 8, 4, 7, 4, 3, 3, 1]
YTOT: [1, 1, 1, 1, 1, 1, 1, 1, 2, 2, 3, 4, 6, 8, 12, 17, 22, 27, 33, 40, 49, 60, 71, 88, 105, 122, 141, 163, 186, 208, 231, 257, 282, 312, 320, 332, 338, 348, 355, 359, 370, 375, 385, 393, 397, 404, 408, 411, 414, 415]

INFO: Total Population: 568140
INFO: R0: 2
INFO: Incubation Period: 5
INFO: Illness Period: 12
X:[0, 1, 2, 3, 4, 5, 6, 7, 8, 9, 10, 11, 12, 13, 14, 15, 16, 17, 18, 19, 20, 21, 22, 23, 24, 25, 26, 27, 28, 29, 30, 31, 32, 33, 34, 35, 36, 37, 38, 39, 40, 41, 42, 43, 44, 45, 46, 47, 48, 49, 50, 51, 52, 53]
YNEW:[1, 0, 0, 0, 0, 0, 0, 0, 1, 0, 1, 1, 2, 2, 4, 5, 5, 5, 6, 7, 9, 11, 11, 17, 17, 17, 19, 22, 23, 22, 23, 26, 25, 30, 12, 12, 13, 7, 6, 8, 3, 14, 10, 7, 8, 1, 1, 1, 1, 1, 3, 2, 1]
YTOT: [1, 1, 1, 1, 1, 1, 1, 1, 2, 2, 3, 4, 6, 8, 12, 17, 22, 27, 33, 40, 49, 60, 71, 88, 105, 122, 141, 163, 186, 208, 231, 257, 282, 312, 324, 336, 349, 356, 362, 370, 373, 387, 397, 404, 412, 413, 414, 415, 416, 417, 420, 422, 423]

INFO: Total Population: 568140
INFO: R0: 2
INFO: Incubation Period: 5
INFO: Illness Period: 12
X:[0, 1, 2, 3, 4, 5, 6, 7, 8, 9, 10, 11, 12, 13, 14, 15, 16, 17, 18, 19, 20, 21, 22, 23, 24, 25, 26, 27, 28, 29, 30, 31, 32, 33, 34, 35, 36, 37, 38, 39, 40, 41, 42, 43, 44, 45, 46, 47, 48, 49, 50, 51, 52, 53]
YNEW:[1, 0, 0, 0, 0, 0, 0, 0, 1, 0, 1, 1, 2, 2, 4, 5, 5, 5, 6, 7, 9, 11, 11, 17, 17, 17, 19, 22, 23, 22, 23, 26, 25, 30, 14, 13, 8, 10, 8, 11, 8, 6, 13, 11, 8, 6, 7, 2, 2, 2, 1, 2, 2]
YTOT: [1, 1, 1, 1, 1, 1, 1, 1, 2, 2, 3, 4, 6, 8, 12, 17, 22, 27, 33, 40, 49, 60, 71, 88, 105, 122, 141, 163, 186, 208, 231, 257, 282, 312, 326, 339, 347, 357, 365, 376, 384, 390, 403, 414, 422, 428, 435, 437, 439, 441, 442, 444, 446]

INFO: Total Population: 568140
INFO: R0: 2
INFO: Incubation Period: 5
INFO: Illness Period: 12
X:[0, 1, 2, 3, 4, 5, 6, 7, 8, 9, 10, 11, 12, 13, 14, 15, 16, 17, 18, 19, 20, 21, 22, 23, 24, 25, 26, 27, 28, 29, 30, 31, 32, 33, 34, 35, 36, 37, 38, 39, 40, 41, 42, 43, 44, 45, 46, 47, 48, 49, 50, 51, 52, 53]
YNEW:[1, 0, 0, 0, 0, 0, 0, 0, 1, 0, 1, 1, 2, 2, 4, 5, 5, 5, 6, 7, 9, 11, 11, 17, 17, 17, 19, 22, 23, 22, 23, 26, 25, 30, 8, 7, 20, 12, 5, 5, 11, 5, 11, 4, 8, 6, 5, 1, 2, 1, 1, 2, 1]
YTOT: [1, 1, 1, 1, 1, 1, 1, 1, 2, 2, 3, 4, 6, 8, 12, 17, 22, 27, 33, 40, 49, 60, 71, 88, 105, 122, 141, 163, 186, 208, 231, 257, 282, 312, 320, 327, 347, 359, 364, 369, 380, 385, 396, 400, 408, 414, 419, 420, 422, 423, 424, 426, 427]

INFO: Total Population: 568140
INFO: R0: 2
INFO: Incubation Period: 5
INFO: Illness Period: 12
X:[0, 1, 2, 3, 4, 5, 6, 7, 8, 9, 10, 11, 12, 13, 14, 15, 16, 17, 18, 19, 20, 21, 22, 23, 24, 25, 26, 27, 28, 29, 30, 31, 32, 33, 34, 35, 36, 37, 38, 39, 40, 41, 42, 43, 44, 45, 46, 47, 48, 49, 50, 51, 52, 53, 54]
YNEW:[1, 0, 0, 0, 0, 0, 0, 0, 1, 0, 1, 1, 2, 2, 4, 5, 5, 5, 6, 7, 9, 11, 11, 17, 17, 17, 19, 22, 23, 22, 23, 26, 25, 30, 6, 15, 5, 11, 12, 9, 9, 7, 9, 7, 7, 2, 3, 3, 2, 2, 2, 1, 1, 1]
YTOT: [1, 1, 1, 1, 1, 1, 1, 1, 2, 2, 3, 4, 6, 8, 12, 17, 22, 27, 33, 40, 49, 60, 71, 88, 105, 122, 141, 163, 186, 208, 231, 257, 282, 312, 318, 333, 338, 349, 361, 370, 379, 386, 395, 402, 409, 411, 414, 417, 419, 421, 423, 424, 425, 426]

INFO: Total Population: 568140
INFO: R0: 2
INFO: Incubation Period: 5
INFO: Illness Period: 12
X:[0, 1, 2, 3, 4, 5, 6, 7, 8, 9, 10, 11, 12, 13, 14, 15, 16, 17, 18, 19, 20, 21, 22, 23, 24, 25, 26, 27, 28, 29, 30, 31, 32, 33, 34, 35, 36, 37, 38, 39, 40, 41, 42, 43, 44, 45, 46, 47, 48, 49, 50, 51, 52, 53]
YNEW:[1, 0, 0, 0, 0, 0, 0, 0, 1, 0, 1, 1, 2, 2, 4, 5, 5, 5, 6, 7, 9, 11, 11, 17, 17, 17, 19, 22, 23, 22, 23, 26, 25, 30, 11, 5, 8, 7, 5, 10, 8, 6, 12, 7, 7, 4, 2, 1, 2, 1, 1, 2, 1]
YTOT: [1, 1, 1, 1, 1, 1, 1, 1, 2, 2, 3, 4, 6, 8, 12, 17, 22, 27, 33, 40, 49, 60, 71, 88, 105, 122, 141, 163, 186, 208, 231, 257, 282, 312, 323, 328, 336, 343, 348, 358, 366, 372, 384, 391, 398, 402, 404, 405, 407, 408, 409, 411, 412]

INFO: Total Population: 568140
INFO: R0: 2
INFO: Incubation Period: 5
INFO: Illness Period: 12
X:[0, 1, 2, 3, 4, 5, 6, 7, 8, 9, 10, 11, 12, 13, 14, 15, 16, 17, 18, 19, 20, 21, 22, 23, 24, 25, 26, 27, 28, 29, 30, 31, 32, 33, 34, 35, 36, 37, 38, 39, 40, 41, 42, 43, 44, 45, 46, 47, 48, 49, 50, 51, 52, 53]
YNEW:[1, 0, 0, 0, 0, 0, 0, 0, 1, 0, 1, 1, 2, 2, 4, 5, 5, 5, 6, 7, 9, 11, 11, 17, 17, 17, 19, 22, 23, 22, 23, 26, 25, 30, 10, 8, 7, 10, 10, 16, 9, 5, 9, 10, 6, 2, 3, 4, 1, 4, 1, 1, 1]
YTOT: [1, 1, 1, 1, 1, 1, 1, 1, 2, 2, 3, 4, 6, 8, 12, 17, 22, 27, 33, 40, 49, 60, 71, 88, 105, 122, 141, 163, 186, 208, 231, 257, 282, 312, 322, 330, 337, 347, 357, 373, 382, 387, 396, 406, 412, 414, 417, 421, 422, 426, 427, 428, 429]

END