

INFO: Total Population: 3302833
INFO: R0: 2
INFO: Incubation Period: 5
INFO: Illness Period: 7
X:[0, 1, 2, 3, 4, 5, 6, 7, 8, 9, 10, 11, 12, 13, 14, 15, 16, 17, 18, 19, 20, 21, 22, 23, 24, 25, 26, 27, 28, 29, 30, 31, 32, 33, 34, 35, 36, 37, 38, 39, 40, 41, 42, 43, 44, 45, 46, 47, 48, 49, 50, 51, 52, 53, 54, 55, 56, 57, 58, 59, 60, 61, 62, 63, 64, 65, 66, 67, 68, 69, 70, 71, 72, 73, 74, 75, 76, 77, 78, 79, 80, 81, 82, 83, 84, 85, 86, 87, 88, 89, 90, 91, 92, 93, 94, 95, 96, 97, 98, 99, 100, 101, 102, 103, 104, 105, 106, 107, 108, 109, 110, 111, 112, 113, 114, 115, 116, 117, 118, 119, 120, 121, 122, 123, 124, 125, 126, 127]
YNEW:[0, 0, 0, 0, 0, 0, 0, 0, 0, 0, 0, 0, 0, 0, 0, 0, 0, 0, 0, 0, 0, 0, 1, 0, 0, 0, 0, 0, 0, 0, 0, 0, 0, 0, 0, 0, 0, 0, 0, 0, 0, 0, 0, 0, 0, 0, 0, 0, 0, 0, 0, 2, 1, 11, 14, 12, 14, 14, 19, 23, 32, 35, 29, 37, 40, 52, 61, 54, 64, 87, 99, 109, 126, 119, 117, 104, 84, 76, 81, 75, 73, 64, 55, 61, 68, 72, 74, 69, 63, 59, 75, 70, 99, 131, 133, 125, 117, 132, 126, 130, 137, 137, 118, 108, 116, 129, 76, 68, 67, 58, 39, 46, 45, 35, 47, 32, 32, 23, 20, 13, 12, 5, 7, 5, 4, 2, 3]
YTOT: [0, 0, 0, 0, 0, 0, 0, 0, 0, 0, 0, 0, 0, 0, 0, 0, 0, 0, 0, 0, 0, 0, 1, 1, 1, 1, 1, 1, 1, 1, 1, 1, 1, 1, 1, 1, 1, 1, 1, 1, 1, 1, 1, 1, 1, 1, 1, 1, 1, 1, 1, 3, 4, 15, 29, 41, 55, 69, 88, 111, 143, 178, 207, 244, 284, 336, 397, 451, 515, 602, 701, 810, 936, 1055, 1172, 1276, 1360, 1436, 1517, 1592, 1665, 1729, 1784, 1845, 1913, 1985, 2059, 2128, 2191, 2250, 2325, 2395, 2494, 2625, 2758, 2883, 3000, 3132, 3258, 3388, 3525, 3662, 3780, 3888, 4004, 4133, 4209, 4277, 4344, 4402, 4441, 4487, 4532, 4567, 4614, 4646, 4678, 4701, 4721, 4734, 4746, 4751, 4758, 4763, 4767, 4769, 4772]

INFO: Total Population: 3302833
INFO: R0: 2
INFO: Incubation Period: 5
INFO: Illness Period: 7
X:[0, 1, 2, 3, 4, 5, 6, 7, 8, 9, 10, 11, 12, 13, 14, 15, 16, 17, 18, 19, 20, 21, 22, 23, 24, 25, 26, 27, 28, 29, 30, 31, 32, 33, 34, 35, 36, 37, 38, 39, 40, 41, 42, 43, 44, 45, 46, 47, 48, 49, 50, 51, 52, 53, 54, 55, 56, 57, 58, 59, 60, 61, 62, 63, 64, 65, 66, 67, 68, 69, 70, 71, 72, 73, 74, 75, 76, 77, 78, 79, 80, 81, 82, 83, 84, 85, 86, 87, 88, 89, 90, 91, 92, 93, 94, 95, 96, 97, 98, 99, 100, 101, 102, 103, 104, 105, 106, 107, 108, 109, 110, 111, 112, 113, 114, 115, 116, 117, 118, 119, 120, 121, 122, 123, 124, 125, 126, 127]
YNEW:[0, 0, 0, 0, 0, 0, 0, 0, 0, 0, 0, 0, 0, 0, 0, 0, 0, 0, 0, 0, 0, 0, 1, 0, 0, 0, 0, 0, 0, 0, 0, 0, 0, 0, 0, 0, 0, 0, 0, 0, 0, 0, 0, 0, 0, 0, 0, 0, 0, 0, 0, 2, 1, 11, 14, 12, 14, 14, 19, 23, 32, 35, 29, 37, 40, 52, 61, 54, 64, 87, 99, 109, 126, 119, 117, 104, 84, 76, 81, 75, 73, 64, 55, 61, 68, 72, 74, 69, 63, 59, 75, 70, 99, 131, 133, 125, 117, 132, 126, 130, 137, 137, 118, 108, 116, 129, 62, 53, 67, 71, 38, 51, 37, 39, 30, 37, 30, 27, 16, 21, 14, 6, 12, 9, 6, 1, 1]
YTOT: [0, 0, 0, 0, 0, 0, 0, 0, 0, 0, 0, 0, 0, 0, 0, 0, 0, 0, 0, 0, 0, 0, 1, 1, 1, 1, 1, 1, 1, 1, 1, 1, 1, 1, 1, 1, 1, 1, 1, 1, 1, 1, 1, 1, 1, 1, 1, 1, 1, 1, 1, 3, 4, 15, 29, 41, 55, 69, 88, 111, 143, 178, 207, 244, 284, 336, 397, 451, 515, 602, 701, 810, 936, 1055, 1172, 1276, 1360, 1436, 1517, 1592, 1665, 1729, 1784, 1845, 1913, 1985, 2059, 2128, 2191, 2250, 2325, 2395, 2494, 2625, 2758, 2883, 3000, 3132, 3258, 3388, 3525, 3662, 3780, 3888, 4004, 4133, 4195, 4248, 4315, 4386, 4424, 4475, 4512, 4551, 4581, 4618, 4648, 4675, 4691, 4712, 4726, 4732, 4744, 4753, 4759, 4760, 4761]

INFO: Total Population: 3302833
INFO: R0: 2
INFO: Incubation Period: 5
INFO: Illness Period: 7
X:[0, 1, 2, 3, 4, 5, 6, 7, 8, 9, 10, 11, 12, 13, 14, 15, 16, 17, 18, 19, 20, 21, 22, 23, 24, 25, 26, 27, 28, 29, 30, 31, 32, 33, 34, 35, 36, 37, 38, 39, 40, 41, 42, 43, 44, 45, 46, 47, 48, 49, 50, 51, 52, 53, 54, 55, 56, 57, 58, 59, 60, 61, 62, 63, 64, 65, 66, 67, 68, 69, 70, 71, 72, 73, 74, 75, 76, 77, 78, 79, 80, 81, 82, 83, 84, 85, 86, 87, 88, 89, 90, 91, 92, 93, 94, 95, 96, 97, 98, 99, 100, 101, 102, 103, 104, 105, 106, 107, 108, 109, 110, 111, 112, 113, 114, 115, 116, 117, 118, 119, 120, 121, 122, 123, 124, 125, 126, 127]
YNEW:[0, 0, 0, 0, 0, 0, 0, 0, 0, 0, 0, 0, 0, 0, 0, 0, 0, 0, 0, 0, 0, 0, 1, 0, 0, 0, 0, 0, 0, 0, 0, 0, 0, 0, 0, 0, 0, 0, 0, 0, 0, 0, 0, 0, 0, 0, 0, 0, 0, 0, 0, 2, 1, 11, 14, 12, 14, 14, 19, 23, 32, 35, 29, 37, 40, 52, 61, 54, 64, 87, 99, 109, 126, 119, 117, 104, 84, 76, 81, 75, 73, 64, 55, 61, 68, 72, 74, 69, 63, 59, 75, 70, 99, 131, 133, 125, 117, 132, 126, 130, 137, 137, 118, 108, 116, 129, 57, 70, 54, 45, 40, 41, 42, 41, 42, 33, 32, 23, 9, 12, 14, 1, 8, 6, 6, 1, 1]
YTOT: [0, 0, 0, 0, 0, 0, 0, 0, 0, 0, 0, 0, 0, 0, 0, 0, 0, 0, 0, 0, 0, 0, 1, 1, 1, 1, 1, 1, 1, 1, 1, 1, 1, 1, 1, 1, 1, 1, 1, 1, 1, 1, 1, 1, 1, 1, 1, 1, 1, 1, 1, 3, 4, 15, 29, 41, 55, 69, 88, 111, 143, 178, 207, 244, 284, 336, 397, 451, 515, 602, 701, 810, 936, 1055, 1172, 1276, 1360, 1436, 1517, 1592, 1665, 1729, 1784, 1845, 1913, 1985, 2059, 2128, 2191, 2250, 2325, 2395, 2494, 2625, 2758, 2883, 3000, 3132, 3258, 3388, 3525, 3662, 3780, 3888, 4004, 4133, 4190, 4260, 4314, 4359, 4399, 4440, 4482, 4523, 4565, 4598, 4630, 4653, 4662, 4674, 4688, 4689, 4697, 4703, 4709, 4710, 4711]

INFO: Total Population: 3302833
INFO: R0: 2
INFO: Incubation Period: 5
INFO: Illness Period: 7
X:[0, 1, 2, 3, 4, 5, 6, 7, 8, 9, 10, 11, 12, 13, 14, 15, 16, 17, 18, 19, 20, 21, 22, 23, 24, 25, 26, 27, 28, 29, 30, 31, 32, 33, 34, 35, 36, 37, 38, 39, 40, 41, 42, 43, 44, 45, 46, 47, 48, 49, 50, 51, 52, 53, 54, 55, 56, 57, 58, 59, 60, 61, 62, 63, 64, 65, 66, 67, 68, 69, 70, 71, 72, 73, 74, 75, 76, 77, 78, 79, 80, 81, 82, 83, 84, 85, 86, 87, 88, 89, 90, 91, 92, 93, 94, 95, 96, 97, 98, 99, 100, 101, 102, 103, 104, 105, 106, 107, 108, 109, 110, 111, 112, 113, 114, 115, 116, 117, 118, 119, 120, 121, 122, 123, 124, 125, 126, 127]
YNEW:[0, 0, 0, 0, 0, 0, 0, 0, 0, 0, 0, 0, 0, 0, 0, 0, 0, 0, 0, 0, 0, 0, 1, 0, 0, 0, 0, 0, 0, 0, 0, 0, 0, 0, 0, 0, 0, 0, 0, 0, 0, 0, 0, 0, 0, 0, 0, 0, 0, 0, 0, 2, 1, 11, 14, 12, 14, 14, 19, 23, 32, 35, 29, 37, 40, 52, 61, 54, 64, 87, 99, 109, 126, 119, 117, 104, 84, 76, 81, 75, 73, 64, 55, 61, 68, 72, 74, 69, 63, 59, 75, 70, 99, 131, 133, 125, 117, 132, 126, 130, 137, 137, 118, 108, 116, 129, 66, 59, 67, 50, 38, 32, 48, 45, 35, 44, 28, 21, 12, 10, 13, 6, 3, 4, 5, 6, 3]
YTOT: [0, 0, 0, 0, 0, 0, 0, 0, 0, 0, 0, 0, 0, 0, 0, 0, 0, 0, 0, 0, 0, 0, 1, 1, 1, 1, 1, 1, 1, 1, 1, 1, 1, 1, 1, 1, 1, 1, 1, 1, 1, 1, 1, 1, 1, 1, 1, 1, 1, 1, 1, 3, 4, 15, 29, 41, 55, 69, 88, 111, 143, 178, 207, 244, 284, 336, 397, 451, 515, 602, 701, 810, 936, 1055, 1172, 1276, 1360, 1436, 1517, 1592, 1665, 1729, 1784, 1845, 1913, 1985, 2059, 2128, 2191, 2250, 2325, 2395, 2494, 2625, 2758, 2883, 3000, 3132, 3258, 3388, 3525, 3662, 3780, 3888, 4004, 4133, 4199, 4258, 4325, 4375, 4413, 4445, 4493, 4538, 4573, 4617, 4645, 4666, 4678, 4688, 4701, 4707, 4710, 4714, 4719, 4725, 4728]

INFO: Total Population: 3302833
INFO: R0: 2
INFO: Incubation Period: 5
INFO: Illness Period: 7
X:[0, 1, 2, 3, 4, 5, 6, 7, 8, 9, 10, 11, 12, 13, 14, 15, 16, 17, 18, 19, 20, 21, 22, 23, 24, 25, 26, 27, 28, 29, 30, 31, 32, 33, 34, 35, 36, 37, 38, 39, 40, 41, 42, 43, 44, 45, 46, 47, 48, 49, 50, 51, 52, 53, 54, 55, 56, 57, 58, 59, 60, 61, 62, 63, 64, 65, 66, 67, 68, 69, 70, 71, 72, 73, 74, 75, 76, 77, 78, 79, 80, 81, 82, 83, 84, 85, 86, 87, 88, 89, 90, 91, 92, 93, 94, 95, 96, 97, 98, 99, 100, 101, 102, 103, 104, 105, 106, 107, 108, 109, 110, 111, 112, 113, 114, 115, 116, 117, 118, 119, 120, 121, 122, 123, 124, 125, 126, 127, 128]
YNEW:[0, 0, 0, 0, 0, 0, 0, 0, 0, 0, 0, 0, 0, 0, 0, 0, 0, 0, 0, 0, 0, 0, 1, 0, 0, 0, 0, 0, 0, 0, 0, 0, 0, 0, 0, 0, 0, 0, 0, 0, 0, 0, 0, 0, 0, 0, 0, 0, 0, 0, 0, 2, 1, 11, 14, 12, 14, 14, 19, 23, 32, 35, 29, 37, 40, 52, 61, 54, 64, 87, 99, 109, 126, 119, 117, 104, 84, 76, 81, 75, 73, 64, 55, 61, 68, 72, 74, 69, 63, 59, 75, 70, 99, 131, 133, 125, 117, 132, 126, 130, 137, 137, 118, 108, 116, 129, 49, 67, 54, 61, 36, 34, 52, 48, 39, 26, 32, 32, 18, 11, 12, 10, 6, 5, 4, 1, 1, 1]
YTOT: [0, 0, 0, 0, 0, 0, 0, 0, 0, 0, 0, 0, 0, 0, 0, 0, 0, 0, 0, 0, 0, 0, 1, 1, 1, 1, 1, 1, 1, 1, 1, 1, 1, 1, 1, 1, 1, 1, 1, 1, 1, 1, 1, 1, 1, 1, 1, 1, 1, 1, 1, 3, 4, 15, 29, 41, 55, 69, 88, 111, 143, 178, 207, 244, 284, 336, 397, 451, 515, 602, 701, 810, 936, 1055, 1172, 1276, 1360, 1436, 1517, 1592, 1665, 1729, 1784, 1845, 1913, 1985, 2059, 2128, 2191, 2250, 2325, 2395, 2494, 2625, 2758, 2883, 3000, 3132, 3258, 3388, 3525, 3662, 3780, 3888, 4004, 4133, 4182, 4249, 4303, 4364, 4400, 4434, 4486, 4534, 4573, 4599, 4631, 4663, 4681, 4692, 4704, 4714, 4720, 4725, 4729, 4730, 4731, 4732]

INFO: Total Population: 3302833
INFO: R0: 2
INFO: Incubation Period: 5
INFO: Illness Period: 7
X:[0, 1, 2, 3, 4, 5, 6, 7, 8, 9, 10, 11, 12, 13, 14, 15, 16, 17, 18, 19, 20, 21, 22, 23, 24, 25, 26, 27, 28, 29, 30, 31, 32, 33, 34, 35, 36, 37, 38, 39, 40, 41, 42, 43, 44, 45, 46, 47, 48, 49, 50, 51, 52, 53, 54, 55, 56, 57, 58, 59, 60, 61, 62, 63, 64, 65, 66, 67, 68, 69, 70, 71, 72, 73, 74, 75, 76, 77, 78, 79, 80, 81, 82, 83, 84, 85, 86, 87, 88, 89, 90, 91, 92, 93, 94, 95, 96, 97, 98, 99, 100, 101, 102, 103, 104, 105, 106, 107, 108, 109, 110, 111, 112, 113, 114, 115, 116, 117, 118, 119, 120, 121, 122, 123, 124, 125, 126, 127, 128]
YNEW:[0, 0, 0, 0, 0, 0, 0, 0, 0, 0, 0, 0, 0, 0, 0, 0, 0, 0, 0, 0, 0, 0, 1, 0, 0, 0, 0, 0, 0, 0, 0, 0, 0, 0, 0, 0, 0, 0, 0, 0, 0, 0, 0, 0, 0, 0, 0, 0, 0, 0, 0, 2, 1, 11, 14, 12, 14, 14, 19, 23, 32, 35, 29, 37, 40, 52, 61, 54, 64, 87, 99, 109, 126, 119, 117, 104, 84, 76, 81, 75, 73, 64, 55, 61, 68, 72, 74, 69, 63, 59, 75, 70, 99, 131, 133, 125, 117, 132, 126, 130, 137, 137, 118, 108, 116, 129, 69, 69, 47, 42, 38, 33, 49, 35, 45, 33, 33, 26, 14, 13, 11, 10, 8, 5, 5, 1, 1, 1]
YTOT: [0, 0, 0, 0, 0, 0, 0, 0, 0, 0, 0, 0, 0, 0, 0, 0, 0, 0, 0, 0, 0, 0, 1, 1, 1, 1, 1, 1, 1, 1, 1, 1, 1, 1, 1, 1, 1, 1, 1, 1, 1, 1, 1, 1, 1, 1, 1, 1, 1, 1, 1, 3, 4, 15, 29, 41, 55, 69, 88, 111, 143, 178, 207, 244, 284, 336, 397, 451, 515, 602, 701, 810, 936, 1055, 1172, 1276, 1360, 1436, 1517, 1592, 1665, 1729, 1784, 1845, 1913, 1985, 2059, 2128, 2191, 2250, 2325, 2395, 2494, 2625, 2758, 2883, 3000, 3132, 3258, 3388, 3525, 3662, 3780, 3888, 4004, 4133, 4202, 4271, 4318, 4360, 4398, 4431, 4480, 4515, 4560, 4593, 4626, 4652, 4666, 4679, 4690, 4700, 4708, 4713, 4718, 4719, 4720, 4721]

INFO: Total Population: 3302833
INFO: R0: 2
INFO: Incubation Period: 5
INFO: Illness Period: 7
X:[0, 1, 2, 3, 4, 5, 6, 7, 8, 9, 10, 11, 12, 13, 14, 15, 16, 17, 18, 19, 20, 21, 22, 23, 24, 25, 26, 27, 28, 29, 30, 31, 32, 33, 34, 35, 36, 37, 38, 39, 40, 41, 42, 43, 44, 45, 46, 47, 48, 49, 50, 51, 52, 53, 54, 55, 56, 57, 58, 59, 60, 61, 62, 63, 64, 65, 66, 67, 68, 69, 70, 71, 72, 73, 74, 75, 76, 77, 78, 79, 80, 81, 82, 83, 84, 85, 86, 87, 88, 89, 90, 91, 92, 93, 94, 95, 96, 97, 98, 99, 100, 101, 102, 103, 104, 105, 106, 107, 108, 109, 110, 111, 112, 113, 114, 115, 116, 117, 118, 119, 120, 121, 122, 123, 124, 125, 126, 127]
YNEW:[0, 0, 0, 0, 0, 0, 0, 0, 0, 0, 0, 0, 0, 0, 0, 0, 0, 0, 0, 0, 0, 0, 1, 0, 0, 0, 0, 0, 0, 0, 0, 0, 0, 0, 0, 0, 0, 0, 0, 0, 0, 0, 0, 0, 0, 0, 0, 0, 0, 0, 0, 2, 1, 11, 14, 12, 14, 14, 19, 23, 32, 35, 29, 37, 40, 52, 61, 54, 64, 87, 99, 109, 126, 119, 117, 104, 84, 76, 81, 75, 73, 64, 55, 61, 68, 72, 74, 69, 63, 59, 75, 70, 99, 131, 133, 125, 117, 132, 126, 130, 137, 137, 118, 108, 116, 129, 62, 74, 54, 41, 48, 36, 49, 40, 32, 36, 37, 27, 22, 11, 13, 13, 8, 7, 2, 2, 1]
YTOT: [0, 0, 0, 0, 0, 0, 0, 0, 0, 0, 0, 0, 0, 0, 0, 0, 0, 0, 0, 0, 0, 0, 1, 1, 1, 1, 1, 1, 1, 1, 1, 1, 1, 1, 1, 1, 1, 1, 1, 1, 1, 1, 1, 1, 1, 1, 1, 1, 1, 1, 1, 3, 4, 15, 29, 41, 55, 69, 88, 111, 143, 178, 207, 244, 284, 336, 397, 451, 515, 602, 701, 810, 936, 1055, 1172, 1276, 1360, 1436, 1517, 1592, 1665, 1729, 1784, 1845, 1913, 1985, 2059, 2128, 2191, 2250, 2325, 2395, 2494, 2625, 2758, 2883, 3000, 3132, 3258, 3388, 3525, 3662, 3780, 3888, 4004, 4133, 4195, 4269, 4323, 4364, 4412, 4448, 4497, 4537, 4569, 4605, 4642, 4669, 4691, 4702, 4715, 4728, 4736, 4743, 4745, 4747, 4748]

INFO: Total Population: 3302833
INFO: R0: 2
INFO: Incubation Period: 5
INFO: Illness Period: 7
X:[0, 1, 2, 3, 4, 5, 6, 7, 8, 9, 10, 11, 12, 13, 14, 15, 16, 17, 18, 19, 20, 21, 22, 23, 24, 25, 26, 27, 28, 29, 30, 31, 32, 33, 34, 35, 36, 37, 38, 39, 40, 41, 42, 43, 44, 45, 46, 47, 48, 49, 50, 51, 52, 53, 54, 55, 56, 57, 58, 59, 60, 61, 62, 63, 64, 65, 66, 67, 68, 69, 70, 71, 72, 73, 74, 75, 76, 77, 78, 79, 80, 81, 82, 83, 84, 85, 86, 87, 88, 89, 90, 91, 92, 93, 94, 95, 96, 97, 98, 99, 100, 101, 102, 103, 104, 105, 106, 107, 108, 109, 110, 111, 112, 113, 114, 115, 116, 117, 118, 119, 120, 121, 122, 123, 124, 125, 126, 127]
YNEW:[0, 0, 0, 0, 0, 0, 0, 0, 0, 0, 0, 0, 0, 0, 0, 0, 0, 0, 0, 0, 0, 0, 1, 0, 0, 0, 0, 0, 0, 0, 0, 0, 0, 0, 0, 0, 0, 0, 0, 0, 0, 0, 0, 0, 0, 0, 0, 0, 0, 0, 0, 2, 1, 11, 14, 12, 14, 14, 19, 23, 32, 35, 29, 37, 40, 52, 61, 54, 64, 87, 99, 109, 126, 119, 117, 104, 84, 76, 81, 75, 73, 64, 55, 61, 68, 72, 74, 69, 63, 59, 75, 70, 99, 131, 133, 125, 117, 132, 126, 130, 137, 137, 118, 108, 116, 129, 60, 55, 59, 46, 41, 42, 52, 47, 31, 42, 24, 27, 12, 9, 14, 12, 7, 4, 5, 1, 1]
YTOT: [0, 0, 0, 0, 0, 0, 0, 0, 0, 0, 0, 0, 0, 0, 0, 0, 0, 0, 0, 0, 0, 0, 1, 1, 1, 1, 1, 1, 1, 1, 1, 1, 1, 1, 1, 1, 1, 1, 1, 1, 1, 1, 1, 1, 1, 1, 1, 1, 1, 1, 1, 3, 4, 15, 29, 41, 55, 69, 88, 111, 143, 178, 207, 244, 284, 336, 397, 451, 515, 602, 701, 810, 936, 1055, 1172, 1276, 1360, 1436, 1517, 1592, 1665, 1729, 1784, 1845, 1913, 1985, 2059, 2128, 2191, 2250, 2325, 2395, 2494, 2625, 2758, 2883, 3000, 3132, 3258, 3388, 3525, 3662, 3780, 3888, 4004, 4133, 4193, 4248, 4307, 4353, 4394, 4436, 4488, 4535, 4566, 4608, 4632, 4659, 4671, 4680, 4694, 4706, 4713, 4717, 4722, 4723, 4724]

INFO: Total Population: 3302833
INFO: R0: 2
INFO: Incubation Period: 5
INFO: Illness Period: 7
X:[0, 1, 2, 3, 4, 5, 6, 7, 8, 9, 10, 11, 12, 13, 14, 15, 16, 17, 18, 19, 20, 21, 22, 23, 24, 25, 26, 27, 28, 29, 30, 31, 32, 33, 34, 35, 36, 37, 38, 39, 40, 41, 42, 43, 44, 45, 46, 47, 48, 49, 50, 51, 52, 53, 54, 55, 56, 57, 58, 59, 60, 61, 62, 63, 64, 65, 66, 67, 68, 69, 70, 71, 72, 73, 74, 75, 76, 77, 78, 79, 80, 81, 82, 83, 84, 85, 86, 87, 88, 89, 90, 91, 92, 93, 94, 95, 96, 97, 98, 99, 100, 101, 102, 103, 104, 105, 106, 107, 108, 109, 110, 111, 112, 113, 114, 115, 116, 117, 118, 119, 120, 121, 122, 123, 124, 125, 126, 127, 128]
YNEW:[0, 0, 0, 0, 0, 0, 0, 0, 0, 0, 0, 0, 0, 0, 0, 0, 0, 0, 0, 0, 0, 0, 1, 0, 0, 0, 0, 0, 0, 0, 0, 0, 0, 0, 0, 0, 0, 0, 0, 0, 0, 0, 0, 0, 0, 0, 0, 0, 0, 0, 0, 2, 1, 11, 14, 12, 14, 14, 19, 23, 32, 35, 29, 37, 40, 52, 61, 54, 64, 87, 99, 109, 126, 119, 117, 104, 84, 76, 81, 75, 73, 64, 55, 61, 68, 72, 74, 69, 63, 59, 75, 70, 99, 131, 133, 125, 117, 132, 126, 130, 137, 137, 118, 108, 116, 129, 58, 64, 54, 39, 39, 46, 50, 34, 34, 24, 26, 24, 15, 13, 11, 8, 4, 3, 7, 1, 3, 1]
YTOT: [0, 0, 0, 0, 0, 0, 0, 0, 0, 0, 0, 0, 0, 0, 0, 0, 0, 0, 0, 0, 0, 0, 1, 1, 1, 1, 1, 1, 1, 1, 1, 1, 1, 1, 1, 1, 1, 1, 1, 1, 1, 1, 1, 1, 1, 1, 1, 1, 1, 1, 1, 3, 4, 15, 29, 41, 55, 69, 88, 111, 143, 178, 207, 244, 284, 336, 397, 451, 515, 602, 701, 810, 936, 1055, 1172, 1276, 1360, 1436, 1517, 1592, 1665, 1729, 1784, 1845, 1913, 1985, 2059, 2128, 2191, 2250, 2325, 2395, 2494, 2625, 2758, 2883, 3000, 3132, 3258, 3388, 3525, 3662, 3780, 3888, 4004, 4133, 4191, 4255, 4309, 4348, 4387, 4433, 4483, 4517, 4551, 4575, 4601, 4625, 4640, 4653, 4664, 4672, 4676, 4679, 4686, 4687, 4690, 4691]

INFO: Total Population: 3302833
INFO: R0: 2
INFO: Incubation Period: 5
INFO: Illness Period: 7
X:[0, 1, 2, 3, 4, 5, 6, 7, 8, 9, 10, 11, 12, 13, 14, 15, 16, 17, 18, 19, 20, 21, 22, 23, 24, 25, 26, 27, 28, 29, 30, 31, 32, 33, 34, 35, 36, 37, 38, 39, 40, 41, 42, 43, 44, 45, 46, 47, 48, 49, 50, 51, 52, 53, 54, 55, 56, 57, 58, 59, 60, 61, 62, 63, 64, 65, 66, 67, 68, 69, 70, 71, 72, 73, 74, 75, 76, 77, 78, 79, 80, 81, 82, 83, 84, 85, 86, 87, 88, 89, 90, 91, 92, 93, 94, 95, 96, 97, 98, 99, 100, 101, 102, 103, 104, 105, 106, 107, 108, 109, 110, 111, 112, 113, 114, 115, 116, 117, 118, 119, 120, 121, 122, 123, 124, 125, 126, 127]
YNEW:[0, 0, 0, 0, 0, 0, 0, 0, 0, 0, 0, 0, 0, 0, 0, 0, 0, 0, 0, 0, 0, 0, 1, 0, 0, 0, 0, 0, 0, 0, 0, 0, 0, 0, 0, 0, 0, 0, 0, 0, 0, 0, 0, 0, 0, 0, 0, 0, 0, 0, 0, 2, 1, 11, 14, 12, 14, 14, 19, 23, 32, 35, 29, 37, 40, 52, 61, 54, 64, 87, 99, 109, 126, 119, 117, 104, 84, 76, 81, 75, 73, 64, 55, 61, 68, 72, 74, 69, 63, 59, 75, 70, 99, 131, 133, 125, 117, 132, 126, 130, 137, 137, 118, 108, 116, 129, 64, 48, 54, 52, 63, 49, 40, 35, 41, 30, 29, 18, 20, 23, 14, 12, 10, 5, 2, 1, 4]
YTOT: [0, 0, 0, 0, 0, 0, 0, 0, 0, 0, 0, 0, 0, 0, 0, 0, 0, 0, 0, 0, 0, 0, 1, 1, 1, 1, 1, 1, 1, 1, 1, 1, 1, 1, 1, 1, 1, 1, 1, 1, 1, 1, 1, 1, 1, 1, 1, 1, 1, 1, 1, 3, 4, 15, 29, 41, 55, 69, 88, 111, 143, 178, 207, 244, 284, 336, 397, 451, 515, 602, 701, 810, 936, 1055, 1172, 1276, 1360, 1436, 1517, 1592, 1665, 1729, 1784, 1845, 1913, 1985, 2059, 2128, 2191, 2250, 2325, 2395, 2494, 2625, 2758, 2883, 3000, 3132, 3258, 3388, 3525, 3662, 3780, 3888, 4004, 4133, 4197, 4245, 4299, 4351, 4414, 4463, 4503, 4538, 4579, 4609, 4638, 4656, 4676, 4699, 4713, 4725, 4735, 4740, 4742, 4743, 4747]

INFO: Total Population: 3302833
INFO: R0: 2
INFO: Incubation Period: 5
INFO: Illness Period: 7
X:[0, 1, 2, 3, 4, 5, 6, 7, 8, 9, 10, 11, 12, 13, 14, 15, 16, 17, 18, 19, 20, 21, 22, 23, 24, 25, 26, 27, 28, 29, 30, 31, 32, 33, 34, 35, 36, 37, 38, 39, 40, 41, 42, 43, 44, 45, 46, 47, 48, 49, 50, 51, 52, 53, 54, 55, 56, 57, 58, 59, 60, 61, 62, 63, 64, 65, 66, 67, 68, 69, 70, 71, 72, 73, 74, 75, 76, 77, 78, 79, 80, 81, 82, 83, 84, 85, 86, 87, 88, 89, 90, 91, 92, 93, 94, 95, 96, 97, 98, 99, 100, 101, 102, 103, 104, 105, 106, 107, 108, 109, 110, 111, 112, 113, 114, 115, 116, 117, 118, 119, 120, 121, 122, 123, 124, 125, 126, 127]
YNEW:[0, 0, 0, 0, 0, 0, 0, 0, 0, 0, 0, 0, 0, 0, 0, 0, 0, 0, 0, 0, 0, 0, 1, 0, 0, 0, 0, 0, 0, 0, 0, 0, 0, 0, 0, 0, 0, 0, 0, 0, 0, 0, 0, 0, 0, 0, 0, 0, 0, 0, 0, 2, 1, 11, 14, 12, 14, 14, 19, 23, 32, 35, 29, 37, 40, 52, 61, 54, 64, 87, 99, 109, 126, 119, 117, 104, 84, 76, 81, 75, 73, 64, 55, 61, 68, 72, 74, 69, 63, 59, 75, 70, 99, 131, 133, 125, 117, 132, 126, 130, 137, 137, 118, 108, 116, 129, 62, 54, 58, 45, 50, 47, 43, 41, 39, 37, 31, 22, 15, 8, 15, 16, 9, 7, 7, 4, 1]
YTOT: [0, 0, 0, 0, 0, 0, 0, 0, 0, 0, 0, 0, 0, 0, 0, 0, 0, 0, 0, 0, 0, 0, 1, 1, 1, 1, 1, 1, 1, 1, 1, 1, 1, 1, 1, 1, 1, 1, 1, 1, 1, 1, 1, 1, 1, 1, 1, 1, 1, 1, 1, 3, 4, 15, 29, 41, 55, 69, 88, 111, 143, 178, 207, 244, 284, 336, 397, 451, 515, 602, 701, 810, 936, 1055, 1172, 1276, 1360, 1436, 1517, 1592, 1665, 1729, 1784, 1845, 1913, 1985, 2059, 2128, 2191, 2250, 2325, 2395, 2494, 2625, 2758, 2883, 3000, 3132, 3258, 3388, 3525, 3662, 3780, 3888, 4004, 4133, 4195, 4249, 4307, 4352, 4402, 4449, 4492, 4533, 4572, 4609, 4640, 4662, 4677, 4685, 4700, 4716, 4725, 4732, 4739, 4743, 4744]

INFO: Total Population: 3302833
INFO: R0: 2
INFO: Incubation Period: 5
INFO: Illness Period: 7
X:[0, 1, 2, 3, 4, 5, 6, 7, 8, 9, 10, 11, 12, 13, 14, 15, 16, 17, 18, 19, 20, 21, 22, 23, 24, 25, 26, 27, 28, 29, 30, 31, 32, 33, 34, 35, 36, 37, 38, 39, 40, 41, 42, 43, 44, 45, 46, 47, 48, 49, 50, 51, 52, 53, 54, 55, 56, 57, 58, 59, 60, 61, 62, 63, 64, 65, 66, 67, 68, 69, 70, 71, 72, 73, 74, 75, 76, 77, 78, 79, 80, 81, 82, 83, 84, 85, 86, 87, 88, 89, 90, 91, 92, 93, 94, 95, 96, 97, 98, 99, 100, 101, 102, 103, 104, 105, 106, 107, 108, 109, 110, 111, 112, 113, 114, 115, 116, 117, 118, 119, 120, 121, 122, 123, 124, 125, 126, 127]
YNEW:[0, 0, 0, 0, 0, 0, 0, 0, 0, 0, 0, 0, 0, 0, 0, 0, 0, 0, 0, 0, 0, 0, 1, 0, 0, 0, 0, 0, 0, 0, 0, 0, 0, 0, 0, 0, 0, 0, 0, 0, 0, 0, 0, 0, 0, 0, 0, 0, 0, 0, 0, 2, 1, 11, 14, 12, 14, 14, 19, 23, 32, 35, 29, 37, 40, 52, 61, 54, 64, 87, 99, 109, 126, 119, 117, 104, 84, 76, 81, 75, 73, 64, 55, 61, 68, 72, 74, 69, 63, 59, 75, 70, 99, 131, 133, 125, 117, 132, 126, 130, 137, 137, 118, 108, 116, 129, 52, 58, 63, 49, 51, 41, 40, 34, 53, 34, 32, 24, 18, 14, 10, 5, 5, 5, 4, 3, 2]
YTOT: [0, 0, 0, 0, 0, 0, 0, 0, 0, 0, 0, 0, 0, 0, 0, 0, 0, 0, 0, 0, 0, 0, 1, 1, 1, 1, 1, 1, 1, 1, 1, 1, 1, 1, 1, 1, 1, 1, 1, 1, 1, 1, 1, 1, 1, 1, 1, 1, 1, 1, 1, 3, 4, 15, 29, 41, 55, 69, 88, 111, 143, 178, 207, 244, 284, 336, 397, 451, 515, 602, 701, 810, 936, 1055, 1172, 1276, 1360, 1436, 1517, 1592, 1665, 1729, 1784, 1845, 1913, 1985, 2059, 2128, 2191, 2250, 2325, 2395, 2494, 2625, 2758, 2883, 3000, 3132, 3258, 3388, 3525, 3662, 3780, 3888, 4004, 4133, 4185, 4243, 4306, 4355, 4406, 4447, 4487, 4521, 4574, 4608, 4640, 4664, 4682, 4696, 4706, 4711, 4716, 4721, 4725, 4728, 4730]

INFO: Total Population: 3302833
INFO: R0: 2
INFO: Incubation Period: 5
INFO: Illness Period: 7
X:[0, 1, 2, 3, 4, 5, 6, 7, 8, 9, 10, 11, 12, 13, 14, 15, 16, 17, 18, 19, 20, 21, 22, 23, 24, 25, 26, 27, 28, 29, 30, 31, 32, 33, 34, 35, 36, 37, 38, 39, 40, 41, 42, 43, 44, 45, 46, 47, 48, 49, 50, 51, 52, 53, 54, 55, 56, 57, 58, 59, 60, 61, 62, 63, 64, 65, 66, 67, 68, 69, 70, 71, 72, 73, 74, 75, 76, 77, 78, 79, 80, 81, 82, 83, 84, 85, 86, 87, 88, 89, 90, 91, 92, 93, 94, 95, 96, 97, 98, 99, 100, 101, 102, 103, 104, 105, 106, 107, 108, 109, 110, 111, 112, 113, 114, 115, 116, 117, 118, 119, 120, 121, 122, 123, 124, 125, 126]
YNEW:[0, 0, 0, 0, 0, 0, 0, 0, 0, 0, 0, 0, 0, 0, 0, 0, 0, 0, 0, 0, 0, 0, 1, 0, 0, 0, 0, 0, 0, 0, 0, 0, 0, 0, 0, 0, 0, 0, 0, 0, 0, 0, 0, 0, 0, 0, 0, 0, 0, 0, 0, 2, 1, 11, 14, 12, 14, 14, 19, 23, 32, 35, 29, 37, 40, 52, 61, 54, 64, 87, 99, 109, 126, 119, 117, 104, 84, 76, 81, 75, 73, 64, 55, 61, 68, 72, 74, 69, 63, 59, 75, 70, 99, 131, 133, 125, 117, 132, 126, 130, 137, 137, 118, 108, 116, 129, 60, 64, 56, 50, 55, 42, 56, 42, 39, 40, 35, 25, 15, 15, 14, 11, 13, 6, 4, 3]
YTOT: [0, 0, 0, 0, 0, 0, 0, 0, 0, 0, 0, 0, 0, 0, 0, 0, 0, 0, 0, 0, 0, 0, 1, 1, 1, 1, 1, 1, 1, 1, 1, 1, 1, 1, 1, 1, 1, 1, 1, 1, 1, 1, 1, 1, 1, 1, 1, 1, 1, 1, 1, 3, 4, 15, 29, 41, 55, 69, 88, 111, 143, 178, 207, 244, 284, 336, 397, 451, 515, 602, 701, 810, 936, 1055, 1172, 1276, 1360, 1436, 1517, 1592, 1665, 1729, 1784, 1845, 1913, 1985, 2059, 2128, 2191, 2250, 2325, 2395, 2494, 2625, 2758, 2883, 3000, 3132, 3258, 3388, 3525, 3662, 3780, 3888, 4004, 4133, 4193, 4257, 4313, 4363, 4418, 4460, 4516, 4558, 4597, 4637, 4672, 4697, 4712, 4727, 4741, 4752, 4765, 4771, 4775, 4778]

INFO: Total Population: 3302833
INFO: R0: 2
INFO: Incubation Period: 5
INFO: Illness Period: 7
X:[0, 1, 2, 3, 4, 5, 6, 7, 8, 9, 10, 11, 12, 13, 14, 15, 16, 17, 18, 19, 20, 21, 22, 23, 24, 25, 26, 27, 28, 29, 30, 31, 32, 33, 34, 35, 36, 37, 38, 39, 40, 41, 42, 43, 44, 45, 46, 47, 48, 49, 50, 51, 52, 53, 54, 55, 56, 57, 58, 59, 60, 61, 62, 63, 64, 65, 66, 67, 68, 69, 70, 71, 72, 73, 74, 75, 76, 77, 78, 79, 80, 81, 82, 83, 84, 85, 86, 87, 88, 89, 90, 91, 92, 93, 94, 95, 96, 97, 98, 99, 100, 101, 102, 103, 104, 105, 106, 107, 108, 109, 110, 111, 112, 113, 114, 115, 116, 117, 118, 119, 120, 121, 122, 123, 124, 125, 126, 127, 128]
YNEW:[0, 0, 0, 0, 0, 0, 0, 0, 0, 0, 0, 0, 0, 0, 0, 0, 0, 0, 0, 0, 0, 0, 1, 0, 0, 0, 0, 0, 0, 0, 0, 0, 0, 0, 0, 0, 0, 0, 0, 0, 0, 0, 0, 0, 0, 0, 0, 0, 0, 0, 0, 2, 1, 11, 14, 12, 14, 14, 19, 23, 32, 35, 29, 37, 40, 52, 61, 54, 64, 87, 99, 109, 126, 119, 117, 104, 84, 76, 81, 75, 73, 64, 55, 61, 68, 72, 74, 69, 63, 59, 75, 70, 99, 131, 133, 125, 117, 132, 126, 130, 137, 137, 118, 108, 116, 129, 59, 71, 53, 43, 49, 38, 46, 40, 37, 33, 37, 24, 14, 11, 12, 9, 7, 7, 1, 3, 2, 2]
YTOT: [0, 0, 0, 0, 0, 0, 0, 0, 0, 0, 0, 0, 0, 0, 0, 0, 0, 0, 0, 0, 0, 0, 1, 1, 1, 1, 1, 1, 1, 1, 1, 1, 1, 1, 1, 1, 1, 1, 1, 1, 1, 1, 1, 1, 1, 1, 1, 1, 1, 1, 1, 3, 4, 15, 29, 41, 55, 69, 88, 111, 143, 178, 207, 244, 284, 336, 397, 451, 515, 602, 701, 810, 936, 1055, 1172, 1276, 1360, 1436, 1517, 1592, 1665, 1729, 1784, 1845, 1913, 1985, 2059, 2128, 2191, 2250, 2325, 2395, 2494, 2625, 2758, 2883, 3000, 3132, 3258, 3388, 3525, 3662, 3780, 3888, 4004, 4133, 4192, 4263, 4316, 4359, 4408, 4446, 4492, 4532, 4569, 4602, 4639, 4663, 4677, 4688, 4700, 4709, 4716, 4723, 4724, 4727, 4729, 4731]

INFO: Total Population: 3302833
INFO: R0: 2
INFO: Incubation Period: 5
INFO: Illness Period: 7
X:[0, 1, 2, 3, 4, 5, 6, 7, 8, 9, 10, 11, 12, 13, 14, 15, 16, 17, 18, 19, 20, 21, 22, 23, 24, 25, 26, 27, 28, 29, 30, 31, 32, 33, 34, 35, 36, 37, 38, 39, 40, 41, 42, 43, 44, 45, 46, 47, 48, 49, 50, 51, 52, 53, 54, 55, 56, 57, 58, 59, 60, 61, 62, 63, 64, 65, 66, 67, 68, 69, 70, 71, 72, 73, 74, 75, 76, 77, 78, 79, 80, 81, 82, 83, 84, 85, 86, 87, 88, 89, 90, 91, 92, 93, 94, 95, 96, 97, 98, 99, 100, 101, 102, 103, 104, 105, 106, 107, 108, 109, 110, 111, 112, 113, 114, 115, 116, 117, 118, 119, 120, 121, 122, 123, 124, 125, 126, 127]
YNEW:[0, 0, 0, 0, 0, 0, 0, 0, 0, 0, 0, 0, 0, 0, 0, 0, 0, 0, 0, 0, 0, 0, 1, 0, 0, 0, 0, 0, 0, 0, 0, 0, 0, 0, 0, 0, 0, 0, 0, 0, 0, 0, 0, 0, 0, 0, 0, 0, 0, 0, 0, 2, 1, 11, 14, 12, 14, 14, 19, 23, 32, 35, 29, 37, 40, 52, 61, 54, 64, 87, 99, 109, 126, 119, 117, 104, 84, 76, 81, 75, 73, 64, 55, 61, 68, 72, 74, 69, 63, 59, 75, 70, 99, 131, 133, 125, 117, 132, 126, 130, 137, 137, 118, 108, 116, 129, 60, 72, 83, 41, 48, 37, 38, 46, 45, 47, 34, 28, 15, 12, 4, 15, 3, 4, 6, 5, 3]
YTOT: [0, 0, 0, 0, 0, 0, 0, 0, 0, 0, 0, 0, 0, 0, 0, 0, 0, 0, 0, 0, 0, 0, 1, 1, 1, 1, 1, 1, 1, 1, 1, 1, 1, 1, 1, 1, 1, 1, 1, 1, 1, 1, 1, 1, 1, 1, 1, 1, 1, 1, 1, 3, 4, 15, 29, 41, 55, 69, 88, 111, 143, 178, 207, 244, 284, 336, 397, 451, 515, 602, 701, 810, 936, 1055, 1172, 1276, 1360, 1436, 1517, 1592, 1665, 1729, 1784, 1845, 1913, 1985, 2059, 2128, 2191, 2250, 2325, 2395, 2494, 2625, 2758, 2883, 3000, 3132, 3258, 3388, 3525, 3662, 3780, 3888, 4004, 4133, 4193, 4265, 4348, 4389, 4437, 4474, 4512, 4558, 4603, 4650, 4684, 4712, 4727, 4739, 4743, 4758, 4761, 4765, 4771, 4776, 4779]

INFO: Total Population: 3302833
INFO: R0: 2
INFO: Incubation Period: 5
INFO: Illness Period: 7
X:[0, 1, 2, 3, 4, 5, 6, 7, 8, 9, 10, 11, 12, 13, 14, 15, 16, 17, 18, 19, 20, 21, 22, 23, 24, 25, 26, 27, 28, 29, 30, 31, 32, 33, 34, 35, 36, 37, 38, 39, 40, 41, 42, 43, 44, 45, 46, 47, 48, 49, 50, 51, 52, 53, 54, 55, 56, 57, 58, 59, 60, 61, 62, 63, 64, 65, 66, 67, 68, 69, 70, 71, 72, 73, 74, 75, 76, 77, 78, 79, 80, 81, 82, 83, 84, 85, 86, 87, 88, 89, 90, 91, 92, 93, 94, 95, 96, 97, 98, 99, 100, 101, 102, 103, 104, 105, 106, 107, 108, 109, 110, 111, 112, 113, 114, 115, 116, 117, 118, 119, 120, 121, 122, 123, 124, 125, 126, 127, 128]
YNEW:[0, 0, 0, 0, 0, 0, 0, 0, 0, 0, 0, 0, 0, 0, 0, 0, 0, 0, 0, 0, 0, 0, 1, 0, 0, 0, 0, 0, 0, 0, 0, 0, 0, 0, 0, 0, 0, 0, 0, 0, 0, 0, 0, 0, 0, 0, 0, 0, 0, 0, 0, 2, 1, 11, 14, 12, 14, 14, 19, 23, 32, 35, 29, 37, 40, 52, 61, 54, 64, 87, 99, 109, 126, 119, 117, 104, 84, 76, 81, 75, 73, 64, 55, 61, 68, 72, 74, 69, 63, 59, 75, 70, 99, 131, 133, 125, 117, 132, 126, 130, 137, 137, 118, 108, 116, 129, 53, 45, 65, 54, 36, 41, 43, 32, 39, 37, 31, 33, 13, 13, 12, 17, 5, 7, 3, 1, 2, 1]
YTOT: [0, 0, 0, 0, 0, 0, 0, 0, 0, 0, 0, 0, 0, 0, 0, 0, 0, 0, 0, 0, 0, 0, 1, 1, 1, 1, 1, 1, 1, 1, 1, 1, 1, 1, 1, 1, 1, 1, 1, 1, 1, 1, 1, 1, 1, 1, 1, 1, 1, 1, 1, 3, 4, 15, 29, 41, 55, 69, 88, 111, 143, 178, 207, 244, 284, 336, 397, 451, 515, 602, 701, 810, 936, 1055, 1172, 1276, 1360, 1436, 1517, 1592, 1665, 1729, 1784, 1845, 1913, 1985, 2059, 2128, 2191, 2250, 2325, 2395, 2494, 2625, 2758, 2883, 3000, 3132, 3258, 3388, 3525, 3662, 3780, 3888, 4004, 4133, 4186, 4231, 4296, 4350, 4386, 4427, 4470, 4502, 4541, 4578, 4609, 4642, 4655, 4668, 4680, 4697, 4702, 4709, 4712, 4713, 4715, 4716]

INFO: Total Population: 3302833
INFO: R0: 2
INFO: Incubation Period: 5
INFO: Illness Period: 7
X:[0, 1, 2, 3, 4, 5, 6, 7, 8, 9, 10, 11, 12, 13, 14, 15, 16, 17, 18, 19, 20, 21, 22, 23, 24, 25, 26, 27, 28, 29, 30, 31, 32, 33, 34, 35, 36, 37, 38, 39, 40, 41, 42, 43, 44, 45, 46, 47, 48, 49, 50, 51, 52, 53, 54, 55, 56, 57, 58, 59, 60, 61, 62, 63, 64, 65, 66, 67, 68, 69, 70, 71, 72, 73, 74, 75, 76, 77, 78, 79, 80, 81, 82, 83, 84, 85, 86, 87, 88, 89, 90, 91, 92, 93, 94, 95, 96, 97, 98, 99, 100, 101, 102, 103, 104, 105, 106, 107, 108, 109, 110, 111, 112, 113, 114, 115, 116, 117, 118, 119, 120, 121, 122, 123, 124, 125, 126]
YNEW:[0, 0, 0, 0, 0, 0, 0, 0, 0, 0, 0, 0, 0, 0, 0, 0, 0, 0, 0, 0, 0, 0, 1, 0, 0, 0, 0, 0, 0, 0, 0, 0, 0, 0, 0, 0, 0, 0, 0, 0, 0, 0, 0, 0, 0, 0, 0, 0, 0, 0, 0, 2, 1, 11, 14, 12, 14, 14, 19, 23, 32, 35, 29, 37, 40, 52, 61, 54, 64, 87, 99, 109, 126, 119, 117, 104, 84, 76, 81, 75, 73, 64, 55, 61, 68, 72, 74, 69, 63, 59, 75, 70, 99, 131, 133, 125, 117, 132, 126, 130, 137, 137, 118, 108, 116, 129, 57, 55, 62, 57, 59, 39, 45, 61, 33, 31, 31, 22, 16, 12, 11, 10, 10, 5, 5, 1]
YTOT: [0, 0, 0, 0, 0, 0, 0, 0, 0, 0, 0, 0, 0, 0, 0, 0, 0, 0, 0, 0, 0, 0, 1, 1, 1, 1, 1, 1, 1, 1, 1, 1, 1, 1, 1, 1, 1, 1, 1, 1, 1, 1, 1, 1, 1, 1, 1, 1, 1, 1, 1, 3, 4, 15, 29, 41, 55, 69, 88, 111, 143, 178, 207, 244, 284, 336, 397, 451, 515, 602, 701, 810, 936, 1055, 1172, 1276, 1360, 1436, 1517, 1592, 1665, 1729, 1784, 1845, 1913, 1985, 2059, 2128, 2191, 2250, 2325, 2395, 2494, 2625, 2758, 2883, 3000, 3132, 3258, 3388, 3525, 3662, 3780, 3888, 4004, 4133, 4190, 4245, 4307, 4364, 4423, 4462, 4507, 4568, 4601, 4632, 4663, 4685, 4701, 4713, 4724, 4734, 4744, 4749, 4754, 4755]

INFO: Total Population: 3302833
INFO: R0: 2
INFO: Incubation Period: 5
INFO: Illness Period: 7
X:[0, 1, 2, 3, 4, 5, 6, 7, 8, 9, 10, 11, 12, 13, 14, 15, 16, 17, 18, 19, 20, 21, 22, 23, 24, 25, 26, 27, 28, 29, 30, 31, 32, 33, 34, 35, 36, 37, 38, 39, 40, 41, 42, 43, 44, 45, 46, 47, 48, 49, 50, 51, 52, 53, 54, 55, 56, 57, 58, 59, 60, 61, 62, 63, 64, 65, 66, 67, 68, 69, 70, 71, 72, 73, 74, 75, 76, 77, 78, 79, 80, 81, 82, 83, 84, 85, 86, 87, 88, 89, 90, 91, 92, 93, 94, 95, 96, 97, 98, 99, 100, 101, 102, 103, 104, 105, 106, 107, 108, 109, 110, 111, 112, 113, 114, 115, 116, 117, 118, 119, 120, 121, 122, 123, 124, 125, 126, 127, 128]
YNEW:[0, 0, 0, 0, 0, 0, 0, 0, 0, 0, 0, 0, 0, 0, 0, 0, 0, 0, 0, 0, 0, 0, 1, 0, 0, 0, 0, 0, 0, 0, 0, 0, 0, 0, 0, 0, 0, 0, 0, 0, 0, 0, 0, 0, 0, 0, 0, 0, 0, 0, 0, 2, 1, 11, 14, 12, 14, 14, 19, 23, 32, 35, 29, 37, 40, 52, 61, 54, 64, 87, 99, 109, 126, 119, 117, 104, 84, 76, 81, 75, 73, 64, 55, 61, 68, 72, 74, 69, 63, 59, 75, 70, 99, 131, 133, 125, 117, 132, 126, 130, 137, 137, 118, 108, 116, 129, 70, 58, 53, 60, 39, 44, 41, 53, 36, 40, 32, 26, 13, 15, 13, 7, 6, 6, 3, 6, 2, 1]
YTOT: [0, 0, 0, 0, 0, 0, 0, 0, 0, 0, 0, 0, 0, 0, 0, 0, 0, 0, 0, 0, 0, 0, 1, 1, 1, 1, 1, 1, 1, 1, 1, 1, 1, 1, 1, 1, 1, 1, 1, 1, 1, 1, 1, 1, 1, 1, 1, 1, 1, 1, 1, 3, 4, 15, 29, 41, 55, 69, 88, 111, 143, 178, 207, 244, 284, 336, 397, 451, 515, 602, 701, 810, 936, 1055, 1172, 1276, 1360, 1436, 1517, 1592, 1665, 1729, 1784, 1845, 1913, 1985, 2059, 2128, 2191, 2250, 2325, 2395, 2494, 2625, 2758, 2883, 3000, 3132, 3258, 3388, 3525, 3662, 3780, 3888, 4004, 4133, 4203, 4261, 4314, 4374, 4413, 4457, 4498, 4551, 4587, 4627, 4659, 4685, 4698, 4713, 4726, 4733, 4739, 4745, 4748, 4754, 4756, 4757]

INFO: Total Population: 3302833
INFO: R0: 2
INFO: Incubation Period: 5
INFO: Illness Period: 7
X:[0, 1, 2, 3, 4, 5, 6, 7, 8, 9, 10, 11, 12, 13, 14, 15, 16, 17, 18, 19, 20, 21, 22, 23, 24, 25, 26, 27, 28, 29, 30, 31, 32, 33, 34, 35, 36, 37, 38, 39, 40, 41, 42, 43, 44, 45, 46, 47, 48, 49, 50, 51, 52, 53, 54, 55, 56, 57, 58, 59, 60, 61, 62, 63, 64, 65, 66, 67, 68, 69, 70, 71, 72, 73, 74, 75, 76, 77, 78, 79, 80, 81, 82, 83, 84, 85, 86, 87, 88, 89, 90, 91, 92, 93, 94, 95, 96, 97, 98, 99, 100, 101, 102, 103, 104, 105, 106, 107, 108, 109, 110, 111, 112, 113, 114, 115, 116, 117, 118, 119, 120, 121, 122, 123, 124, 125, 126, 127, 128]
YNEW:[0, 0, 0, 0, 0, 0, 0, 0, 0, 0, 0, 0, 0, 0, 0, 0, 0, 0, 0, 0, 0, 0, 1, 0, 0, 0, 0, 0, 0, 0, 0, 0, 0, 0, 0, 0, 0, 0, 0, 0, 0, 0, 0, 0, 0, 0, 0, 0, 0, 0, 0, 2, 1, 11, 14, 12, 14, 14, 19, 23, 32, 35, 29, 37, 40, 52, 61, 54, 64, 87, 99, 109, 126, 119, 117, 104, 84, 76, 81, 75, 73, 64, 55, 61, 68, 72, 74, 69, 63, 59, 75, 70, 99, 131, 133, 125, 117, 132, 126, 130, 137, 137, 118, 108, 116, 129, 61, 55, 48, 60, 53, 41, 43, 40, 33, 33, 36, 18, 17, 16, 12, 8, 6, 6, 4, 4, 1, 1]
YTOT: [0, 0, 0, 0, 0, 0, 0, 0, 0, 0, 0, 0, 0, 0, 0, 0, 0, 0, 0, 0, 0, 0, 1, 1, 1, 1, 1, 1, 1, 1, 1, 1, 1, 1, 1, 1, 1, 1, 1, 1, 1, 1, 1, 1, 1, 1, 1, 1, 1, 1, 1, 3, 4, 15, 29, 41, 55, 69, 88, 111, 143, 178, 207, 244, 284, 336, 397, 451, 515, 602, 701, 810, 936, 1055, 1172, 1276, 1360, 1436, 1517, 1592, 1665, 1729, 1784, 1845, 1913, 1985, 2059, 2128, 2191, 2250, 2325, 2395, 2494, 2625, 2758, 2883, 3000, 3132, 3258, 3388, 3525, 3662, 3780, 3888, 4004, 4133, 4194, 4249, 4297, 4357, 4410, 4451, 4494, 4534, 4567, 4600, 4636, 4654, 4671, 4687, 4699, 4707, 4713, 4719, 4723, 4727, 4728, 4729]

INFO: Total Population: 3302833
INFO: R0: 2
INFO: Incubation Period: 5
INFO: Illness Period: 7
X:[0, 1, 2, 3, 4, 5, 6, 7, 8, 9, 10, 11, 12, 13, 14, 15, 16, 17, 18, 19, 20, 21, 22, 23, 24, 25, 26, 27, 28, 29, 30, 31, 32, 33, 34, 35, 36, 37, 38, 39, 40, 41, 42, 43, 44, 45, 46, 47, 48, 49, 50, 51, 52, 53, 54, 55, 56, 57, 58, 59, 60, 61, 62, 63, 64, 65, 66, 67, 68, 69, 70, 71, 72, 73, 74, 75, 76, 77, 78, 79, 80, 81, 82, 83, 84, 85, 86, 87, 88, 89, 90, 91, 92, 93, 94, 95, 96, 97, 98, 99, 100, 101, 102, 103, 104, 105, 106, 107, 108, 109, 110, 111, 112, 113, 114, 115, 116, 117, 118, 119, 120, 121, 122, 123, 124, 125, 126, 127]
YNEW:[0, 0, 0, 0, 0, 0, 0, 0, 0, 0, 0, 0, 0, 0, 0, 0, 0, 0, 0, 0, 0, 0, 1, 0, 0, 0, 0, 0, 0, 0, 0, 0, 0, 0, 0, 0, 0, 0, 0, 0, 0, 0, 0, 0, 0, 0, 0, 0, 0, 0, 0, 2, 1, 11, 14, 12, 14, 14, 19, 23, 32, 35, 29, 37, 40, 52, 61, 54, 64, 87, 99, 109, 126, 119, 117, 104, 84, 76, 81, 75, 73, 64, 55, 61, 68, 72, 74, 69, 63, 59, 75, 70, 99, 131, 133, 125, 117, 132, 126, 130, 137, 137, 118, 108, 116, 129, 69, 48, 58, 51, 54, 54, 39, 37, 37, 42, 23, 26, 21, 18, 12, 14, 4, 7, 7, 2, 5]
YTOT: [0, 0, 0, 0, 0, 0, 0, 0, 0, 0, 0, 0, 0, 0, 0, 0, 0, 0, 0, 0, 0, 0, 1, 1, 1, 1, 1, 1, 1, 1, 1, 1, 1, 1, 1, 1, 1, 1, 1, 1, 1, 1, 1, 1, 1, 1, 1, 1, 1, 1, 1, 3, 4, 15, 29, 41, 55, 69, 88, 111, 143, 178, 207, 244, 284, 336, 397, 451, 515, 602, 701, 810, 936, 1055, 1172, 1276, 1360, 1436, 1517, 1592, 1665, 1729, 1784, 1845, 1913, 1985, 2059, 2128, 2191, 2250, 2325, 2395, 2494, 2625, 2758, 2883, 3000, 3132, 3258, 3388, 3525, 3662, 3780, 3888, 4004, 4133, 4202, 4250, 4308, 4359, 4413, 4467, 4506, 4543, 4580, 4622, 4645, 4671, 4692, 4710, 4722, 4736, 4740, 4747, 4754, 4756, 4761]

END