

INFO: Total Population: 3164182
INFO: R0: 2
INFO: Incubation Period: 5
INFO: Illness Period: 7
X:[0, 1, 2, 3, 4, 5, 6, 7, 8, 9, 10, 11, 12, 13, 14, 15, 16, 17, 18, 19, 20, 21, 22, 23, 24, 25, 26, 27, 28, 29, 30, 31, 32, 33, 34, 35, 36, 37, 38, 39, 40, 41, 42, 43, 44, 45, 46, 47, 48, 49, 50, 51, 52, 53, 54, 55, 56, 57, 58, 59, 60, 61, 62, 63, 64, 65, 66, 67, 68, 69, 70, 71, 72, 73, 74, 75, 76, 77, 78, 79, 80, 81, 82, 83, 84, 85, 86, 87, 88, 89, 90, 91, 92, 93, 94, 95, 96, 97, 98, 99, 100, 101, 102, 103, 104, 105, 106, 107, 108, 109, 110, 111, 112, 113, 114, 115, 116, 117, 118, 119, 120, 121, 122, 123, 124, 125, 126, 127, 128, 129, 130]
YNEW:[0, 0, 0, 0, 0, 0, 0, 0, 0, 0, 0, 0, 0, 0, 0, 0, 0, 0, 0, 0, 0, 0, 0, 0, 0, 0, 0, 0, 0, 0, 0, 0, 0, 0, 0, 0, 0, 0, 0, 0, 0, 0, 1, 1, 0, 0, 0, 1, 1, 1, 1, 3, 2, 3, 4, 5, 8, 9, 11, 12, 14, 19, 23, 28, 43, 53, 65, 56, 48, 42, 61, 58, 60, 66, 61, 54, 52, 62, 63, 63, 71, 67, 46, 33, 44, 45, 56, 60, 68, 59, 44, 47, 55, 43, 70, 86, 77, 61, 73, 93, 113, 115, 116, 102, 82, 94, 92, 88, 82, 74, 78, 72, 80, 102, 108, 130, 133, 131, 127, 101, 106, 77, 41, 38, 37, 21, 17, 4, 5, 1]
YTOT: [0, 0, 0, 0, 0, 0, 0, 0, 0, 0, 0, 0, 0, 0, 0, 0, 0, 0, 0, 0, 0, 0, 0, 0, 0, 0, 0, 0, 0, 0, 0, 0, 0, 0, 0, 0, 0, 0, 0, 0, 0, 0, 1, 2, 2, 2, 2, 3, 4, 5, 6, 9, 11, 14, 18, 23, 31, 40, 51, 63, 77, 96, 119, 147, 190, 243, 308, 364, 412, 454, 515, 573, 633, 699, 760, 814, 866, 928, 991, 1054, 1125, 1192, 1238, 1271, 1315, 1360, 1416, 1476, 1544, 1603, 1647, 1694, 1749, 1792, 1862, 1948, 2025, 2086, 2159, 2252, 2365, 2480, 2596, 2698, 2780, 2874, 2966, 3054, 3136, 3210, 3288, 3360, 3440, 3542, 3650, 3780, 3913, 4044, 4171, 4272, 4378, 4455, 4496, 4534, 4571, 4592, 4609, 4613, 4618, 4619]

INFO: Total Population: 3164182
INFO: R0: 2
INFO: Incubation Period: 5
INFO: Illness Period: 7
X:[0, 1, 2, 3, 4, 5, 6, 7, 8, 9, 10, 11, 12, 13, 14, 15, 16, 17, 18, 19, 20, 21, 22, 23, 24, 25, 26, 27, 28, 29, 30, 31, 32, 33, 34, 35, 36, 37, 38, 39, 40, 41, 42, 43, 44, 45, 46, 47, 48, 49, 50, 51, 52, 53, 54, 55, 56, 57, 58, 59, 60, 61, 62, 63, 64, 65, 66, 67, 68, 69, 70, 71, 72, 73, 74, 75, 76, 77, 78, 79, 80, 81, 82, 83, 84, 85, 86, 87, 88, 89, 90, 91, 92, 93, 94, 95, 96, 97, 98, 99, 100, 101, 102, 103, 104, 105, 106, 107, 108, 109, 110, 111, 112, 113, 114, 115, 116, 117, 118, 119, 120, 121, 122, 123, 124, 125, 126, 127, 128, 129, 130]
YNEW:[0, 0, 0, 0, 0, 0, 0, 0, 0, 0, 0, 0, 0, 0, 0, 0, 0, 0, 0, 0, 0, 0, 0, 0, 0, 0, 0, 0, 0, 0, 0, 0, 0, 0, 0, 0, 0, 0, 0, 0, 0, 0, 1, 1, 0, 0, 0, 1, 1, 1, 1, 3, 2, 3, 4, 5, 8, 9, 11, 12, 14, 19, 23, 28, 43, 53, 65, 56, 48, 42, 61, 58, 60, 66, 61, 54, 52, 62, 63, 63, 71, 67, 46, 33, 44, 45, 56, 60, 68, 59, 44, 47, 55, 43, 70, 86, 77, 61, 73, 93, 113, 115, 116, 102, 82, 94, 92, 84, 101, 85, 68, 63, 80, 104, 134, 140, 119, 161, 108, 97, 78, 70, 56, 57, 29, 25, 13, 10, 4, 1]
YTOT: [0, 0, 0, 0, 0, 0, 0, 0, 0, 0, 0, 0, 0, 0, 0, 0, 0, 0, 0, 0, 0, 0, 0, 0, 0, 0, 0, 0, 0, 0, 0, 0, 0, 0, 0, 0, 0, 0, 0, 0, 0, 0, 1, 2, 2, 2, 2, 3, 4, 5, 6, 9, 11, 14, 18, 23, 31, 40, 51, 63, 77, 96, 119, 147, 190, 243, 308, 364, 412, 454, 515, 573, 633, 699, 760, 814, 866, 928, 991, 1054, 1125, 1192, 1238, 1271, 1315, 1360, 1416, 1476, 1544, 1603, 1647, 1694, 1749, 1792, 1862, 1948, 2025, 2086, 2159, 2252, 2365, 2480, 2596, 2698, 2780, 2874, 2966, 3050, 3151, 3236, 3304, 3367, 3447, 3551, 3685, 3825, 3944, 4105, 4213, 4310, 4388, 4458, 4514, 4571, 4600, 4625, 4638, 4648, 4652, 4653]

INFO: Total Population: 3164182
INFO: R0: 2
INFO: Incubation Period: 5
INFO: Illness Period: 7
X:[0, 1, 2, 3, 4, 5, 6, 7, 8, 9, 10, 11, 12, 13, 14, 15, 16, 17, 18, 19, 20, 21, 22, 23, 24, 25, 26, 27, 28, 29, 30, 31, 32, 33, 34, 35, 36, 37, 38, 39, 40, 41, 42, 43, 44, 45, 46, 47, 48, 49, 50, 51, 52, 53, 54, 55, 56, 57, 58, 59, 60, 61, 62, 63, 64, 65, 66, 67, 68, 69, 70, 71, 72, 73, 74, 75, 76, 77, 78, 79, 80, 81, 82, 83, 84, 85, 86, 87, 88, 89, 90, 91, 92, 93, 94, 95, 96, 97, 98, 99, 100, 101, 102, 103, 104, 105, 106, 107, 108, 109, 110, 111, 112, 113, 114, 115, 116, 117, 118, 119, 120, 121, 122, 123, 124, 125, 126, 127, 128, 129]
YNEW:[0, 0, 0, 0, 0, 0, 0, 0, 0, 0, 0, 0, 0, 0, 0, 0, 0, 0, 0, 0, 0, 0, 0, 0, 0, 0, 0, 0, 0, 0, 0, 0, 0, 0, 0, 0, 0, 0, 0, 0, 0, 0, 1, 1, 0, 0, 0, 1, 1, 1, 1, 3, 2, 3, 4, 5, 8, 9, 11, 12, 14, 19, 23, 28, 43, 53, 65, 56, 48, 42, 61, 58, 60, 66, 61, 54, 52, 62, 63, 63, 71, 67, 46, 33, 44, 45, 56, 60, 68, 59, 44, 47, 55, 43, 70, 86, 77, 61, 73, 93, 113, 115, 116, 102, 82, 94, 92, 77, 92, 72, 63, 58, 85, 113, 123, 112, 129, 133, 116, 98, 72, 53, 60, 52, 41, 15, 9, 10, 3]
YTOT: [0, 0, 0, 0, 0, 0, 0, 0, 0, 0, 0, 0, 0, 0, 0, 0, 0, 0, 0, 0, 0, 0, 0, 0, 0, 0, 0, 0, 0, 0, 0, 0, 0, 0, 0, 0, 0, 0, 0, 0, 0, 0, 1, 2, 2, 2, 2, 3, 4, 5, 6, 9, 11, 14, 18, 23, 31, 40, 51, 63, 77, 96, 119, 147, 190, 243, 308, 364, 412, 454, 515, 573, 633, 699, 760, 814, 866, 928, 991, 1054, 1125, 1192, 1238, 1271, 1315, 1360, 1416, 1476, 1544, 1603, 1647, 1694, 1749, 1792, 1862, 1948, 2025, 2086, 2159, 2252, 2365, 2480, 2596, 2698, 2780, 2874, 2966, 3043, 3135, 3207, 3270, 3328, 3413, 3526, 3649, 3761, 3890, 4023, 4139, 4237, 4309, 4362, 4422, 4474, 4515, 4530, 4539, 4549, 4552]

INFO: Total Population: 3164182
INFO: R0: 2
INFO: Incubation Period: 5
INFO: Illness Period: 7
X:[0, 1, 2, 3, 4, 5, 6, 7, 8, 9, 10, 11, 12, 13, 14, 15, 16, 17, 18, 19, 20, 21, 22, 23, 24, 25, 26, 27, 28, 29, 30, 31, 32, 33, 34, 35, 36, 37, 38, 39, 40, 41, 42, 43, 44, 45, 46, 47, 48, 49, 50, 51, 52, 53, 54, 55, 56, 57, 58, 59, 60, 61, 62, 63, 64, 65, 66, 67, 68, 69, 70, 71, 72, 73, 74, 75, 76, 77, 78, 79, 80, 81, 82, 83, 84, 85, 86, 87, 88, 89, 90, 91, 92, 93, 94, 95, 96, 97, 98, 99, 100, 101, 102, 103, 104, 105, 106, 107, 108, 109, 110, 111, 112, 113, 114, 115, 116, 117, 118, 119, 120, 121, 122, 123, 124, 125, 126, 127, 128, 129, 130]
YNEW:[0, 0, 0, 0, 0, 0, 0, 0, 0, 0, 0, 0, 0, 0, 0, 0, 0, 0, 0, 0, 0, 0, 0, 0, 0, 0, 0, 0, 0, 0, 0, 0, 0, 0, 0, 0, 0, 0, 0, 0, 0, 0, 1, 1, 0, 0, 0, 1, 1, 1, 1, 3, 2, 3, 4, 5, 8, 9, 11, 12, 14, 19, 23, 28, 43, 53, 65, 56, 48, 42, 61, 58, 60, 66, 61, 54, 52, 62, 63, 63, 71, 67, 46, 33, 44, 45, 56, 60, 68, 59, 44, 47, 55, 43, 70, 86, 77, 61, 73, 93, 113, 115, 116, 102, 82, 94, 92, 68, 87, 84, 69, 78, 50, 96, 116, 96, 134, 132, 116, 70, 80, 72, 59, 44, 38, 29, 21, 7, 5, 1]
YTOT: [0, 0, 0, 0, 0, 0, 0, 0, 0, 0, 0, 0, 0, 0, 0, 0, 0, 0, 0, 0, 0, 0, 0, 0, 0, 0, 0, 0, 0, 0, 0, 0, 0, 0, 0, 0, 0, 0, 0, 0, 0, 0, 1, 2, 2, 2, 2, 3, 4, 5, 6, 9, 11, 14, 18, 23, 31, 40, 51, 63, 77, 96, 119, 147, 190, 243, 308, 364, 412, 454, 515, 573, 633, 699, 760, 814, 866, 928, 991, 1054, 1125, 1192, 1238, 1271, 1315, 1360, 1416, 1476, 1544, 1603, 1647, 1694, 1749, 1792, 1862, 1948, 2025, 2086, 2159, 2252, 2365, 2480, 2596, 2698, 2780, 2874, 2966, 3034, 3121, 3205, 3274, 3352, 3402, 3498, 3614, 3710, 3844, 3976, 4092, 4162, 4242, 4314, 4373, 4417, 4455, 4484, 4505, 4512, 4517, 4518]

INFO: Total Population: 3164182
INFO: R0: 2
INFO: Incubation Period: 5
INFO: Illness Period: 7
X:[0, 1, 2, 3, 4, 5, 6, 7, 8, 9, 10, 11, 12, 13, 14, 15, 16, 17, 18, 19, 20, 21, 22, 23, 24, 25, 26, 27, 28, 29, 30, 31, 32, 33, 34, 35, 36, 37, 38, 39, 40, 41, 42, 43, 44, 45, 46, 47, 48, 49, 50, 51, 52, 53, 54, 55, 56, 57, 58, 59, 60, 61, 62, 63, 64, 65, 66, 67, 68, 69, 70, 71, 72, 73, 74, 75, 76, 77, 78, 79, 80, 81, 82, 83, 84, 85, 86, 87, 88, 89, 90, 91, 92, 93, 94, 95, 96, 97, 98, 99, 100, 101, 102, 103, 104, 105, 106, 107, 108, 109, 110, 111, 112, 113, 114, 115, 116, 117, 118, 119, 120, 121, 122, 123, 124, 125, 126, 127, 128, 129, 130]
YNEW:[0, 0, 0, 0, 0, 0, 0, 0, 0, 0, 0, 0, 0, 0, 0, 0, 0, 0, 0, 0, 0, 0, 0, 0, 0, 0, 0, 0, 0, 0, 0, 0, 0, 0, 0, 0, 0, 0, 0, 0, 0, 0, 1, 1, 0, 0, 0, 1, 1, 1, 1, 3, 2, 3, 4, 5, 8, 9, 11, 12, 14, 19, 23, 28, 43, 53, 65, 56, 48, 42, 61, 58, 60, 66, 61, 54, 52, 62, 63, 63, 71, 67, 46, 33, 44, 45, 56, 60, 68, 59, 44, 47, 55, 43, 70, 86, 77, 61, 73, 93, 113, 115, 116, 102, 82, 94, 92, 81, 73, 93, 71, 81, 89, 94, 127, 124, 152, 153, 103, 89, 75, 84, 74, 60, 32, 20, 15, 9, 2, 1]
YTOT: [0, 0, 0, 0, 0, 0, 0, 0, 0, 0, 0, 0, 0, 0, 0, 0, 0, 0, 0, 0, 0, 0, 0, 0, 0, 0, 0, 0, 0, 0, 0, 0, 0, 0, 0, 0, 0, 0, 0, 0, 0, 0, 1, 2, 2, 2, 2, 3, 4, 5, 6, 9, 11, 14, 18, 23, 31, 40, 51, 63, 77, 96, 119, 147, 190, 243, 308, 364, 412, 454, 515, 573, 633, 699, 760, 814, 866, 928, 991, 1054, 1125, 1192, 1238, 1271, 1315, 1360, 1416, 1476, 1544, 1603, 1647, 1694, 1749, 1792, 1862, 1948, 2025, 2086, 2159, 2252, 2365, 2480, 2596, 2698, 2780, 2874, 2966, 3047, 3120, 3213, 3284, 3365, 3454, 3548, 3675, 3799, 3951, 4104, 4207, 4296, 4371, 4455, 4529, 4589, 4621, 4641, 4656, 4665, 4667, 4668]

INFO: Total Population: 3164182
INFO: R0: 2
INFO: Incubation Period: 5
INFO: Illness Period: 7
X:[0, 1, 2, 3, 4, 5, 6, 7, 8, 9, 10, 11, 12, 13, 14, 15, 16, 17, 18, 19, 20, 21, 22, 23, 24, 25, 26, 27, 28, 29, 30, 31, 32, 33, 34, 35, 36, 37, 38, 39, 40, 41, 42, 43, 44, 45, 46, 47, 48, 49, 50, 51, 52, 53, 54, 55, 56, 57, 58, 59, 60, 61, 62, 63, 64, 65, 66, 67, 68, 69, 70, 71, 72, 73, 74, 75, 76, 77, 78, 79, 80, 81, 82, 83, 84, 85, 86, 87, 88, 89, 90, 91, 92, 93, 94, 95, 96, 97, 98, 99, 100, 101, 102, 103, 104, 105, 106, 107, 108, 109, 110, 111, 112, 113, 114, 115, 116, 117, 118, 119, 120, 121, 122, 123, 124, 125, 126, 127, 128, 129]
YNEW:[0, 0, 0, 0, 0, 0, 0, 0, 0, 0, 0, 0, 0, 0, 0, 0, 0, 0, 0, 0, 0, 0, 0, 0, 0, 0, 0, 0, 0, 0, 0, 0, 0, 0, 0, 0, 0, 0, 0, 0, 0, 0, 1, 1, 0, 0, 0, 1, 1, 1, 1, 3, 2, 3, 4, 5, 8, 9, 11, 12, 14, 19, 23, 28, 43, 53, 65, 56, 48, 42, 61, 58, 60, 66, 61, 54, 52, 62, 63, 63, 71, 67, 46, 33, 44, 45, 56, 60, 68, 59, 44, 47, 55, 43, 70, 86, 77, 61, 73, 93, 113, 115, 116, 102, 82, 94, 92, 85, 91, 74, 75, 77, 93, 84, 113, 110, 121, 161, 125, 109, 91, 85, 61, 55, 33, 20, 15, 11, 3]
YTOT: [0, 0, 0, 0, 0, 0, 0, 0, 0, 0, 0, 0, 0, 0, 0, 0, 0, 0, 0, 0, 0, 0, 0, 0, 0, 0, 0, 0, 0, 0, 0, 0, 0, 0, 0, 0, 0, 0, 0, 0, 0, 0, 1, 2, 2, 2, 2, 3, 4, 5, 6, 9, 11, 14, 18, 23, 31, 40, 51, 63, 77, 96, 119, 147, 190, 243, 308, 364, 412, 454, 515, 573, 633, 699, 760, 814, 866, 928, 991, 1054, 1125, 1192, 1238, 1271, 1315, 1360, 1416, 1476, 1544, 1603, 1647, 1694, 1749, 1792, 1862, 1948, 2025, 2086, 2159, 2252, 2365, 2480, 2596, 2698, 2780, 2874, 2966, 3051, 3142, 3216, 3291, 3368, 3461, 3545, 3658, 3768, 3889, 4050, 4175, 4284, 4375, 4460, 4521, 4576, 4609, 4629, 4644, 4655, 4658]

INFO: Total Population: 3164182
INFO: R0: 2
INFO: Incubation Period: 5
INFO: Illness Period: 7
X:[0, 1, 2, 3, 4, 5, 6, 7, 8, 9, 10, 11, 12, 13, 14, 15, 16, 17, 18, 19, 20, 21, 22, 23, 24, 25, 26, 27, 28, 29, 30, 31, 32, 33, 34, 35, 36, 37, 38, 39, 40, 41, 42, 43, 44, 45, 46, 47, 48, 49, 50, 51, 52, 53, 54, 55, 56, 57, 58, 59, 60, 61, 62, 63, 64, 65, 66, 67, 68, 69, 70, 71, 72, 73, 74, 75, 76, 77, 78, 79, 80, 81, 82, 83, 84, 85, 86, 87, 88, 89, 90, 91, 92, 93, 94, 95, 96, 97, 98, 99, 100, 101, 102, 103, 104, 105, 106, 107, 108, 109, 110, 111, 112, 113, 114, 115, 116, 117, 118, 119, 120, 121, 122, 123, 124, 125, 126, 127, 128, 129, 130]
YNEW:[0, 0, 0, 0, 0, 0, 0, 0, 0, 0, 0, 0, 0, 0, 0, 0, 0, 0, 0, 0, 0, 0, 0, 0, 0, 0, 0, 0, 0, 0, 0, 0, 0, 0, 0, 0, 0, 0, 0, 0, 0, 0, 1, 1, 0, 0, 0, 1, 1, 1, 1, 3, 2, 3, 4, 5, 8, 9, 11, 12, 14, 19, 23, 28, 43, 53, 65, 56, 48, 42, 61, 58, 60, 66, 61, 54, 52, 62, 63, 63, 71, 67, 46, 33, 44, 45, 56, 60, 68, 59, 44, 47, 55, 43, 70, 86, 77, 61, 73, 93, 113, 115, 116, 102, 82, 94, 92, 101, 83, 93, 61, 63, 57, 110, 138, 132, 108, 140, 113, 84, 84, 64, 54, 57, 22, 12, 17, 9, 2, 2]
YTOT: [0, 0, 0, 0, 0, 0, 0, 0, 0, 0, 0, 0, 0, 0, 0, 0, 0, 0, 0, 0, 0, 0, 0, 0, 0, 0, 0, 0, 0, 0, 0, 0, 0, 0, 0, 0, 0, 0, 0, 0, 0, 0, 1, 2, 2, 2, 2, 3, 4, 5, 6, 9, 11, 14, 18, 23, 31, 40, 51, 63, 77, 96, 119, 147, 190, 243, 308, 364, 412, 454, 515, 573, 633, 699, 760, 814, 866, 928, 991, 1054, 1125, 1192, 1238, 1271, 1315, 1360, 1416, 1476, 1544, 1603, 1647, 1694, 1749, 1792, 1862, 1948, 2025, 2086, 2159, 2252, 2365, 2480, 2596, 2698, 2780, 2874, 2966, 3067, 3150, 3243, 3304, 3367, 3424, 3534, 3672, 3804, 3912, 4052, 4165, 4249, 4333, 4397, 4451, 4508, 4530, 4542, 4559, 4568, 4570, 4572]

INFO: Total Population: 3164182
INFO: R0: 2
INFO: Incubation Period: 5
INFO: Illness Period: 7
X:[0, 1, 2, 3, 4, 5, 6, 7, 8, 9, 10, 11, 12, 13, 14, 15, 16, 17, 18, 19, 20, 21, 22, 23, 24, 25, 26, 27, 28, 29, 30, 31, 32, 33, 34, 35, 36, 37, 38, 39, 40, 41, 42, 43, 44, 45, 46, 47, 48, 49, 50, 51, 52, 53, 54, 55, 56, 57, 58, 59, 60, 61, 62, 63, 64, 65, 66, 67, 68, 69, 70, 71, 72, 73, 74, 75, 76, 77, 78, 79, 80, 81, 82, 83, 84, 85, 86, 87, 88, 89, 90, 91, 92, 93, 94, 95, 96, 97, 98, 99, 100, 101, 102, 103, 104, 105, 106, 107, 108, 109, 110, 111, 112, 113, 114, 115, 116, 117, 118, 119, 120, 121, 122, 123, 124, 125, 126, 127, 128, 129, 130]
YNEW:[0, 0, 0, 0, 0, 0, 0, 0, 0, 0, 0, 0, 0, 0, 0, 0, 0, 0, 0, 0, 0, 0, 0, 0, 0, 0, 0, 0, 0, 0, 0, 0, 0, 0, 0, 0, 0, 0, 0, 0, 0, 0, 1, 1, 0, 0, 0, 1, 1, 1, 1, 3, 2, 3, 4, 5, 8, 9, 11, 12, 14, 19, 23, 28, 43, 53, 65, 56, 48, 42, 61, 58, 60, 66, 61, 54, 52, 62, 63, 63, 71, 67, 46, 33, 44, 45, 56, 60, 68, 59, 44, 47, 55, 43, 70, 86, 77, 61, 73, 93, 113, 115, 116, 102, 82, 94, 92, 90, 80, 71, 78, 76, 58, 105, 111, 127, 121, 143, 125, 87, 81, 58, 53, 45, 43, 21, 13, 9, 8, 1]
YTOT: [0, 0, 0, 0, 0, 0, 0, 0, 0, 0, 0, 0, 0, 0, 0, 0, 0, 0, 0, 0, 0, 0, 0, 0, 0, 0, 0, 0, 0, 0, 0, 0, 0, 0, 0, 0, 0, 0, 0, 0, 0, 0, 1, 2, 2, 2, 2, 3, 4, 5, 6, 9, 11, 14, 18, 23, 31, 40, 51, 63, 77, 96, 119, 147, 190, 243, 308, 364, 412, 454, 515, 573, 633, 699, 760, 814, 866, 928, 991, 1054, 1125, 1192, 1238, 1271, 1315, 1360, 1416, 1476, 1544, 1603, 1647, 1694, 1749, 1792, 1862, 1948, 2025, 2086, 2159, 2252, 2365, 2480, 2596, 2698, 2780, 2874, 2966, 3056, 3136, 3207, 3285, 3361, 3419, 3524, 3635, 3762, 3883, 4026, 4151, 4238, 4319, 4377, 4430, 4475, 4518, 4539, 4552, 4561, 4569, 4570]

INFO: Total Population: 3164182
INFO: R0: 2
INFO: Incubation Period: 5
INFO: Illness Period: 7
X:[0, 1, 2, 3, 4, 5, 6, 7, 8, 9, 10, 11, 12, 13, 14, 15, 16, 17, 18, 19, 20, 21, 22, 23, 24, 25, 26, 27, 28, 29, 30, 31, 32, 33, 34, 35, 36, 37, 38, 39, 40, 41, 42, 43, 44, 45, 46, 47, 48, 49, 50, 51, 52, 53, 54, 55, 56, 57, 58, 59, 60, 61, 62, 63, 64, 65, 66, 67, 68, 69, 70, 71, 72, 73, 74, 75, 76, 77, 78, 79, 80, 81, 82, 83, 84, 85, 86, 87, 88, 89, 90, 91, 92, 93, 94, 95, 96, 97, 98, 99, 100, 101, 102, 103, 104, 105, 106, 107, 108, 109, 110, 111, 112, 113, 114, 115, 116, 117, 118, 119, 120, 121, 122, 123, 124, 125, 126, 127, 128, 129, 130]
YNEW:[0, 0, 0, 0, 0, 0, 0, 0, 0, 0, 0, 0, 0, 0, 0, 0, 0, 0, 0, 0, 0, 0, 0, 0, 0, 0, 0, 0, 0, 0, 0, 0, 0, 0, 0, 0, 0, 0, 0, 0, 0, 0, 1, 1, 0, 0, 0, 1, 1, 1, 1, 3, 2, 3, 4, 5, 8, 9, 11, 12, 14, 19, 23, 28, 43, 53, 65, 56, 48, 42, 61, 58, 60, 66, 61, 54, 52, 62, 63, 63, 71, 67, 46, 33, 44, 45, 56, 60, 68, 59, 44, 47, 55, 43, 70, 86, 77, 61, 73, 93, 113, 115, 116, 102, 82, 94, 92, 106, 85, 66, 57, 68, 98, 134, 117, 113, 116, 156, 121, 91, 75, 78, 51, 47, 31, 23, 18, 7, 5, 1]
YTOT: [0, 0, 0, 0, 0, 0, 0, 0, 0, 0, 0, 0, 0, 0, 0, 0, 0, 0, 0, 0, 0, 0, 0, 0, 0, 0, 0, 0, 0, 0, 0, 0, 0, 0, 0, 0, 0, 0, 0, 0, 0, 0, 1, 2, 2, 2, 2, 3, 4, 5, 6, 9, 11, 14, 18, 23, 31, 40, 51, 63, 77, 96, 119, 147, 190, 243, 308, 364, 412, 454, 515, 573, 633, 699, 760, 814, 866, 928, 991, 1054, 1125, 1192, 1238, 1271, 1315, 1360, 1416, 1476, 1544, 1603, 1647, 1694, 1749, 1792, 1862, 1948, 2025, 2086, 2159, 2252, 2365, 2480, 2596, 2698, 2780, 2874, 2966, 3072, 3157, 3223, 3280, 3348, 3446, 3580, 3697, 3810, 3926, 4082, 4203, 4294, 4369, 4447, 4498, 4545, 4576, 4599, 4617, 4624, 4629, 4630]

INFO: Total Population: 3164182
INFO: R0: 2
INFO: Incubation Period: 5
INFO: Illness Period: 7
X:[0, 1, 2, 3, 4, 5, 6, 7, 8, 9, 10, 11, 12, 13, 14, 15, 16, 17, 18, 19, 20, 21, 22, 23, 24, 25, 26, 27, 28, 29, 30, 31, 32, 33, 34, 35, 36, 37, 38, 39, 40, 41, 42, 43, 44, 45, 46, 47, 48, 49, 50, 51, 52, 53, 54, 55, 56, 57, 58, 59, 60, 61, 62, 63, 64, 65, 66, 67, 68, 69, 70, 71, 72, 73, 74, 75, 76, 77, 78, 79, 80, 81, 82, 83, 84, 85, 86, 87, 88, 89, 90, 91, 92, 93, 94, 95, 96, 97, 98, 99, 100, 101, 102, 103, 104, 105, 106, 107, 108, 109, 110, 111, 112, 113, 114, 115, 116, 117, 118, 119, 120, 121, 122, 123, 124, 125, 126, 127, 128, 129, 130]
YNEW:[0, 0, 0, 0, 0, 0, 0, 0, 0, 0, 0, 0, 0, 0, 0, 0, 0, 0, 0, 0, 0, 0, 0, 0, 0, 0, 0, 0, 0, 0, 0, 0, 0, 0, 0, 0, 0, 0, 0, 0, 0, 0, 1, 1, 0, 0, 0, 1, 1, 1, 1, 3, 2, 3, 4, 5, 8, 9, 11, 12, 14, 19, 23, 28, 43, 53, 65, 56, 48, 42, 61, 58, 60, 66, 61, 54, 52, 62, 63, 63, 71, 67, 46, 33, 44, 45, 56, 60, 68, 59, 44, 47, 55, 43, 70, 86, 77, 61, 73, 93, 113, 115, 116, 102, 82, 94, 92, 76, 85, 80, 79, 68, 62, 106, 119, 113, 129, 159, 112, 89, 75, 65, 60, 42, 34, 26, 12, 6, 1, 1]
YTOT: [0, 0, 0, 0, 0, 0, 0, 0, 0, 0, 0, 0, 0, 0, 0, 0, 0, 0, 0, 0, 0, 0, 0, 0, 0, 0, 0, 0, 0, 0, 0, 0, 0, 0, 0, 0, 0, 0, 0, 0, 0, 0, 1, 2, 2, 2, 2, 3, 4, 5, 6, 9, 11, 14, 18, 23, 31, 40, 51, 63, 77, 96, 119, 147, 190, 243, 308, 364, 412, 454, 515, 573, 633, 699, 760, 814, 866, 928, 991, 1054, 1125, 1192, 1238, 1271, 1315, 1360, 1416, 1476, 1544, 1603, 1647, 1694, 1749, 1792, 1862, 1948, 2025, 2086, 2159, 2252, 2365, 2480, 2596, 2698, 2780, 2874, 2966, 3042, 3127, 3207, 3286, 3354, 3416, 3522, 3641, 3754, 3883, 4042, 4154, 4243, 4318, 4383, 4443, 4485, 4519, 4545, 4557, 4563, 4564, 4565]

INFO: Total Population: 3164182
INFO: R0: 2
INFO: Incubation Period: 5
INFO: Illness Period: 7
X:[0, 1, 2, 3, 4, 5, 6, 7, 8, 9, 10, 11, 12, 13, 14, 15, 16, 17, 18, 19, 20, 21, 22, 23, 24, 25, 26, 27, 28, 29, 30, 31, 32, 33, 34, 35, 36, 37, 38, 39, 40, 41, 42, 43, 44, 45, 46, 47, 48, 49, 50, 51, 52, 53, 54, 55, 56, 57, 58, 59, 60, 61, 62, 63, 64, 65, 66, 67, 68, 69, 70, 71, 72, 73, 74, 75, 76, 77, 78, 79, 80, 81, 82, 83, 84, 85, 86, 87, 88, 89, 90, 91, 92, 93, 94, 95, 96, 97, 98, 99, 100, 101, 102, 103, 104, 105, 106, 107, 108, 109, 110, 111, 112, 113, 114, 115, 116, 117, 118, 119, 120, 121, 122, 123, 124, 125, 126, 127, 128, 129, 130]
YNEW:[0, 0, 0, 0, 0, 0, 0, 0, 0, 0, 0, 0, 0, 0, 0, 0, 0, 0, 0, 0, 0, 0, 0, 0, 0, 0, 0, 0, 0, 0, 0, 0, 0, 0, 0, 0, 0, 0, 0, 0, 0, 0, 1, 1, 0, 0, 0, 1, 1, 1, 1, 3, 2, 3, 4, 5, 8, 9, 11, 12, 14, 19, 23, 28, 43, 53, 65, 56, 48, 42, 61, 58, 60, 66, 61, 54, 52, 62, 63, 63, 71, 67, 46, 33, 44, 45, 56, 60, 68, 59, 44, 47, 55, 43, 70, 86, 77, 61, 73, 93, 113, 115, 116, 102, 82, 94, 92, 76, 96, 81, 57, 65, 53, 120, 115, 124, 133, 116, 98, 76, 74, 71, 57, 43, 36, 22, 21, 9, 4, 2]
YTOT: [0, 0, 0, 0, 0, 0, 0, 0, 0, 0, 0, 0, 0, 0, 0, 0, 0, 0, 0, 0, 0, 0, 0, 0, 0, 0, 0, 0, 0, 0, 0, 0, 0, 0, 0, 0, 0, 0, 0, 0, 0, 0, 1, 2, 2, 2, 2, 3, 4, 5, 6, 9, 11, 14, 18, 23, 31, 40, 51, 63, 77, 96, 119, 147, 190, 243, 308, 364, 412, 454, 515, 573, 633, 699, 760, 814, 866, 928, 991, 1054, 1125, 1192, 1238, 1271, 1315, 1360, 1416, 1476, 1544, 1603, 1647, 1694, 1749, 1792, 1862, 1948, 2025, 2086, 2159, 2252, 2365, 2480, 2596, 2698, 2780, 2874, 2966, 3042, 3138, 3219, 3276, 3341, 3394, 3514, 3629, 3753, 3886, 4002, 4100, 4176, 4250, 4321, 4378, 4421, 4457, 4479, 4500, 4509, 4513, 4515]

INFO: Total Population: 3164182
INFO: R0: 2
INFO: Incubation Period: 5
INFO: Illness Period: 7
X:[0, 1, 2, 3, 4, 5, 6, 7, 8, 9, 10, 11, 12, 13, 14, 15, 16, 17, 18, 19, 20, 21, 22, 23, 24, 25, 26, 27, 28, 29, 30, 31, 32, 33, 34, 35, 36, 37, 38, 39, 40, 41, 42, 43, 44, 45, 46, 47, 48, 49, 50, 51, 52, 53, 54, 55, 56, 57, 58, 59, 60, 61, 62, 63, 64, 65, 66, 67, 68, 69, 70, 71, 72, 73, 74, 75, 76, 77, 78, 79, 80, 81, 82, 83, 84, 85, 86, 87, 88, 89, 90, 91, 92, 93, 94, 95, 96, 97, 98, 99, 100, 101, 102, 103, 104, 105, 106, 107, 108, 109, 110, 111, 112, 113, 114, 115, 116, 117, 118, 119, 120, 121, 122, 123, 124, 125, 126, 127, 128, 129, 130]
YNEW:[0, 0, 0, 0, 0, 0, 0, 0, 0, 0, 0, 0, 0, 0, 0, 0, 0, 0, 0, 0, 0, 0, 0, 0, 0, 0, 0, 0, 0, 0, 0, 0, 0, 0, 0, 0, 0, 0, 0, 0, 0, 0, 1, 1, 0, 0, 0, 1, 1, 1, 1, 3, 2, 3, 4, 5, 8, 9, 11, 12, 14, 19, 23, 28, 43, 53, 65, 56, 48, 42, 61, 58, 60, 66, 61, 54, 52, 62, 63, 63, 71, 67, 46, 33, 44, 45, 56, 60, 68, 59, 44, 47, 55, 43, 70, 86, 77, 61, 73, 93, 113, 115, 116, 102, 82, 94, 92, 78, 98, 72, 68, 72, 65, 96, 131, 130, 114, 118, 127, 92, 80, 77, 55, 42, 39, 21, 20, 10, 4, 2]
YTOT: [0, 0, 0, 0, 0, 0, 0, 0, 0, 0, 0, 0, 0, 0, 0, 0, 0, 0, 0, 0, 0, 0, 0, 0, 0, 0, 0, 0, 0, 0, 0, 0, 0, 0, 0, 0, 0, 0, 0, 0, 0, 0, 1, 2, 2, 2, 2, 3, 4, 5, 6, 9, 11, 14, 18, 23, 31, 40, 51, 63, 77, 96, 119, 147, 190, 243, 308, 364, 412, 454, 515, 573, 633, 699, 760, 814, 866, 928, 991, 1054, 1125, 1192, 1238, 1271, 1315, 1360, 1416, 1476, 1544, 1603, 1647, 1694, 1749, 1792, 1862, 1948, 2025, 2086, 2159, 2252, 2365, 2480, 2596, 2698, 2780, 2874, 2966, 3044, 3142, 3214, 3282, 3354, 3419, 3515, 3646, 3776, 3890, 4008, 4135, 4227, 4307, 4384, 4439, 4481, 4520, 4541, 4561, 4571, 4575, 4577]

INFO: Total Population: 3164182
INFO: R0: 2
INFO: Incubation Period: 5
INFO: Illness Period: 7
X:[0, 1, 2, 3, 4, 5, 6, 7, 8, 9, 10, 11, 12, 13, 14, 15, 16, 17, 18, 19, 20, 21, 22, 23, 24, 25, 26, 27, 28, 29, 30, 31, 32, 33, 34, 35, 36, 37, 38, 39, 40, 41, 42, 43, 44, 45, 46, 47, 48, 49, 50, 51, 52, 53, 54, 55, 56, 57, 58, 59, 60, 61, 62, 63, 64, 65, 66, 67, 68, 69, 70, 71, 72, 73, 74, 75, 76, 77, 78, 79, 80, 81, 82, 83, 84, 85, 86, 87, 88, 89, 90, 91, 92, 93, 94, 95, 96, 97, 98, 99, 100, 101, 102, 103, 104, 105, 106, 107, 108, 109, 110, 111, 112, 113, 114, 115, 116, 117, 118, 119, 120, 121, 122, 123, 124, 125, 126, 127, 128, 129, 130]
YNEW:[0, 0, 0, 0, 0, 0, 0, 0, 0, 0, 0, 0, 0, 0, 0, 0, 0, 0, 0, 0, 0, 0, 0, 0, 0, 0, 0, 0, 0, 0, 0, 0, 0, 0, 0, 0, 0, 0, 0, 0, 0, 0, 1, 1, 0, 0, 0, 1, 1, 1, 1, 3, 2, 3, 4, 5, 8, 9, 11, 12, 14, 19, 23, 28, 43, 53, 65, 56, 48, 42, 61, 58, 60, 66, 61, 54, 52, 62, 63, 63, 71, 67, 46, 33, 44, 45, 56, 60, 68, 59, 44, 47, 55, 43, 70, 86, 77, 61, 73, 93, 113, 115, 116, 102, 82, 94, 92, 88, 83, 75, 66, 79, 94, 103, 128, 113, 136, 135, 123, 106, 80, 92, 67, 55, 37, 24, 10, 12, 2, 3]
YTOT: [0, 0, 0, 0, 0, 0, 0, 0, 0, 0, 0, 0, 0, 0, 0, 0, 0, 0, 0, 0, 0, 0, 0, 0, 0, 0, 0, 0, 0, 0, 0, 0, 0, 0, 0, 0, 0, 0, 0, 0, 0, 0, 1, 2, 2, 2, 2, 3, 4, 5, 6, 9, 11, 14, 18, 23, 31, 40, 51, 63, 77, 96, 119, 147, 190, 243, 308, 364, 412, 454, 515, 573, 633, 699, 760, 814, 866, 928, 991, 1054, 1125, 1192, 1238, 1271, 1315, 1360, 1416, 1476, 1544, 1603, 1647, 1694, 1749, 1792, 1862, 1948, 2025, 2086, 2159, 2252, 2365, 2480, 2596, 2698, 2780, 2874, 2966, 3054, 3137, 3212, 3278, 3357, 3451, 3554, 3682, 3795, 3931, 4066, 4189, 4295, 4375, 4467, 4534, 4589, 4626, 4650, 4660, 4672, 4674, 4677]

INFO: Total Population: 3164182
INFO: R0: 2
INFO: Incubation Period: 5
INFO: Illness Period: 7
X:[0, 1, 2, 3, 4, 5, 6, 7, 8, 9, 10, 11, 12, 13, 14, 15, 16, 17, 18, 19, 20, 21, 22, 23, 24, 25, 26, 27, 28, 29, 30, 31, 32, 33, 34, 35, 36, 37, 38, 39, 40, 41, 42, 43, 44, 45, 46, 47, 48, 49, 50, 51, 52, 53, 54, 55, 56, 57, 58, 59, 60, 61, 62, 63, 64, 65, 66, 67, 68, 69, 70, 71, 72, 73, 74, 75, 76, 77, 78, 79, 80, 81, 82, 83, 84, 85, 86, 87, 88, 89, 90, 91, 92, 93, 94, 95, 96, 97, 98, 99, 100, 101, 102, 103, 104, 105, 106, 107, 108, 109, 110, 111, 112, 113, 114, 115, 116, 117, 118, 119, 120, 121, 122, 123, 124, 125, 126, 127, 128, 129]
YNEW:[0, 0, 0, 0, 0, 0, 0, 0, 0, 0, 0, 0, 0, 0, 0, 0, 0, 0, 0, 0, 0, 0, 0, 0, 0, 0, 0, 0, 0, 0, 0, 0, 0, 0, 0, 0, 0, 0, 0, 0, 0, 0, 1, 1, 0, 0, 0, 1, 1, 1, 1, 3, 2, 3, 4, 5, 8, 9, 11, 12, 14, 19, 23, 28, 43, 53, 65, 56, 48, 42, 61, 58, 60, 66, 61, 54, 52, 62, 63, 63, 71, 67, 46, 33, 44, 45, 56, 60, 68, 59, 44, 47, 55, 43, 70, 86, 77, 61, 73, 93, 113, 115, 116, 102, 82, 94, 92, 79, 85, 83, 72, 51, 85, 105, 122, 117, 128, 126, 104, 92, 72, 76, 65, 49, 39, 20, 14, 10, 5]
YTOT: [0, 0, 0, 0, 0, 0, 0, 0, 0, 0, 0, 0, 0, 0, 0, 0, 0, 0, 0, 0, 0, 0, 0, 0, 0, 0, 0, 0, 0, 0, 0, 0, 0, 0, 0, 0, 0, 0, 0, 0, 0, 0, 1, 2, 2, 2, 2, 3, 4, 5, 6, 9, 11, 14, 18, 23, 31, 40, 51, 63, 77, 96, 119, 147, 190, 243, 308, 364, 412, 454, 515, 573, 633, 699, 760, 814, 866, 928, 991, 1054, 1125, 1192, 1238, 1271, 1315, 1360, 1416, 1476, 1544, 1603, 1647, 1694, 1749, 1792, 1862, 1948, 2025, 2086, 2159, 2252, 2365, 2480, 2596, 2698, 2780, 2874, 2966, 3045, 3130, 3213, 3285, 3336, 3421, 3526, 3648, 3765, 3893, 4019, 4123, 4215, 4287, 4363, 4428, 4477, 4516, 4536, 4550, 4560, 4565]

INFO: Total Population: 3164182
INFO: R0: 2
INFO: Incubation Period: 5
INFO: Illness Period: 7
X:[0, 1, 2, 3, 4, 5, 6, 7, 8, 9, 10, 11, 12, 13, 14, 15, 16, 17, 18, 19, 20, 21, 22, 23, 24, 25, 26, 27, 28, 29, 30, 31, 32, 33, 34, 35, 36, 37, 38, 39, 40, 41, 42, 43, 44, 45, 46, 47, 48, 49, 50, 51, 52, 53, 54, 55, 56, 57, 58, 59, 60, 61, 62, 63, 64, 65, 66, 67, 68, 69, 70, 71, 72, 73, 74, 75, 76, 77, 78, 79, 80, 81, 82, 83, 84, 85, 86, 87, 88, 89, 90, 91, 92, 93, 94, 95, 96, 97, 98, 99, 100, 101, 102, 103, 104, 105, 106, 107, 108, 109, 110, 111, 112, 113, 114, 115, 116, 117, 118, 119, 120, 121, 122, 123, 124, 125, 126, 127, 128, 129, 130]
YNEW:[0, 0, 0, 0, 0, 0, 0, 0, 0, 0, 0, 0, 0, 0, 0, 0, 0, 0, 0, 0, 0, 0, 0, 0, 0, 0, 0, 0, 0, 0, 0, 0, 0, 0, 0, 0, 0, 0, 0, 0, 0, 0, 1, 1, 0, 0, 0, 1, 1, 1, 1, 3, 2, 3, 4, 5, 8, 9, 11, 12, 14, 19, 23, 28, 43, 53, 65, 56, 48, 42, 61, 58, 60, 66, 61, 54, 52, 62, 63, 63, 71, 67, 46, 33, 44, 45, 56, 60, 68, 59, 44, 47, 55, 43, 70, 86, 77, 61, 73, 93, 113, 115, 116, 102, 82, 94, 92, 78, 82, 83, 86, 68, 58, 95, 118, 146, 129, 131, 103, 95, 87, 61, 52, 40, 32, 28, 20, 10, 3, 1]
YTOT: [0, 0, 0, 0, 0, 0, 0, 0, 0, 0, 0, 0, 0, 0, 0, 0, 0, 0, 0, 0, 0, 0, 0, 0, 0, 0, 0, 0, 0, 0, 0, 0, 0, 0, 0, 0, 0, 0, 0, 0, 0, 0, 1, 2, 2, 2, 2, 3, 4, 5, 6, 9, 11, 14, 18, 23, 31, 40, 51, 63, 77, 96, 119, 147, 190, 243, 308, 364, 412, 454, 515, 573, 633, 699, 760, 814, 866, 928, 991, 1054, 1125, 1192, 1238, 1271, 1315, 1360, 1416, 1476, 1544, 1603, 1647, 1694, 1749, 1792, 1862, 1948, 2025, 2086, 2159, 2252, 2365, 2480, 2596, 2698, 2780, 2874, 2966, 3044, 3126, 3209, 3295, 3363, 3421, 3516, 3634, 3780, 3909, 4040, 4143, 4238, 4325, 4386, 4438, 4478, 4510, 4538, 4558, 4568, 4571, 4572]

INFO: Total Population: 3164182
INFO: R0: 2
INFO: Incubation Period: 5
INFO: Illness Period: 7
X:[0, 1, 2, 3, 4, 5, 6, 7, 8, 9, 10, 11, 12, 13, 14, 15, 16, 17, 18, 19, 20, 21, 22, 23, 24, 25, 26, 27, 28, 29, 30, 31, 32, 33, 34, 35, 36, 37, 38, 39, 40, 41, 42, 43, 44, 45, 46, 47, 48, 49, 50, 51, 52, 53, 54, 55, 56, 57, 58, 59, 60, 61, 62, 63, 64, 65, 66, 67, 68, 69, 70, 71, 72, 73, 74, 75, 76, 77, 78, 79, 80, 81, 82, 83, 84, 85, 86, 87, 88, 89, 90, 91, 92, 93, 94, 95, 96, 97, 98, 99, 100, 101, 102, 103, 104, 105, 106, 107, 108, 109, 110, 111, 112, 113, 114, 115, 116, 117, 118, 119, 120, 121, 122, 123, 124, 125, 126, 127, 128, 129, 130]
YNEW:[0, 0, 0, 0, 0, 0, 0, 0, 0, 0, 0, 0, 0, 0, 0, 0, 0, 0, 0, 0, 0, 0, 0, 0, 0, 0, 0, 0, 0, 0, 0, 0, 0, 0, 0, 0, 0, 0, 0, 0, 0, 0, 1, 1, 0, 0, 0, 1, 1, 1, 1, 3, 2, 3, 4, 5, 8, 9, 11, 12, 14, 19, 23, 28, 43, 53, 65, 56, 48, 42, 61, 58, 60, 66, 61, 54, 52, 62, 63, 63, 71, 67, 46, 33, 44, 45, 56, 60, 68, 59, 44, 47, 55, 43, 70, 86, 77, 61, 73, 93, 113, 115, 116, 102, 82, 94, 92, 84, 80, 96, 90, 61, 61, 100, 97, 122, 144, 146, 124, 72, 84, 76, 77, 37, 38, 25, 14, 5, 9, 1]
YTOT: [0, 0, 0, 0, 0, 0, 0, 0, 0, 0, 0, 0, 0, 0, 0, 0, 0, 0, 0, 0, 0, 0, 0, 0, 0, 0, 0, 0, 0, 0, 0, 0, 0, 0, 0, 0, 0, 0, 0, 0, 0, 0, 1, 2, 2, 2, 2, 3, 4, 5, 6, 9, 11, 14, 18, 23, 31, 40, 51, 63, 77, 96, 119, 147, 190, 243, 308, 364, 412, 454, 515, 573, 633, 699, 760, 814, 866, 928, 991, 1054, 1125, 1192, 1238, 1271, 1315, 1360, 1416, 1476, 1544, 1603, 1647, 1694, 1749, 1792, 1862, 1948, 2025, 2086, 2159, 2252, 2365, 2480, 2596, 2698, 2780, 2874, 2966, 3050, 3130, 3226, 3316, 3377, 3438, 3538, 3635, 3757, 3901, 4047, 4171, 4243, 4327, 4403, 4480, 4517, 4555, 4580, 4594, 4599, 4608, 4609]

INFO: Total Population: 3164182
INFO: R0: 2
INFO: Incubation Period: 5
INFO: Illness Period: 7
X:[0, 1, 2, 3, 4, 5, 6, 7, 8, 9, 10, 11, 12, 13, 14, 15, 16, 17, 18, 19, 20, 21, 22, 23, 24, 25, 26, 27, 28, 29, 30, 31, 32, 33, 34, 35, 36, 37, 38, 39, 40, 41, 42, 43, 44, 45, 46, 47, 48, 49, 50, 51, 52, 53, 54, 55, 56, 57, 58, 59, 60, 61, 62, 63, 64, 65, 66, 67, 68, 69, 70, 71, 72, 73, 74, 75, 76, 77, 78, 79, 80, 81, 82, 83, 84, 85, 86, 87, 88, 89, 90, 91, 92, 93, 94, 95, 96, 97, 98, 99, 100, 101, 102, 103, 104, 105, 106, 107, 108, 109, 110, 111, 112, 113, 114, 115, 116, 117, 118, 119, 120, 121, 122, 123, 124, 125, 126, 127, 128, 129, 130]
YNEW:[0, 0, 0, 0, 0, 0, 0, 0, 0, 0, 0, 0, 0, 0, 0, 0, 0, 0, 0, 0, 0, 0, 0, 0, 0, 0, 0, 0, 0, 0, 0, 0, 0, 0, 0, 0, 0, 0, 0, 0, 0, 0, 1, 1, 0, 0, 0, 1, 1, 1, 1, 3, 2, 3, 4, 5, 8, 9, 11, 12, 14, 19, 23, 28, 43, 53, 65, 56, 48, 42, 61, 58, 60, 66, 61, 54, 52, 62, 63, 63, 71, 67, 46, 33, 44, 45, 56, 60, 68, 59, 44, 47, 55, 43, 70, 86, 77, 61, 73, 93, 113, 115, 116, 102, 82, 94, 92, 80, 82, 81, 79, 74, 86, 93, 109, 122, 131, 137, 125, 101, 78, 73, 56, 63, 41, 26, 19, 9, 2, 1]
YTOT: [0, 0, 0, 0, 0, 0, 0, 0, 0, 0, 0, 0, 0, 0, 0, 0, 0, 0, 0, 0, 0, 0, 0, 0, 0, 0, 0, 0, 0, 0, 0, 0, 0, 0, 0, 0, 0, 0, 0, 0, 0, 0, 1, 2, 2, 2, 2, 3, 4, 5, 6, 9, 11, 14, 18, 23, 31, 40, 51, 63, 77, 96, 119, 147, 190, 243, 308, 364, 412, 454, 515, 573, 633, 699, 760, 814, 866, 928, 991, 1054, 1125, 1192, 1238, 1271, 1315, 1360, 1416, 1476, 1544, 1603, 1647, 1694, 1749, 1792, 1862, 1948, 2025, 2086, 2159, 2252, 2365, 2480, 2596, 2698, 2780, 2874, 2966, 3046, 3128, 3209, 3288, 3362, 3448, 3541, 3650, 3772, 3903, 4040, 4165, 4266, 4344, 4417, 4473, 4536, 4577, 4603, 4622, 4631, 4633, 4634]

INFO: Total Population: 3164182
INFO: R0: 2
INFO: Incubation Period: 5
INFO: Illness Period: 7
X:[0, 1, 2, 3, 4, 5, 6, 7, 8, 9, 10, 11, 12, 13, 14, 15, 16, 17, 18, 19, 20, 21, 22, 23, 24, 25, 26, 27, 28, 29, 30, 31, 32, 33, 34, 35, 36, 37, 38, 39, 40, 41, 42, 43, 44, 45, 46, 47, 48, 49, 50, 51, 52, 53, 54, 55, 56, 57, 58, 59, 60, 61, 62, 63, 64, 65, 66, 67, 68, 69, 70, 71, 72, 73, 74, 75, 76, 77, 78, 79, 80, 81, 82, 83, 84, 85, 86, 87, 88, 89, 90, 91, 92, 93, 94, 95, 96, 97, 98, 99, 100, 101, 102, 103, 104, 105, 106, 107, 108, 109, 110, 111, 112, 113, 114, 115, 116, 117, 118, 119, 120, 121, 122, 123, 124, 125, 126, 127, 128, 129]
YNEW:[0, 0, 0, 0, 0, 0, 0, 0, 0, 0, 0, 0, 0, 0, 0, 0, 0, 0, 0, 0, 0, 0, 0, 0, 0, 0, 0, 0, 0, 0, 0, 0, 0, 0, 0, 0, 0, 0, 0, 0, 0, 0, 1, 1, 0, 0, 0, 1, 1, 1, 1, 3, 2, 3, 4, 5, 8, 9, 11, 12, 14, 19, 23, 28, 43, 53, 65, 56, 48, 42, 61, 58, 60, 66, 61, 54, 52, 62, 63, 63, 71, 67, 46, 33, 44, 45, 56, 60, 68, 59, 44, 47, 55, 43, 70, 86, 77, 61, 73, 93, 113, 115, 116, 102, 82, 94, 92, 82, 85, 70, 79, 86, 48, 100, 117, 116, 125, 131, 120, 95, 74, 63, 70, 35, 31, 33, 12, 5, 3]
YTOT: [0, 0, 0, 0, 0, 0, 0, 0, 0, 0, 0, 0, 0, 0, 0, 0, 0, 0, 0, 0, 0, 0, 0, 0, 0, 0, 0, 0, 0, 0, 0, 0, 0, 0, 0, 0, 0, 0, 0, 0, 0, 0, 1, 2, 2, 2, 2, 3, 4, 5, 6, 9, 11, 14, 18, 23, 31, 40, 51, 63, 77, 96, 119, 147, 190, 243, 308, 364, 412, 454, 515, 573, 633, 699, 760, 814, 866, 928, 991, 1054, 1125, 1192, 1238, 1271, 1315, 1360, 1416, 1476, 1544, 1603, 1647, 1694, 1749, 1792, 1862, 1948, 2025, 2086, 2159, 2252, 2365, 2480, 2596, 2698, 2780, 2874, 2966, 3048, 3133, 3203, 3282, 3368, 3416, 3516, 3633, 3749, 3874, 4005, 4125, 4220, 4294, 4357, 4427, 4462, 4493, 4526, 4538, 4543, 4546]

INFO: Total Population: 3164182
INFO: R0: 2
INFO: Incubation Period: 5
INFO: Illness Period: 7
X:[0, 1, 2, 3, 4, 5, 6, 7, 8, 9, 10, 11, 12, 13, 14, 15, 16, 17, 18, 19, 20, 21, 22, 23, 24, 25, 26, 27, 28, 29, 30, 31, 32, 33, 34, 35, 36, 37, 38, 39, 40, 41, 42, 43, 44, 45, 46, 47, 48, 49, 50, 51, 52, 53, 54, 55, 56, 57, 58, 59, 60, 61, 62, 63, 64, 65, 66, 67, 68, 69, 70, 71, 72, 73, 74, 75, 76, 77, 78, 79, 80, 81, 82, 83, 84, 85, 86, 87, 88, 89, 90, 91, 92, 93, 94, 95, 96, 97, 98, 99, 100, 101, 102, 103, 104, 105, 106, 107, 108, 109, 110, 111, 112, 113, 114, 115, 116, 117, 118, 119, 120, 121, 122, 123, 124, 125, 126, 127, 128, 129]
YNEW:[0, 0, 0, 0, 0, 0, 0, 0, 0, 0, 0, 0, 0, 0, 0, 0, 0, 0, 0, 0, 0, 0, 0, 0, 0, 0, 0, 0, 0, 0, 0, 0, 0, 0, 0, 0, 0, 0, 0, 0, 0, 0, 1, 1, 0, 0, 0, 1, 1, 1, 1, 3, 2, 3, 4, 5, 8, 9, 11, 12, 14, 19, 23, 28, 43, 53, 65, 56, 48, 42, 61, 58, 60, 66, 61, 54, 52, 62, 63, 63, 71, 67, 46, 33, 44, 45, 56, 60, 68, 59, 44, 47, 55, 43, 70, 86, 77, 61, 73, 93, 113, 115, 116, 102, 82, 94, 92, 83, 98, 80, 71, 64, 87, 123, 109, 113, 142, 152, 123, 102, 73, 63, 68, 50, 32, 32, 13, 8, 4]
YTOT: [0, 0, 0, 0, 0, 0, 0, 0, 0, 0, 0, 0, 0, 0, 0, 0, 0, 0, 0, 0, 0, 0, 0, 0, 0, 0, 0, 0, 0, 0, 0, 0, 0, 0, 0, 0, 0, 0, 0, 0, 0, 0, 1, 2, 2, 2, 2, 3, 4, 5, 6, 9, 11, 14, 18, 23, 31, 40, 51, 63, 77, 96, 119, 147, 190, 243, 308, 364, 412, 454, 515, 573, 633, 699, 760, 814, 866, 928, 991, 1054, 1125, 1192, 1238, 1271, 1315, 1360, 1416, 1476, 1544, 1603, 1647, 1694, 1749, 1792, 1862, 1948, 2025, 2086, 2159, 2252, 2365, 2480, 2596, 2698, 2780, 2874, 2966, 3049, 3147, 3227, 3298, 3362, 3449, 3572, 3681, 3794, 3936, 4088, 4211, 4313, 4386, 4449, 4517, 4567, 4599, 4631, 4644, 4652, 4656]

INFO: Total Population: 3164182
INFO: R0: 2
INFO: Incubation Period: 5
INFO: Illness Period: 7
X:[0, 1, 2, 3, 4, 5, 6, 7, 8, 9, 10, 11, 12, 13, 14, 15, 16, 17, 18, 19, 20, 21, 22, 23, 24, 25, 26, 27, 28, 29, 30, 31, 32, 33, 34, 35, 36, 37, 38, 39, 40, 41, 42, 43, 44, 45, 46, 47, 48, 49, 50, 51, 52, 53, 54, 55, 56, 57, 58, 59, 60, 61, 62, 63, 64, 65, 66, 67, 68, 69, 70, 71, 72, 73, 74, 75, 76, 77, 78, 79, 80, 81, 82, 83, 84, 85, 86, 87, 88, 89, 90, 91, 92, 93, 94, 95, 96, 97, 98, 99, 100, 101, 102, 103, 104, 105, 106, 107, 108, 109, 110, 111, 112, 113, 114, 115, 116, 117, 118, 119, 120, 121, 122, 123, 124, 125, 126, 127, 128, 129, 130]
YNEW:[0, 0, 0, 0, 0, 0, 0, 0, 0, 0, 0, 0, 0, 0, 0, 0, 0, 0, 0, 0, 0, 0, 0, 0, 0, 0, 0, 0, 0, 0, 0, 0, 0, 0, 0, 0, 0, 0, 0, 0, 0, 0, 1, 1, 0, 0, 0, 1, 1, 1, 1, 3, 2, 3, 4, 5, 8, 9, 11, 12, 14, 19, 23, 28, 43, 53, 65, 56, 48, 42, 61, 58, 60, 66, 61, 54, 52, 62, 63, 63, 71, 67, 46, 33, 44, 45, 56, 60, 68, 59, 44, 47, 55, 43, 70, 86, 77, 61, 73, 93, 113, 115, 116, 102, 82, 94, 92, 79, 80, 79, 58, 76, 51, 110, 113, 122, 115, 137, 102, 94, 71, 60, 49, 37, 27, 18, 16, 4, 3, 2]
YTOT: [0, 0, 0, 0, 0, 0, 0, 0, 0, 0, 0, 0, 0, 0, 0, 0, 0, 0, 0, 0, 0, 0, 0, 0, 0, 0, 0, 0, 0, 0, 0, 0, 0, 0, 0, 0, 0, 0, 0, 0, 0, 0, 1, 2, 2, 2, 2, 3, 4, 5, 6, 9, 11, 14, 18, 23, 31, 40, 51, 63, 77, 96, 119, 147, 190, 243, 308, 364, 412, 454, 515, 573, 633, 699, 760, 814, 866, 928, 991, 1054, 1125, 1192, 1238, 1271, 1315, 1360, 1416, 1476, 1544, 1603, 1647, 1694, 1749, 1792, 1862, 1948, 2025, 2086, 2159, 2252, 2365, 2480, 2596, 2698, 2780, 2874, 2966, 3045, 3125, 3204, 3262, 3338, 3389, 3499, 3612, 3734, 3849, 3986, 4088, 4182, 4253, 4313, 4362, 4399, 4426, 4444, 4460, 4464, 4467, 4469]

END