

INFO: Total Population: 1928000
INFO: R0: 2
INFO: Incubation Period: 5
INFO: Illness Period: 12
X:[0, 1, 2, 3, 4, 5, 6, 7, 8, 9, 10, 11, 12, 13, 14, 15, 16, 17, 18, 19, 20, 21, 22, 23, 24, 25, 26, 27, 28, 29, 30, 31, 32, 33, 34, 35, 36, 37, 38, 39, 40, 41, 42, 43, 44, 45, 46, 47, 48, 49, 50, 51, 52, 53, 54, 55, 56, 57, 58, 59, 60, 61]
YNEW:[7, 2, 2, 3, 4, 4, 5, 6, 6, 5, 4, 8, 10, 12, 16, 19, 19, 20, 18, 14, 31, 35, 32, 40, 56, 66, 58, 46, 46, 95, 83, 82, 78, 74, 62, 62, 46, 49, 63, 64, 59, 68, 63, 58, 56, 49, 37, 44, 45, 52, 43, 29, 25, 19, 9, 8, 5, 5, 4, 2, 1]
YTOT: [7, 9, 11, 14, 18, 22, 27, 33, 39, 44, 48, 56, 66, 78, 94, 113, 132, 152, 170, 184, 215, 250, 282, 322, 378, 444, 502, 548, 594, 689, 772, 854, 932, 1006, 1068, 1130, 1176, 1225, 1288, 1352, 1411, 1479, 1542, 1600, 1656, 1705, 1742, 1786, 1831, 1883, 1926, 1955, 1980, 1999, 2008, 2016, 2021, 2026, 2030, 2032, 2033]

INFO: Total Population: 1928000
INFO: R0: 2
INFO: Incubation Period: 5
INFO: Illness Period: 12
X:[0, 1, 2, 3, 4, 5, 6, 7, 8, 9, 10, 11, 12, 13, 14, 15, 16, 17, 18, 19, 20, 21, 22, 23, 24, 25, 26, 27, 28, 29, 30, 31, 32, 33, 34, 35, 36, 37, 38, 39, 40, 41, 42, 43, 44, 45, 46, 47, 48, 49, 50, 51, 52, 53, 54, 55]
YNEW:[7, 2, 2, 3, 4, 4, 5, 6, 6, 5, 4, 8, 10, 12, 16, 19, 19, 20, 18, 14, 31, 35, 32, 40, 56, 66, 58, 46, 46, 95, 83, 82, 78, 74, 62, 62, 46, 49, 63, 64, 59, 68, 63, 64, 57, 57, 44, 43, 26, 39, 26, 18, 15, 8, 4]
YTOT: [7, 9, 11, 14, 18, 22, 27, 33, 39, 44, 48, 56, 66, 78, 94, 113, 132, 152, 170, 184, 215, 250, 282, 322, 378, 444, 502, 548, 594, 689, 772, 854, 932, 1006, 1068, 1130, 1176, 1225, 1288, 1352, 1411, 1479, 1542, 1606, 1663, 1720, 1764, 1807, 1833, 1872, 1898, 1916, 1931, 1939, 1943]

INFO: Total Population: 1928000
INFO: R0: 2
INFO: Incubation Period: 5
INFO: Illness Period: 12
X:[0, 1, 2, 3, 4, 5, 6, 7, 8, 9, 10, 11, 12, 13, 14, 15, 16, 17, 18, 19, 20, 21, 22, 23, 24, 25, 26, 27, 28, 29, 30, 31, 32, 33, 34, 35, 36, 37, 38, 39, 40, 41, 42, 43, 44, 45, 46, 47, 48, 49, 50, 51, 52, 53, 54, 55, 56, 57]
YNEW:[7, 2, 2, 3, 4, 4, 5, 6, 6, 5, 4, 8, 10, 12, 16, 19, 19, 20, 18, 14, 31, 35, 32, 40, 56, 66, 58, 46, 46, 95, 83, 82, 78, 74, 62, 62, 46, 49, 63, 64, 59, 68, 63, 66, 43, 51, 47, 40, 35, 33, 27, 19, 14, 14, 7, 1, 1]
YTOT: [7, 9, 11, 14, 18, 22, 27, 33, 39, 44, 48, 56, 66, 78, 94, 113, 132, 152, 170, 184, 215, 250, 282, 322, 378, 444, 502, 548, 594, 689, 772, 854, 932, 1006, 1068, 1130, 1176, 1225, 1288, 1352, 1411, 1479, 1542, 1608, 1651, 1702, 1749, 1789, 1824, 1857, 1884, 1903, 1917, 1931, 1938, 1939, 1940]

INFO: Total Population: 1928000
INFO: R0: 2
INFO: Incubation Period: 5
INFO: Illness Period: 12
X:[0, 1, 2, 3, 4, 5, 6, 7, 8, 9, 10, 11, 12, 13, 14, 15, 16, 17, 18, 19, 20, 21, 22, 23, 24, 25, 26, 27, 28, 29, 30, 31, 32, 33, 34, 35, 36, 37, 38, 39, 40, 41, 42, 43, 44, 45, 46, 47, 48, 49, 50, 51, 52, 53, 54, 55]
YNEW:[7, 2, 2, 3, 4, 4, 5, 6, 6, 5, 4, 8, 10, 12, 16, 19, 19, 20, 18, 14, 31, 35, 32, 40, 56, 66, 58, 46, 46, 95, 83, 82, 78, 74, 62, 62, 46, 49, 63, 64, 59, 68, 63, 52, 51, 53, 45, 32, 28, 34, 28, 22, 23, 12, 4]
YTOT: [7, 9, 11, 14, 18, 22, 27, 33, 39, 44, 48, 56, 66, 78, 94, 113, 132, 152, 170, 184, 215, 250, 282, 322, 378, 444, 502, 548, 594, 689, 772, 854, 932, 1006, 1068, 1130, 1176, 1225, 1288, 1352, 1411, 1479, 1542, 1594, 1645, 1698, 1743, 1775, 1803, 1837, 1865, 1887, 1910, 1922, 1926]

INFO: Total Population: 1928000
INFO: R0: 2
INFO: Incubation Period: 5
INFO: Illness Period: 12
X:[0, 1, 2, 3, 4, 5, 6, 7, 8, 9, 10, 11, 12, 13, 14, 15, 16, 17, 18, 19, 20, 21, 22, 23, 24, 25, 26, 27, 28, 29, 30, 31, 32, 33, 34, 35, 36, 37, 38, 39, 40, 41, 42, 43, 44, 45, 46, 47, 48, 49, 50, 51, 52, 53, 54, 55, 56, 57, 58, 59, 60, 61]
YNEW:[7, 2, 2, 3, 4, 4, 5, 6, 6, 5, 4, 8, 10, 12, 16, 19, 19, 20, 18, 14, 31, 35, 32, 40, 56, 66, 58, 46, 46, 95, 83, 82, 78, 74, 62, 62, 46, 49, 63, 64, 59, 68, 63, 64, 70, 41, 38, 42, 61, 45, 34, 25, 26, 16, 16, 7, 11, 1, 3, 1, 2]
YTOT: [7, 9, 11, 14, 18, 22, 27, 33, 39, 44, 48, 56, 66, 78, 94, 113, 132, 152, 170, 184, 215, 250, 282, 322, 378, 444, 502, 548, 594, 689, 772, 854, 932, 1006, 1068, 1130, 1176, 1225, 1288, 1352, 1411, 1479, 1542, 1606, 1676, 1717, 1755, 1797, 1858, 1903, 1937, 1962, 1988, 2004, 2020, 2027, 2038, 2039, 2042, 2043, 2045]

INFO: Total Population: 1928000
INFO: R0: 2
INFO: Incubation Period: 5
INFO: Illness Period: 12
X:[0, 1, 2, 3, 4, 5, 6, 7, 8, 9, 10, 11, 12, 13, 14, 15, 16, 17, 18, 19, 20, 21, 22, 23, 24, 25, 26, 27, 28, 29, 30, 31, 32, 33, 34, 35, 36, 37, 38, 39, 40, 41, 42, 43, 44, 45, 46, 47, 48, 49, 50, 51, 52, 53, 54, 55]
YNEW:[7, 2, 2, 3, 4, 4, 5, 6, 6, 5, 4, 8, 10, 12, 16, 19, 19, 20, 18, 14, 31, 35, 32, 40, 56, 66, 58, 46, 46, 95, 83, 82, 78, 74, 62, 62, 46, 49, 63, 64, 59, 68, 63, 52, 61, 54, 45, 46, 47, 36, 30, 15, 12, 7, 9]
YTOT: [7, 9, 11, 14, 18, 22, 27, 33, 39, 44, 48, 56, 66, 78, 94, 113, 132, 152, 170, 184, 215, 250, 282, 322, 378, 444, 502, 548, 594, 689, 772, 854, 932, 1006, 1068, 1130, 1176, 1225, 1288, 1352, 1411, 1479, 1542, 1594, 1655, 1709, 1754, 1800, 1847, 1883, 1913, 1928, 1940, 1947, 1956]

INFO: Total Population: 1928000
INFO: R0: 2
INFO: Incubation Period: 5
INFO: Illness Period: 12
X:[0, 1, 2, 3, 4, 5, 6, 7, 8, 9, 10, 11, 12, 13, 14, 15, 16, 17, 18, 19, 20, 21, 22, 23, 24, 25, 26, 27, 28, 29, 30, 31, 32, 33, 34, 35, 36, 37, 38, 39, 40, 41, 42, 43, 44, 45, 46, 47, 48, 49, 50, 51, 52, 53, 54, 55, 56, 57]
YNEW:[7, 2, 2, 3, 4, 4, 5, 6, 6, 5, 4, 8, 10, 12, 16, 19, 19, 20, 18, 14, 31, 35, 32, 40, 56, 66, 58, 46, 46, 95, 83, 82, 78, 74, 62, 62, 46, 49, 63, 64, 59, 68, 63, 51, 63, 57, 42, 42, 43, 30, 19, 22, 18, 8, 4, 1, 1]
YTOT: [7, 9, 11, 14, 18, 22, 27, 33, 39, 44, 48, 56, 66, 78, 94, 113, 132, 152, 170, 184, 215, 250, 282, 322, 378, 444, 502, 548, 594, 689, 772, 854, 932, 1006, 1068, 1130, 1176, 1225, 1288, 1352, 1411, 1479, 1542, 1593, 1656, 1713, 1755, 1797, 1840, 1870, 1889, 1911, 1929, 1937, 1941, 1942, 1943]

INFO: Total Population: 1928000
INFO: R0: 2
INFO: Incubation Period: 5
INFO: Illness Period: 12
X:[0, 1, 2, 3, 4, 5, 6, 7, 8, 9, 10, 11, 12, 13, 14, 15, 16, 17, 18, 19, 20, 21, 22, 23, 24, 25, 26, 27, 28, 29, 30, 31, 32, 33, 34, 35, 36, 37, 38, 39, 40, 41, 42, 43, 44, 45, 46, 47, 48, 49, 50, 51, 52, 53, 54, 55, 56, 57, 58, 59, 60, 61]
YNEW:[7, 2, 2, 3, 4, 4, 5, 6, 6, 5, 4, 8, 10, 12, 16, 19, 19, 20, 18, 14, 31, 35, 32, 40, 56, 66, 58, 46, 46, 95, 83, 82, 78, 74, 62, 62, 46, 49, 63, 64, 59, 68, 63, 53, 59, 51, 48, 39, 46, 47, 40, 27, 23, 16, 8, 6, 6, 9, 2, 2, 2]
YTOT: [7, 9, 11, 14, 18, 22, 27, 33, 39, 44, 48, 56, 66, 78, 94, 113, 132, 152, 170, 184, 215, 250, 282, 322, 378, 444, 502, 548, 594, 689, 772, 854, 932, 1006, 1068, 1130, 1176, 1225, 1288, 1352, 1411, 1479, 1542, 1595, 1654, 1705, 1753, 1792, 1838, 1885, 1925, 1952, 1975, 1991, 1999, 2005, 2011, 2020, 2022, 2024, 2026]

INFO: Total Population: 1928000
INFO: R0: 2
INFO: Incubation Period: 5
INFO: Illness Period: 12
X:[0, 1, 2, 3, 4, 5, 6, 7, 8, 9, 10, 11, 12, 13, 14, 15, 16, 17, 18, 19, 20, 21, 22, 23, 24, 25, 26, 27, 28, 29, 30, 31, 32, 33, 34, 35, 36, 37, 38, 39, 40, 41, 42, 43, 44, 45, 46, 47, 48, 49, 50, 51, 52, 53, 54, 55, 56, 57, 58, 59, 60]
YNEW:[7, 2, 2, 3, 4, 4, 5, 6, 6, 5, 4, 8, 10, 12, 16, 19, 19, 20, 18, 14, 31, 35, 32, 40, 56, 66, 58, 46, 46, 95, 83, 82, 78, 74, 62, 62, 46, 49, 63, 64, 59, 68, 63, 59, 47, 47, 51, 30, 56, 45, 41, 35, 24, 13, 8, 6, 6, 6, 2, 6]
YTOT: [7, 9, 11, 14, 18, 22, 27, 33, 39, 44, 48, 56, 66, 78, 94, 113, 132, 152, 170, 184, 215, 250, 282, 322, 378, 444, 502, 548, 594, 689, 772, 854, 932, 1006, 1068, 1130, 1176, 1225, 1288, 1352, 1411, 1479, 1542, 1601, 1648, 1695, 1746, 1776, 1832, 1877, 1918, 1953, 1977, 1990, 1998, 2004, 2010, 2016, 2018, 2024]

INFO: Total Population: 1928000
INFO: R0: 2
INFO: Incubation Period: 5
INFO: Illness Period: 12
X:[0, 1, 2, 3, 4, 5, 6, 7, 8, 9, 10, 11, 12, 13, 14, 15, 16, 17, 18, 19, 20, 21, 22, 23, 24, 25, 26, 27, 28, 29, 30, 31, 32, 33, 34, 35, 36, 37, 38, 39, 40, 41, 42, 43, 44, 45, 46, 47, 48, 49, 50, 51, 52, 53, 54, 55, 56, 57, 58, 59, 60]
YNEW:[7, 2, 2, 3, 4, 4, 5, 6, 6, 5, 4, 8, 10, 12, 16, 19, 19, 20, 18, 14, 31, 35, 32, 40, 56, 66, 58, 46, 46, 95, 83, 82, 78, 74, 62, 62, 46, 49, 63, 64, 59, 68, 63, 59, 71, 41, 44, 41, 51, 52, 34, 25, 27, 20, 14, 5, 7, 5, 1, 1]
YTOT: [7, 9, 11, 14, 18, 22, 27, 33, 39, 44, 48, 56, 66, 78, 94, 113, 132, 152, 170, 184, 215, 250, 282, 322, 378, 444, 502, 548, 594, 689, 772, 854, 932, 1006, 1068, 1130, 1176, 1225, 1288, 1352, 1411, 1479, 1542, 1601, 1672, 1713, 1757, 1798, 1849, 1901, 1935, 1960, 1987, 2007, 2021, 2026, 2033, 2038, 2039, 2040]

INFO: Total Population: 1928000
INFO: R0: 2
INFO: Incubation Period: 5
INFO: Illness Period: 12
X:[0, 1, 2, 3, 4, 5, 6, 7, 8, 9, 10, 11, 12, 13, 14, 15, 16, 17, 18, 19, 20, 21, 22, 23, 24, 25, 26, 27, 28, 29, 30, 31, 32, 33, 34, 35, 36, 37, 38, 39, 40, 41, 42, 43, 44, 45, 46, 47, 48, 49, 50, 51, 52, 53, 54, 55, 56]
YNEW:[7, 2, 2, 3, 4, 4, 5, 6, 6, 5, 4, 8, 10, 12, 16, 19, 19, 20, 18, 14, 31, 35, 32, 40, 56, 66, 58, 46, 46, 95, 83, 82, 78, 74, 62, 62, 46, 49, 63, 64, 59, 68, 63, 55, 55, 49, 38, 38, 27, 30, 24, 27, 11, 16, 6, 1]
YTOT: [7, 9, 11, 14, 18, 22, 27, 33, 39, 44, 48, 56, 66, 78, 94, 113, 132, 152, 170, 184, 215, 250, 282, 322, 378, 444, 502, 548, 594, 689, 772, 854, 932, 1006, 1068, 1130, 1176, 1225, 1288, 1352, 1411, 1479, 1542, 1597, 1652, 1701, 1739, 1777, 1804, 1834, 1858, 1885, 1896, 1912, 1918, 1919]

INFO: Total Population: 1928000
INFO: R0: 2
INFO: Incubation Period: 5
INFO: Illness Period: 12
X:[0, 1, 2, 3, 4, 5, 6, 7, 8, 9, 10, 11, 12, 13, 14, 15, 16, 17, 18, 19, 20, 21, 22, 23, 24, 25, 26, 27, 28, 29, 30, 31, 32, 33, 34, 35, 36, 37, 38, 39, 40, 41, 42, 43, 44, 45, 46, 47, 48, 49, 50, 51, 52, 53, 54, 55, 56, 57, 58, 59, 60]
YNEW:[7, 2, 2, 3, 4, 4, 5, 6, 6, 5, 4, 8, 10, 12, 16, 19, 19, 20, 18, 14, 31, 35, 32, 40, 56, 66, 58, 46, 46, 95, 83, 82, 78, 74, 62, 62, 46, 49, 63, 64, 59, 68, 63, 62, 48, 47, 42, 46, 53, 43, 43, 27, 21, 25, 10, 4, 6, 4, 3, 3]
YTOT: [7, 9, 11, 14, 18, 22, 27, 33, 39, 44, 48, 56, 66, 78, 94, 113, 132, 152, 170, 184, 215, 250, 282, 322, 378, 444, 502, 548, 594, 689, 772, 854, 932, 1006, 1068, 1130, 1176, 1225, 1288, 1352, 1411, 1479, 1542, 1604, 1652, 1699, 1741, 1787, 1840, 1883, 1926, 1953, 1974, 1999, 2009, 2013, 2019, 2023, 2026, 2029]

INFO: Total Population: 1928000
INFO: R0: 2
INFO: Incubation Period: 5
INFO: Illness Period: 12
X:[0, 1, 2, 3, 4, 5, 6, 7, 8, 9, 10, 11, 12, 13, 14, 15, 16, 17, 18, 19, 20, 21, 22, 23, 24, 25, 26, 27, 28, 29, 30, 31, 32, 33, 34, 35, 36, 37, 38, 39, 40, 41, 42, 43, 44, 45, 46, 47, 48, 49, 50, 51, 52, 53, 54, 55]
YNEW:[7, 2, 2, 3, 4, 4, 5, 6, 6, 5, 4, 8, 10, 12, 16, 19, 19, 20, 18, 14, 31, 35, 32, 40, 56, 66, 58, 46, 46, 95, 83, 82, 78, 74, 62, 62, 46, 49, 63, 64, 59, 68, 63, 54, 61, 42, 49, 35, 35, 30, 27, 26, 13, 9, 4]
YTOT: [7, 9, 11, 14, 18, 22, 27, 33, 39, 44, 48, 56, 66, 78, 94, 113, 132, 152, 170, 184, 215, 250, 282, 322, 378, 444, 502, 548, 594, 689, 772, 854, 932, 1006, 1068, 1130, 1176, 1225, 1288, 1352, 1411, 1479, 1542, 1596, 1657, 1699, 1748, 1783, 1818, 1848, 1875, 1901, 1914, 1923, 1927]

INFO: Total Population: 1928000
INFO: R0: 2
INFO: Incubation Period: 5
INFO: Illness Period: 12
X:[0, 1, 2, 3, 4, 5, 6, 7, 8, 9, 10, 11, 12, 13, 14, 15, 16, 17, 18, 19, 20, 21, 22, 23, 24, 25, 26, 27, 28, 29, 30, 31, 32, 33, 34, 35, 36, 37, 38, 39, 40, 41, 42, 43, 44, 45, 46, 47, 48, 49, 50, 51, 52, 53, 54, 55, 56, 57, 58, 59, 60]
YNEW:[7, 2, 2, 3, 4, 4, 5, 6, 6, 5, 4, 8, 10, 12, 16, 19, 19, 20, 18, 14, 31, 35, 32, 40, 56, 66, 58, 46, 46, 95, 83, 82, 78, 74, 62, 62, 46, 49, 63, 64, 59, 68, 63, 70, 55, 60, 47, 40, 55, 46, 46, 31, 27, 13, 14, 2, 5, 5, 5, 2]
YTOT: [7, 9, 11, 14, 18, 22, 27, 33, 39, 44, 48, 56, 66, 78, 94, 113, 132, 152, 170, 184, 215, 250, 282, 322, 378, 444, 502, 548, 594, 689, 772, 854, 932, 1006, 1068, 1130, 1176, 1225, 1288, 1352, 1411, 1479, 1542, 1612, 1667, 1727, 1774, 1814, 1869, 1915, 1961, 1992, 2019, 2032, 2046, 2048, 2053, 2058, 2063, 2065]

INFO: Total Population: 1928000
INFO: R0: 2
INFO: Incubation Period: 5
INFO: Illness Period: 12
X:[0, 1, 2, 3, 4, 5, 6, 7, 8, 9, 10, 11, 12, 13, 14, 15, 16, 17, 18, 19, 20, 21, 22, 23, 24, 25, 26, 27, 28, 29, 30, 31, 32, 33, 34, 35, 36, 37, 38, 39, 40, 41, 42, 43, 44, 45, 46, 47, 48, 49, 50, 51, 52, 53, 54, 55, 56, 57, 58, 59, 60, 61]
YNEW:[7, 2, 2, 3, 4, 4, 5, 6, 6, 5, 4, 8, 10, 12, 16, 19, 19, 20, 18, 14, 31, 35, 32, 40, 56, 66, 58, 46, 46, 95, 83, 82, 78, 74, 62, 62, 46, 49, 63, 64, 59, 68, 63, 44, 62, 56, 55, 43, 54, 49, 29, 41, 14, 14, 8, 4, 2, 2, 1, 2, 2]
YTOT: [7, 9, 11, 14, 18, 22, 27, 33, 39, 44, 48, 56, 66, 78, 94, 113, 132, 152, 170, 184, 215, 250, 282, 322, 378, 444, 502, 548, 594, 689, 772, 854, 932, 1006, 1068, 1130, 1176, 1225, 1288, 1352, 1411, 1479, 1542, 1586, 1648, 1704, 1759, 1802, 1856, 1905, 1934, 1975, 1989, 2003, 2011, 2015, 2017, 2019, 2020, 2022, 2024]

INFO: Total Population: 1928000
INFO: R0: 2
INFO: Incubation Period: 5
INFO: Illness Period: 12
X:[0, 1, 2, 3, 4, 5, 6, 7, 8, 9, 10, 11, 12, 13, 14, 15, 16, 17, 18, 19, 20, 21, 22, 23, 24, 25, 26, 27, 28, 29, 30, 31, 32, 33, 34, 35, 36, 37, 38, 39, 40, 41, 42, 43, 44, 45, 46, 47, 48, 49, 50, 51, 52, 53, 54, 55, 56, 57, 58, 59, 60, 61]
YNEW:[7, 2, 2, 3, 4, 4, 5, 6, 6, 5, 4, 8, 10, 12, 16, 19, 19, 20, 18, 14, 31, 35, 32, 40, 56, 66, 58, 46, 46, 95, 83, 82, 78, 74, 62, 62, 46, 49, 63, 64, 59, 68, 63, 51, 59, 46, 50, 38, 41, 37, 45, 38, 22, 14, 6, 5, 5, 3, 4, 2, 1]
YTOT: [7, 9, 11, 14, 18, 22, 27, 33, 39, 44, 48, 56, 66, 78, 94, 113, 132, 152, 170, 184, 215, 250, 282, 322, 378, 444, 502, 548, 594, 689, 772, 854, 932, 1006, 1068, 1130, 1176, 1225, 1288, 1352, 1411, 1479, 1542, 1593, 1652, 1698, 1748, 1786, 1827, 1864, 1909, 1947, 1969, 1983, 1989, 1994, 1999, 2002, 2006, 2008, 2009]

INFO: Total Population: 1928000
INFO: R0: 2
INFO: Incubation Period: 5
INFO: Illness Period: 12
X:[0, 1, 2, 3, 4, 5, 6, 7, 8, 9, 10, 11, 12, 13, 14, 15, 16, 17, 18, 19, 20, 21, 22, 23, 24, 25, 26, 27, 28, 29, 30, 31, 32, 33, 34, 35, 36, 37, 38, 39, 40, 41, 42, 43, 44, 45, 46, 47, 48, 49, 50, 51, 52, 53, 54, 55, 56, 57, 58, 59, 60, 61]
YNEW:[7, 2, 2, 3, 4, 4, 5, 6, 6, 5, 4, 8, 10, 12, 16, 19, 19, 20, 18, 14, 31, 35, 32, 40, 56, 66, 58, 46, 46, 95, 83, 82, 78, 74, 62, 62, 46, 49, 63, 64, 59, 68, 63, 61, 51, 53, 38, 46, 58, 48, 33, 29, 28, 21, 12, 6, 7, 2, 4, 1, 1]
YTOT: [7, 9, 11, 14, 18, 22, 27, 33, 39, 44, 48, 56, 66, 78, 94, 113, 132, 152, 170, 184, 215, 250, 282, 322, 378, 444, 502, 548, 594, 689, 772, 854, 932, 1006, 1068, 1130, 1176, 1225, 1288, 1352, 1411, 1479, 1542, 1603, 1654, 1707, 1745, 1791, 1849, 1897, 1930, 1959, 1987, 2008, 2020, 2026, 2033, 2035, 2039, 2040, 2041]

INFO: Total Population: 1928000
INFO: R0: 2
INFO: Incubation Period: 5
INFO: Illness Period: 12
X:[0, 1, 2, 3, 4, 5, 6, 7, 8, 9, 10, 11, 12, 13, 14, 15, 16, 17, 18, 19, 20, 21, 22, 23, 24, 25, 26, 27, 28, 29, 30, 31, 32, 33, 34, 35, 36, 37, 38, 39, 40, 41, 42, 43, 44, 45, 46, 47, 48, 49, 50, 51, 52, 53, 54, 55, 56, 57, 58, 59, 60, 61]
YNEW:[7, 2, 2, 3, 4, 4, 5, 6, 6, 5, 4, 8, 10, 12, 16, 19, 19, 20, 18, 14, 31, 35, 32, 40, 56, 66, 58, 46, 46, 95, 83, 82, 78, 74, 62, 62, 46, 49, 63, 64, 59, 68, 63, 56, 60, 60, 42, 47, 44, 49, 35, 27, 20, 22, 4, 9, 4, 1, 2, 4, 1]
YTOT: [7, 9, 11, 14, 18, 22, 27, 33, 39, 44, 48, 56, 66, 78, 94, 113, 132, 152, 170, 184, 215, 250, 282, 322, 378, 444, 502, 548, 594, 689, 772, 854, 932, 1006, 1068, 1130, 1176, 1225, 1288, 1352, 1411, 1479, 1542, 1598, 1658, 1718, 1760, 1807, 1851, 1900, 1935, 1962, 1982, 2004, 2008, 2017, 2021, 2022, 2024, 2028, 2029]

INFO: Total Population: 1928000
INFO: R0: 2
INFO: Incubation Period: 5
INFO: Illness Period: 12
X:[0, 1, 2, 3, 4, 5, 6, 7, 8, 9, 10, 11, 12, 13, 14, 15, 16, 17, 18, 19, 20, 21, 22, 23, 24, 25, 26, 27, 28, 29, 30, 31, 32, 33, 34, 35, 36, 37, 38, 39, 40, 41, 42, 43, 44, 45, 46, 47, 48, 49, 50, 51, 52, 53, 54, 55, 56, 57, 58, 59, 60, 61]
YNEW:[7, 2, 2, 3, 4, 4, 5, 6, 6, 5, 4, 8, 10, 12, 16, 19, 19, 20, 18, 14, 31, 35, 32, 40, 56, 66, 58, 46, 46, 95, 83, 82, 78, 74, 62, 62, 46, 49, 63, 64, 59, 68, 63, 64, 59, 51, 45, 35, 41, 48, 34, 40, 28, 21, 18, 4, 7, 5, 5, 2, 1]
YTOT: [7, 9, 11, 14, 18, 22, 27, 33, 39, 44, 48, 56, 66, 78, 94, 113, 132, 152, 170, 184, 215, 250, 282, 322, 378, 444, 502, 548, 594, 689, 772, 854, 932, 1006, 1068, 1130, 1176, 1225, 1288, 1352, 1411, 1479, 1542, 1606, 1665, 1716, 1761, 1796, 1837, 1885, 1919, 1959, 1987, 2008, 2026, 2030, 2037, 2042, 2047, 2049, 2050]

INFO: Total Population: 1928000
INFO: R0: 2
INFO: Incubation Period: 5
INFO: Illness Period: 12
X:[0, 1, 2, 3, 4, 5, 6, 7, 8, 9, 10, 11, 12, 13, 14, 15, 16, 17, 18, 19, 20, 21, 22, 23, 24, 25, 26, 27, 28, 29, 30, 31, 32, 33, 34, 35, 36, 37, 38, 39, 40, 41, 42, 43, 44, 45, 46, 47, 48, 49, 50, 51, 52, 53, 54, 55, 56, 57, 58, 59, 60, 61]
YNEW:[7, 2, 2, 3, 4, 4, 5, 6, 6, 5, 4, 8, 10, 12, 16, 19, 19, 20, 18, 14, 31, 35, 32, 40, 56, 66, 58, 46, 46, 95, 83, 82, 78, 74, 62, 62, 46, 49, 63, 64, 59, 68, 63, 50, 63, 43, 39, 42, 50, 45, 41, 24, 17, 21, 10, 7, 5, 4, 2, 2, 1]
YTOT: [7, 9, 11, 14, 18, 22, 27, 33, 39, 44, 48, 56, 66, 78, 94, 113, 132, 152, 170, 184, 215, 250, 282, 322, 378, 444, 502, 548, 594, 689, 772, 854, 932, 1006, 1068, 1130, 1176, 1225, 1288, 1352, 1411, 1479, 1542, 1592, 1655, 1698, 1737, 1779, 1829, 1874, 1915, 1939, 1956, 1977, 1987, 1994, 1999, 2003, 2005, 2007, 2008]

INFO: Total Population: 1928000
INFO: R0: 2
INFO: Incubation Period: 5
INFO: Illness Period: 12
X:[0, 1, 2, 3, 4, 5, 6, 7, 8, 9, 10, 11, 12, 13, 14, 15, 16, 17, 18, 19, 20, 21, 22, 23, 24, 25, 26, 27, 28, 29, 30, 31, 32, 33, 34, 35, 36, 37, 38, 39, 40, 41, 42, 43, 44, 45, 46, 47, 48, 49, 50, 51, 52, 53, 54, 55, 56, 57, 58, 59]
YNEW:[7, 2, 2, 3, 4, 4, 5, 6, 6, 5, 4, 8, 10, 12, 16, 19, 19, 20, 18, 14, 31, 35, 32, 40, 56, 66, 58, 46, 46, 95, 83, 82, 78, 74, 62, 62, 46, 49, 63, 64, 59, 68, 63, 52, 55, 61, 50, 43, 37, 41, 37, 28, 23, 22, 16, 6, 6, 3, 1]
YTOT: [7, 9, 11, 14, 18, 22, 27, 33, 39, 44, 48, 56, 66, 78, 94, 113, 132, 152, 170, 184, 215, 250, 282, 322, 378, 444, 502, 548, 594, 689, 772, 854, 932, 1006, 1068, 1130, 1176, 1225, 1288, 1352, 1411, 1479, 1542, 1594, 1649, 1710, 1760, 1803, 1840, 1881, 1918, 1946, 1969, 1991, 2007, 2013, 2019, 2022, 2023]

INFO: Total Population: 1928000
INFO: R0: 2
INFO: Incubation Period: 5
INFO: Illness Period: 12
X:[0, 1, 2, 3, 4, 5, 6, 7, 8, 9, 10, 11, 12, 13, 14, 15, 16, 17, 18, 19, 20, 21, 22, 23, 24, 25, 26, 27, 28, 29, 30, 31, 32, 33, 34, 35, 36, 37, 38, 39, 40, 41, 42, 43, 44, 45, 46, 47, 48, 49, 50, 51, 52, 53, 54, 55, 56, 57, 58, 59, 60]
YNEW:[7, 2, 2, 3, 4, 4, 5, 6, 6, 5, 4, 8, 10, 12, 16, 19, 19, 20, 18, 14, 31, 35, 32, 40, 56, 66, 58, 46, 46, 95, 83, 82, 78, 74, 62, 62, 46, 49, 63, 64, 59, 68, 63, 62, 56, 49, 40, 47, 62, 46, 39, 29, 24, 24, 9, 3, 9, 3, 2, 3]
YTOT: [7, 9, 11, 14, 18, 22, 27, 33, 39, 44, 48, 56, 66, 78, 94, 113, 132, 152, 170, 184, 215, 250, 282, 322, 378, 444, 502, 548, 594, 689, 772, 854, 932, 1006, 1068, 1130, 1176, 1225, 1288, 1352, 1411, 1479, 1542, 1604, 1660, 1709, 1749, 1796, 1858, 1904, 1943, 1972, 1996, 2020, 2029, 2032, 2041, 2044, 2046, 2049]

INFO: Total Population: 1928000
INFO: R0: 2
INFO: Incubation Period: 5
INFO: Illness Period: 12
X:[0, 1, 2, 3, 4, 5, 6, 7, 8, 9, 10, 11, 12, 13, 14, 15, 16, 17, 18, 19, 20, 21, 22, 23, 24, 25, 26, 27, 28, 29, 30, 31, 32, 33, 34, 35, 36, 37, 38, 39, 40, 41, 42, 43, 44, 45, 46, 47, 48, 49, 50, 51, 52, 53, 54, 55]
YNEW:[7, 2, 2, 3, 4, 4, 5, 6, 6, 5, 4, 8, 10, 12, 16, 19, 19, 20, 18, 14, 31, 35, 32, 40, 56, 66, 58, 46, 46, 95, 83, 82, 78, 74, 62, 62, 46, 49, 63, 64, 59, 68, 63, 56, 51, 43, 47, 30, 45, 26, 37, 20, 13, 12, 3]
YTOT: [7, 9, 11, 14, 18, 22, 27, 33, 39, 44, 48, 56, 66, 78, 94, 113, 132, 152, 170, 184, 215, 250, 282, 322, 378, 444, 502, 548, 594, 689, 772, 854, 932, 1006, 1068, 1130, 1176, 1225, 1288, 1352, 1411, 1479, 1542, 1598, 1649, 1692, 1739, 1769, 1814, 1840, 1877, 1897, 1910, 1922, 1925]

INFO: Total Population: 1928000
INFO: R0: 2
INFO: Incubation Period: 5
INFO: Illness Period: 12
X:[0, 1, 2, 3, 4, 5, 6, 7, 8, 9, 10, 11, 12, 13, 14, 15, 16, 17, 18, 19, 20, 21, 22, 23, 24, 25, 26, 27, 28, 29, 30, 31, 32, 33, 34, 35, 36, 37, 38, 39, 40, 41, 42, 43, 44, 45, 46, 47, 48, 49, 50, 51, 52, 53, 54, 55, 56, 57, 58, 59, 60]
YNEW:[7, 2, 2, 3, 4, 4, 5, 6, 6, 5, 4, 8, 10, 12, 16, 19, 19, 20, 18, 14, 31, 35, 32, 40, 56, 66, 58, 46, 46, 95, 83, 82, 78, 74, 62, 62, 46, 49, 63, 64, 59, 68, 63, 51, 65, 47, 49, 37, 51, 42, 35, 31, 30, 19, 7, 3, 4, 5, 2, 3]
YTOT: [7, 9, 11, 14, 18, 22, 27, 33, 39, 44, 48, 56, 66, 78, 94, 113, 132, 152, 170, 184, 215, 250, 282, 322, 378, 444, 502, 548, 594, 689, 772, 854, 932, 1006, 1068, 1130, 1176, 1225, 1288, 1352, 1411, 1479, 1542, 1593, 1658, 1705, 1754, 1791, 1842, 1884, 1919, 1950, 1980, 1999, 2006, 2009, 2013, 2018, 2020, 2023]

INFO: Total Population: 1928000
INFO: R0: 2
INFO: Incubation Period: 5
INFO: Illness Period: 12
X:[0, 1, 2, 3, 4, 5, 6, 7, 8, 9, 10, 11, 12, 13, 14, 15, 16, 17, 18, 19, 20, 21, 22, 23, 24, 25, 26, 27, 28, 29, 30, 31, 32, 33, 34, 35, 36, 37, 38, 39, 40, 41, 42, 43, 44, 45, 46, 47, 48, 49, 50, 51, 52, 53, 54, 55, 56, 57, 58, 59, 60]
YNEW:[7, 2, 2, 3, 4, 4, 5, 6, 6, 5, 4, 8, 10, 12, 16, 19, 19, 20, 18, 14, 31, 35, 32, 40, 56, 66, 58, 46, 46, 95, 83, 82, 78, 74, 62, 62, 46, 49, 63, 64, 59, 68, 63, 57, 66, 51, 47, 35, 46, 41, 46, 33, 27, 18, 13, 4, 6, 4, 7, 1]
YTOT: [7, 9, 11, 14, 18, 22, 27, 33, 39, 44, 48, 56, 66, 78, 94, 113, 132, 152, 170, 184, 215, 250, 282, 322, 378, 444, 502, 548, 594, 689, 772, 854, 932, 1006, 1068, 1130, 1176, 1225, 1288, 1352, 1411, 1479, 1542, 1599, 1665, 1716, 1763, 1798, 1844, 1885, 1931, 1964, 1991, 2009, 2022, 2026, 2032, 2036, 2043, 2044]

INFO: Total Population: 1928000
INFO: R0: 2
INFO: Incubation Period: 5
INFO: Illness Period: 12
X:[0, 1, 2, 3, 4, 5, 6, 7, 8, 9, 10, 11, 12, 13, 14, 15, 16, 17, 18, 19, 20, 21, 22, 23, 24, 25, 26, 27, 28, 29, 30, 31, 32, 33, 34, 35, 36, 37, 38, 39, 40, 41, 42, 43, 44, 45, 46, 47, 48, 49, 50, 51, 52, 53, 54, 55, 56, 57, 58, 59, 60]
YNEW:[7, 2, 2, 3, 4, 4, 5, 6, 6, 5, 4, 8, 10, 12, 16, 19, 19, 20, 18, 14, 31, 35, 32, 40, 56, 66, 58, 46, 46, 95, 83, 82, 78, 74, 62, 62, 46, 49, 63, 64, 59, 68, 63, 54, 53, 57, 43, 42, 48, 45, 37, 29, 26, 23, 7, 7, 6, 4, 1, 2]
YTOT: [7, 9, 11, 14, 18, 22, 27, 33, 39, 44, 48, 56, 66, 78, 94, 113, 132, 152, 170, 184, 215, 250, 282, 322, 378, 444, 502, 548, 594, 689, 772, 854, 932, 1006, 1068, 1130, 1176, 1225, 1288, 1352, 1411, 1479, 1542, 1596, 1649, 1706, 1749, 1791, 1839, 1884, 1921, 1950, 1976, 1999, 2006, 2013, 2019, 2023, 2024, 2026]

INFO: Total Population: 1928000
INFO: R0: 2
INFO: Incubation Period: 5
INFO: Illness Period: 12
X:[0, 1, 2, 3, 4, 5, 6, 7, 8, 9, 10, 11, 12, 13, 14, 15, 16, 17, 18, 19, 20, 21, 22, 23, 24, 25, 26, 27, 28, 29, 30, 31, 32, 33, 34, 35, 36, 37, 38, 39, 40, 41, 42, 43, 44, 45, 46, 47, 48, 49, 50, 51, 52, 53, 54, 55]
YNEW:[7, 2, 2, 3, 4, 4, 5, 6, 6, 5, 4, 8, 10, 12, 16, 19, 19, 20, 18, 14, 31, 35, 32, 40, 56, 66, 58, 46, 46, 95, 83, 82, 78, 74, 62, 62, 46, 49, 63, 64, 59, 68, 63, 61, 59, 59, 44, 38, 36, 19, 24, 26, 23, 9, 10]
YTOT: [7, 9, 11, 14, 18, 22, 27, 33, 39, 44, 48, 56, 66, 78, 94, 113, 132, 152, 170, 184, 215, 250, 282, 322, 378, 444, 502, 548, 594, 689, 772, 854, 932, 1006, 1068, 1130, 1176, 1225, 1288, 1352, 1411, 1479, 1542, 1603, 1662, 1721, 1765, 1803, 1839, 1858, 1882, 1908, 1931, 1940, 1950]

INFO: Total Population: 1928000
INFO: R0: 2
INFO: Incubation Period: 5
INFO: Illness Period: 12
X:[0, 1, 2, 3, 4, 5, 6, 7, 8, 9, 10, 11, 12, 13, 14, 15, 16, 17, 18, 19, 20, 21, 22, 23, 24, 25, 26, 27, 28, 29, 30, 31, 32, 33, 34, 35, 36, 37, 38, 39, 40, 41, 42, 43, 44, 45, 46, 47, 48, 49, 50, 51, 52, 53, 54, 55, 56, 57, 58, 59, 60, 61]
YNEW:[7, 2, 2, 3, 4, 4, 5, 6, 6, 5, 4, 8, 10, 12, 16, 19, 19, 20, 18, 14, 31, 35, 32, 40, 56, 66, 58, 46, 46, 95, 83, 82, 78, 74, 62, 62, 46, 49, 63, 64, 59, 68, 63, 57, 69, 53, 53, 37, 45, 46, 35, 30, 17, 17, 15, 9, 8, 1, 5, 2, 1]
YTOT: [7, 9, 11, 14, 18, 22, 27, 33, 39, 44, 48, 56, 66, 78, 94, 113, 132, 152, 170, 184, 215, 250, 282, 322, 378, 444, 502, 548, 594, 689, 772, 854, 932, 1006, 1068, 1130, 1176, 1225, 1288, 1352, 1411, 1479, 1542, 1599, 1668, 1721, 1774, 1811, 1856, 1902, 1937, 1967, 1984, 2001, 2016, 2025, 2033, 2034, 2039, 2041, 2042]

INFO: Total Population: 1928000
INFO: R0: 2
INFO: Incubation Period: 5
INFO: Illness Period: 12
X:[0, 1, 2, 3, 4, 5, 6, 7, 8, 9, 10, 11, 12, 13, 14, 15, 16, 17, 18, 19, 20, 21, 22, 23, 24, 25, 26, 27, 28, 29, 30, 31, 32, 33, 34, 35, 36, 37, 38, 39, 40, 41, 42, 43, 44, 45, 46, 47, 48, 49, 50, 51, 52, 53, 54, 55, 56, 57, 58, 59]
YNEW:[7, 2, 2, 3, 4, 4, 5, 6, 6, 5, 4, 8, 10, 12, 16, 19, 19, 20, 18, 14, 31, 35, 32, 40, 56, 66, 58, 46, 46, 95, 83, 82, 78, 74, 62, 62, 46, 49, 63, 64, 59, 68, 63, 52, 61, 42, 48, 38, 60, 40, 40, 25, 24, 18, 8, 5, 7, 3, 4]
YTOT: [7, 9, 11, 14, 18, 22, 27, 33, 39, 44, 48, 56, 66, 78, 94, 113, 132, 152, 170, 184, 215, 250, 282, 322, 378, 444, 502, 548, 594, 689, 772, 854, 932, 1006, 1068, 1130, 1176, 1225, 1288, 1352, 1411, 1479, 1542, 1594, 1655, 1697, 1745, 1783, 1843, 1883, 1923, 1948, 1972, 1990, 1998, 2003, 2010, 2013, 2017]

INFO: Total Population: 1928000
INFO: R0: 2
INFO: Incubation Period: 5
INFO: Illness Period: 12
X:[0, 1, 2, 3, 4, 5, 6, 7, 8, 9, 10, 11, 12, 13, 14, 15, 16, 17, 18, 19, 20, 21, 22, 23, 24, 25, 26, 27, 28, 29, 30, 31, 32, 33, 34, 35, 36, 37, 38, 39, 40, 41, 42, 43, 44, 45, 46, 47, 48, 49, 50, 51, 52, 53, 54, 55, 56, 57, 58, 59, 60, 61]
YNEW:[7, 2, 2, 3, 4, 4, 5, 6, 6, 5, 4, 8, 10, 12, 16, 19, 19, 20, 18, 14, 31, 35, 32, 40, 56, 66, 58, 46, 46, 95, 83, 82, 78, 74, 62, 62, 46, 49, 63, 64, 59, 68, 63, 65, 54, 55, 55, 33, 48, 44, 26, 29, 26, 23, 16, 7, 5, 6, 3, 1, 1]
YTOT: [7, 9, 11, 14, 18, 22, 27, 33, 39, 44, 48, 56, 66, 78, 94, 113, 132, 152, 170, 184, 215, 250, 282, 322, 378, 444, 502, 548, 594, 689, 772, 854, 932, 1006, 1068, 1130, 1176, 1225, 1288, 1352, 1411, 1479, 1542, 1607, 1661, 1716, 1771, 1804, 1852, 1896, 1922, 1951, 1977, 2000, 2016, 2023, 2028, 2034, 2037, 2038, 2039]

INFO: Total Population: 1928000
INFO: R0: 2
INFO: Incubation Period: 5
INFO: Illness Period: 12
X:[0, 1, 2, 3, 4, 5, 6, 7, 8, 9, 10, 11, 12, 13, 14, 15, 16, 17, 18, 19, 20, 21, 22, 23, 24, 25, 26, 27, 28, 29, 30, 31, 32, 33, 34, 35, 36, 37, 38, 39, 40, 41, 42, 43, 44, 45, 46, 47, 48, 49, 50, 51, 52, 53, 54, 55, 56, 57, 58, 59, 60]
YNEW:[7, 2, 2, 3, 4, 4, 5, 6, 6, 5, 4, 8, 10, 12, 16, 19, 19, 20, 18, 14, 31, 35, 32, 40, 56, 66, 58, 46, 46, 95, 83, 82, 78, 74, 62, 62, 46, 49, 63, 64, 59, 68, 63, 56, 54, 39, 37, 45, 54, 42, 41, 28, 28, 18, 12, 8, 6, 1, 2, 1]
YTOT: [7, 9, 11, 14, 18, 22, 27, 33, 39, 44, 48, 56, 66, 78, 94, 113, 132, 152, 170, 184, 215, 250, 282, 322, 378, 444, 502, 548, 594, 689, 772, 854, 932, 1006, 1068, 1130, 1176, 1225, 1288, 1352, 1411, 1479, 1542, 1598, 1652, 1691, 1728, 1773, 1827, 1869, 1910, 1938, 1966, 1984, 1996, 2004, 2010, 2011, 2013, 2014]

INFO: Total Population: 1928000
INFO: R0: 2
INFO: Incubation Period: 5
INFO: Illness Period: 12
X:[0, 1, 2, 3, 4, 5, 6, 7, 8, 9, 10, 11, 12, 13, 14, 15, 16, 17, 18, 19, 20, 21, 22, 23, 24, 25, 26, 27, 28, 29, 30, 31, 32, 33, 34, 35, 36, 37, 38, 39, 40, 41, 42, 43, 44, 45, 46, 47, 48, 49, 50, 51, 52, 53, 54, 55, 56, 57, 58, 59, 60]
YNEW:[7, 2, 2, 3, 4, 4, 5, 6, 6, 5, 4, 8, 10, 12, 16, 19, 19, 20, 18, 14, 31, 35, 32, 40, 56, 66, 58, 46, 46, 95, 83, 82, 78, 74, 62, 62, 46, 49, 63, 64, 59, 68, 63, 58, 64, 49, 52, 38, 43, 55, 34, 28, 27, 21, 13, 3, 5, 3, 5, 4]
YTOT: [7, 9, 11, 14, 18, 22, 27, 33, 39, 44, 48, 56, 66, 78, 94, 113, 132, 152, 170, 184, 215, 250, 282, 322, 378, 444, 502, 548, 594, 689, 772, 854, 932, 1006, 1068, 1130, 1176, 1225, 1288, 1352, 1411, 1479, 1542, 1600, 1664, 1713, 1765, 1803, 1846, 1901, 1935, 1963, 1990, 2011, 2024, 2027, 2032, 2035, 2040, 2044]

INFO: Total Population: 1928000
INFO: R0: 2
INFO: Incubation Period: 5
INFO: Illness Period: 12
X:[0, 1, 2, 3, 4, 5, 6, 7, 8, 9, 10, 11, 12, 13, 14, 15, 16, 17, 18, 19, 20, 21, 22, 23, 24, 25, 26, 27, 28, 29, 30, 31, 32, 33, 34, 35, 36, 37, 38, 39, 40, 41, 42, 43, 44, 45, 46, 47, 48, 49, 50, 51, 52, 53, 54, 55]
YNEW:[7, 2, 2, 3, 4, 4, 5, 6, 6, 5, 4, 8, 10, 12, 16, 19, 19, 20, 18, 14, 31, 35, 32, 40, 56, 66, 58, 46, 46, 95, 83, 82, 78, 74, 62, 62, 46, 49, 63, 64, 59, 68, 63, 55, 49, 48, 43, 36, 35, 42, 25, 21, 13, 9, 3]
YTOT: [7, 9, 11, 14, 18, 22, 27, 33, 39, 44, 48, 56, 66, 78, 94, 113, 132, 152, 170, 184, 215, 250, 282, 322, 378, 444, 502, 548, 594, 689, 772, 854, 932, 1006, 1068, 1130, 1176, 1225, 1288, 1352, 1411, 1479, 1542, 1597, 1646, 1694, 1737, 1773, 1808, 1850, 1875, 1896, 1909, 1918, 1921]

INFO: Total Population: 1928000
INFO: R0: 2
INFO: Incubation Period: 5
INFO: Illness Period: 12
X:[0, 1, 2, 3, 4, 5, 6, 7, 8, 9, 10, 11, 12, 13, 14, 15, 16, 17, 18, 19, 20, 21, 22, 23, 24, 25, 26, 27, 28, 29, 30, 31, 32, 33, 34, 35, 36, 37, 38, 39, 40, 41, 42, 43, 44, 45, 46, 47, 48, 49, 50, 51, 52, 53, 54, 55]
YNEW:[7, 2, 2, 3, 4, 4, 5, 6, 6, 5, 4, 8, 10, 12, 16, 19, 19, 20, 18, 14, 31, 35, 32, 40, 56, 66, 58, 46, 46, 95, 83, 82, 78, 74, 62, 62, 46, 49, 63, 64, 59, 68, 63, 56, 64, 54, 41, 47, 31, 36, 20, 27, 13, 10, 8]
YTOT: [7, 9, 11, 14, 18, 22, 27, 33, 39, 44, 48, 56, 66, 78, 94, 113, 132, 152, 170, 184, 215, 250, 282, 322, 378, 444, 502, 548, 594, 689, 772, 854, 932, 1006, 1068, 1130, 1176, 1225, 1288, 1352, 1411, 1479, 1542, 1598, 1662, 1716, 1757, 1804, 1835, 1871, 1891, 1918, 1931, 1941, 1949]

INFO: Total Population: 1928000
INFO: R0: 2
INFO: Incubation Period: 5
INFO: Illness Period: 12
X:[0, 1, 2, 3, 4, 5, 6, 7, 8, 9, 10, 11, 12, 13, 14, 15, 16, 17, 18, 19, 20, 21, 22, 23, 24, 25, 26, 27, 28, 29, 30, 31, 32, 33, 34, 35, 36, 37, 38, 39, 40, 41, 42, 43, 44, 45, 46, 47, 48, 49, 50, 51, 52, 53, 54, 55, 56, 57, 58, 59, 60, 61]
YNEW:[7, 2, 2, 3, 4, 4, 5, 6, 6, 5, 4, 8, 10, 12, 16, 19, 19, 20, 18, 14, 31, 35, 32, 40, 56, 66, 58, 46, 46, 95, 83, 82, 78, 74, 62, 62, 46, 49, 63, 64, 59, 68, 63, 52, 54, 46, 55, 40, 52, 43, 27, 21, 30, 16, 17, 3, 6, 1, 3, 4, 2]
YTOT: [7, 9, 11, 14, 18, 22, 27, 33, 39, 44, 48, 56, 66, 78, 94, 113, 132, 152, 170, 184, 215, 250, 282, 322, 378, 444, 502, 548, 594, 689, 772, 854, 932, 1006, 1068, 1130, 1176, 1225, 1288, 1352, 1411, 1479, 1542, 1594, 1648, 1694, 1749, 1789, 1841, 1884, 1911, 1932, 1962, 1978, 1995, 1998, 2004, 2005, 2008, 2012, 2014]

INFO: Total Population: 1928000
INFO: R0: 2
INFO: Incubation Period: 5
INFO: Illness Period: 12
X:[0, 1, 2, 3, 4, 5, 6, 7, 8, 9, 10, 11, 12, 13, 14, 15, 16, 17, 18, 19, 20, 21, 22, 23, 24, 25, 26, 27, 28, 29, 30, 31, 32, 33, 34, 35, 36, 37, 38, 39, 40, 41, 42, 43, 44, 45, 46, 47, 48, 49, 50, 51, 52, 53, 54, 55]
YNEW:[7, 2, 2, 3, 4, 4, 5, 6, 6, 5, 4, 8, 10, 12, 16, 19, 19, 20, 18, 14, 31, 35, 32, 40, 56, 66, 58, 46, 46, 95, 83, 82, 78, 74, 62, 62, 46, 49, 63, 64, 59, 68, 63, 47, 57, 49, 46, 30, 36, 32, 24, 20, 19, 12, 6]
YTOT: [7, 9, 11, 14, 18, 22, 27, 33, 39, 44, 48, 56, 66, 78, 94, 113, 132, 152, 170, 184, 215, 250, 282, 322, 378, 444, 502, 548, 594, 689, 772, 854, 932, 1006, 1068, 1130, 1176, 1225, 1288, 1352, 1411, 1479, 1542, 1589, 1646, 1695, 1741, 1771, 1807, 1839, 1863, 1883, 1902, 1914, 1920]

INFO: Total Population: 1928000
INFO: R0: 2
INFO: Incubation Period: 5
INFO: Illness Period: 12
X:[0, 1, 2, 3, 4, 5, 6, 7, 8, 9, 10, 11, 12, 13, 14, 15, 16, 17, 18, 19, 20, 21, 22, 23, 24, 25, 26, 27, 28, 29, 30, 31, 32, 33, 34, 35, 36, 37, 38, 39, 40, 41, 42, 43, 44, 45, 46, 47, 48, 49, 50, 51, 52, 53, 54, 55, 56, 57, 58, 59, 60]
YNEW:[7, 2, 2, 3, 4, 4, 5, 6, 6, 5, 4, 8, 10, 12, 16, 19, 19, 20, 18, 14, 31, 35, 32, 40, 56, 66, 58, 46, 46, 95, 83, 82, 78, 74, 62, 62, 46, 49, 63, 64, 59, 68, 63, 57, 59, 45, 49, 38, 47, 42, 44, 32, 29, 23, 13, 4, 2, 6, 2, 2]
YTOT: [7, 9, 11, 14, 18, 22, 27, 33, 39, 44, 48, 56, 66, 78, 94, 113, 132, 152, 170, 184, 215, 250, 282, 322, 378, 444, 502, 548, 594, 689, 772, 854, 932, 1006, 1068, 1130, 1176, 1225, 1288, 1352, 1411, 1479, 1542, 1599, 1658, 1703, 1752, 1790, 1837, 1879, 1923, 1955, 1984, 2007, 2020, 2024, 2026, 2032, 2034, 2036]

INFO: Total Population: 1928000
INFO: R0: 2
INFO: Incubation Period: 5
INFO: Illness Period: 12
X:[0, 1, 2, 3, 4, 5, 6, 7, 8, 9, 10, 11, 12, 13, 14, 15, 16, 17, 18, 19, 20, 21, 22, 23, 24, 25, 26, 27, 28, 29, 30, 31, 32, 33, 34, 35, 36, 37, 38, 39, 40, 41, 42, 43, 44, 45, 46, 47, 48, 49, 50, 51, 52, 53, 54, 55, 56, 57, 58, 59]
YNEW:[7, 2, 2, 3, 4, 4, 5, 6, 6, 5, 4, 8, 10, 12, 16, 19, 19, 20, 18, 14, 31, 35, 32, 40, 56, 66, 58, 46, 46, 95, 83, 82, 78, 74, 62, 62, 46, 49, 63, 64, 59, 68, 63, 64, 73, 51, 43, 36, 57, 42, 39, 29, 26, 13, 11, 2, 9, 2, 6]
YTOT: [7, 9, 11, 14, 18, 22, 27, 33, 39, 44, 48, 56, 66, 78, 94, 113, 132, 152, 170, 184, 215, 250, 282, 322, 378, 444, 502, 548, 594, 689, 772, 854, 932, 1006, 1068, 1130, 1176, 1225, 1288, 1352, 1411, 1479, 1542, 1606, 1679, 1730, 1773, 1809, 1866, 1908, 1947, 1976, 2002, 2015, 2026, 2028, 2037, 2039, 2045]

INFO: Total Population: 1928000
INFO: R0: 2
INFO: Incubation Period: 5
INFO: Illness Period: 12
X:[0, 1, 2, 3, 4, 5, 6, 7, 8, 9, 10, 11, 12, 13, 14, 15, 16, 17, 18, 19, 20, 21, 22, 23, 24, 25, 26, 27, 28, 29, 30, 31, 32, 33, 34, 35, 36, 37, 38, 39, 40, 41, 42, 43, 44, 45, 46, 47, 48, 49, 50, 51, 52, 53, 54, 55, 56, 57, 58, 59, 60]
YNEW:[7, 2, 2, 3, 4, 4, 5, 6, 6, 5, 4, 8, 10, 12, 16, 19, 19, 20, 18, 14, 31, 35, 32, 40, 56, 66, 58, 46, 46, 95, 83, 82, 78, 74, 62, 62, 46, 49, 63, 64, 59, 68, 63, 68, 70, 47, 37, 45, 48, 45, 52, 23, 34, 14, 15, 6, 2, 5, 6, 3]
YTOT: [7, 9, 11, 14, 18, 22, 27, 33, 39, 44, 48, 56, 66, 78, 94, 113, 132, 152, 170, 184, 215, 250, 282, 322, 378, 444, 502, 548, 594, 689, 772, 854, 932, 1006, 1068, 1130, 1176, 1225, 1288, 1352, 1411, 1479, 1542, 1610, 1680, 1727, 1764, 1809, 1857, 1902, 1954, 1977, 2011, 2025, 2040, 2046, 2048, 2053, 2059, 2062]

INFO: Total Population: 1928000
INFO: R0: 2
INFO: Incubation Period: 5
INFO: Illness Period: 12
X:[0, 1, 2, 3, 4, 5, 6, 7, 8, 9, 10, 11, 12, 13, 14, 15, 16, 17, 18, 19, 20, 21, 22, 23, 24, 25, 26, 27, 28, 29, 30, 31, 32, 33, 34, 35, 36, 37, 38, 39, 40, 41, 42, 43, 44, 45, 46, 47, 48, 49, 50, 51, 52, 53, 54, 55, 56, 57, 58, 59, 60, 61]
YNEW:[7, 2, 2, 3, 4, 4, 5, 6, 6, 5, 4, 8, 10, 12, 16, 19, 19, 20, 18, 14, 31, 35, 32, 40, 56, 66, 58, 46, 46, 95, 83, 82, 78, 74, 62, 62, 46, 49, 63, 64, 59, 68, 63, 66, 56, 46, 51, 36, 65, 46, 44, 33, 24, 20, 13, 7, 2, 1, 3, 4, 1]
YTOT: [7, 9, 11, 14, 18, 22, 27, 33, 39, 44, 48, 56, 66, 78, 94, 113, 132, 152, 170, 184, 215, 250, 282, 322, 378, 444, 502, 548, 594, 689, 772, 854, 932, 1006, 1068, 1130, 1176, 1225, 1288, 1352, 1411, 1479, 1542, 1608, 1664, 1710, 1761, 1797, 1862, 1908, 1952, 1985, 2009, 2029, 2042, 2049, 2051, 2052, 2055, 2059, 2060]

INFO: Total Population: 1928000
INFO: R0: 2
INFO: Incubation Period: 5
INFO: Illness Period: 12
X:[0, 1, 2, 3, 4, 5, 6, 7, 8, 9, 10, 11, 12, 13, 14, 15, 16, 17, 18, 19, 20, 21, 22, 23, 24, 25, 26, 27, 28, 29, 30, 31, 32, 33, 34, 35, 36, 37, 38, 39, 40, 41, 42, 43, 44, 45, 46, 47, 48, 49, 50, 51, 52, 53, 54, 55]
YNEW:[7, 2, 2, 3, 4, 4, 5, 6, 6, 5, 4, 8, 10, 12, 16, 19, 19, 20, 18, 14, 31, 35, 32, 40, 56, 66, 58, 46, 46, 95, 83, 82, 78, 74, 62, 62, 46, 49, 63, 64, 59, 68, 63, 60, 69, 45, 50, 47, 35, 30, 27, 23, 11, 6, 4]
YTOT: [7, 9, 11, 14, 18, 22, 27, 33, 39, 44, 48, 56, 66, 78, 94, 113, 132, 152, 170, 184, 215, 250, 282, 322, 378, 444, 502, 548, 594, 689, 772, 854, 932, 1006, 1068, 1130, 1176, 1225, 1288, 1352, 1411, 1479, 1542, 1602, 1671, 1716, 1766, 1813, 1848, 1878, 1905, 1928, 1939, 1945, 1949]

INFO: Total Population: 1928000
INFO: R0: 2
INFO: Incubation Period: 5
INFO: Illness Period: 12
X:[0, 1, 2, 3, 4, 5, 6, 7, 8, 9, 10, 11, 12, 13, 14, 15, 16, 17, 18, 19, 20, 21, 22, 23, 24, 25, 26, 27, 28, 29, 30, 31, 32, 33, 34, 35, 36, 37, 38, 39, 40, 41, 42, 43, 44, 45, 46, 47, 48, 49, 50, 51, 52, 53, 54, 55]
YNEW:[7, 2, 2, 3, 4, 4, 5, 6, 6, 5, 4, 8, 10, 12, 16, 19, 19, 20, 18, 14, 31, 35, 32, 40, 56, 66, 58, 46, 46, 95, 83, 82, 78, 74, 62, 62, 46, 49, 63, 64, 59, 68, 63, 63, 61, 52, 46, 42, 32, 22, 28, 23, 16, 9, 4]
YTOT: [7, 9, 11, 14, 18, 22, 27, 33, 39, 44, 48, 56, 66, 78, 94, 113, 132, 152, 170, 184, 215, 250, 282, 322, 378, 444, 502, 548, 594, 689, 772, 854, 932, 1006, 1068, 1130, 1176, 1225, 1288, 1352, 1411, 1479, 1542, 1605, 1666, 1718, 1764, 1806, 1838, 1860, 1888, 1911, 1927, 1936, 1940]

INFO: Total Population: 1928000
INFO: R0: 2
INFO: Incubation Period: 5
INFO: Illness Period: 12
X:[0, 1, 2, 3, 4, 5, 6, 7, 8, 9, 10, 11, 12, 13, 14, 15, 16, 17, 18, 19, 20, 21, 22, 23, 24, 25, 26, 27, 28, 29, 30, 31, 32, 33, 34, 35, 36, 37, 38, 39, 40, 41, 42, 43, 44, 45, 46, 47, 48, 49, 50, 51, 52, 53, 54, 55, 56, 57, 58, 59, 60]
YNEW:[7, 2, 2, 3, 4, 4, 5, 6, 6, 5, 4, 8, 10, 12, 16, 19, 19, 20, 18, 14, 31, 35, 32, 40, 56, 66, 58, 46, 46, 95, 83, 82, 78, 74, 62, 62, 46, 49, 63, 64, 59, 68, 63, 58, 49, 50, 52, 44, 45, 47, 33, 42, 17, 16, 15, 5, 4, 4, 4, 6]
YTOT: [7, 9, 11, 14, 18, 22, 27, 33, 39, 44, 48, 56, 66, 78, 94, 113, 132, 152, 170, 184, 215, 250, 282, 322, 378, 444, 502, 548, 594, 689, 772, 854, 932, 1006, 1068, 1130, 1176, 1225, 1288, 1352, 1411, 1479, 1542, 1600, 1649, 1699, 1751, 1795, 1840, 1887, 1920, 1962, 1979, 1995, 2010, 2015, 2019, 2023, 2027, 2033]

INFO: Total Population: 1928000
INFO: R0: 2
INFO: Incubation Period: 5
INFO: Illness Period: 12
X:[0, 1, 2, 3, 4, 5, 6, 7, 8, 9, 10, 11, 12, 13, 14, 15, 16, 17, 18, 19, 20, 21, 22, 23, 24, 25, 26, 27, 28, 29, 30, 31, 32, 33, 34, 35, 36, 37, 38, 39, 40, 41, 42, 43, 44, 45, 46, 47, 48, 49, 50, 51, 52, 53, 54, 55, 56, 57, 58, 59, 60]
YNEW:[7, 2, 2, 3, 4, 4, 5, 6, 6, 5, 4, 8, 10, 12, 16, 19, 19, 20, 18, 14, 31, 35, 32, 40, 56, 66, 58, 46, 46, 95, 83, 82, 78, 74, 62, 62, 46, 49, 63, 64, 59, 68, 63, 58, 58, 68, 32, 40, 49, 39, 35, 37, 20, 15, 12, 5, 4, 5, 2, 2]
YTOT: [7, 9, 11, 14, 18, 22, 27, 33, 39, 44, 48, 56, 66, 78, 94, 113, 132, 152, 170, 184, 215, 250, 282, 322, 378, 444, 502, 548, 594, 689, 772, 854, 932, 1006, 1068, 1130, 1176, 1225, 1288, 1352, 1411, 1479, 1542, 1600, 1658, 1726, 1758, 1798, 1847, 1886, 1921, 1958, 1978, 1993, 2005, 2010, 2014, 2019, 2021, 2023]

INFO: Total Population: 1928000
INFO: R0: 2
INFO: Incubation Period: 5
INFO: Illness Period: 12
X:[0, 1, 2, 3, 4, 5, 6, 7, 8, 9, 10, 11, 12, 13, 14, 15, 16, 17, 18, 19, 20, 21, 22, 23, 24, 25, 26, 27, 28, 29, 30, 31, 32, 33, 34, 35, 36, 37, 38, 39, 40, 41, 42, 43, 44, 45, 46, 47, 48, 49, 50, 51, 52, 53, 54, 55, 56, 57, 58, 59, 60, 61]
YNEW:[7, 2, 2, 3, 4, 4, 5, 6, 6, 5, 4, 8, 10, 12, 16, 19, 19, 20, 18, 14, 31, 35, 32, 40, 56, 66, 58, 46, 46, 95, 83, 82, 78, 74, 62, 62, 46, 49, 63, 64, 59, 68, 63, 59, 50, 41, 49, 45, 38, 48, 38, 28, 31, 16, 10, 4, 6, 2, 4, 1, 2]
YTOT: [7, 9, 11, 14, 18, 22, 27, 33, 39, 44, 48, 56, 66, 78, 94, 113, 132, 152, 170, 184, 215, 250, 282, 322, 378, 444, 502, 548, 594, 689, 772, 854, 932, 1006, 1068, 1130, 1176, 1225, 1288, 1352, 1411, 1479, 1542, 1601, 1651, 1692, 1741, 1786, 1824, 1872, 1910, 1938, 1969, 1985, 1995, 1999, 2005, 2007, 2011, 2012, 2014]

INFO: Total Population: 1928000
INFO: R0: 2
INFO: Incubation Period: 5
INFO: Illness Period: 12
X:[0, 1, 2, 3, 4, 5, 6, 7, 8, 9, 10, 11, 12, 13, 14, 15, 16, 17, 18, 19, 20, 21, 22, 23, 24, 25, 26, 27, 28, 29, 30, 31, 32, 33, 34, 35, 36, 37, 38, 39, 40, 41, 42, 43, 44, 45, 46, 47, 48, 49, 50, 51, 52, 53, 54, 55, 56, 57, 58, 59, 60]
YNEW:[7, 2, 2, 3, 4, 4, 5, 6, 6, 5, 4, 8, 10, 12, 16, 19, 19, 20, 18, 14, 31, 35, 32, 40, 56, 66, 58, 46, 46, 95, 83, 82, 78, 74, 62, 62, 46, 49, 63, 64, 59, 68, 63, 58, 56, 52, 46, 42, 51, 36, 44, 31, 23, 22, 12, 5, 5, 4, 4, 2]
YTOT: [7, 9, 11, 14, 18, 22, 27, 33, 39, 44, 48, 56, 66, 78, 94, 113, 132, 152, 170, 184, 215, 250, 282, 322, 378, 444, 502, 548, 594, 689, 772, 854, 932, 1006, 1068, 1130, 1176, 1225, 1288, 1352, 1411, 1479, 1542, 1600, 1656, 1708, 1754, 1796, 1847, 1883, 1927, 1958, 1981, 2003, 2015, 2020, 2025, 2029, 2033, 2035]

INFO: Total Population: 1928000
INFO: R0: 2
INFO: Incubation Period: 5
INFO: Illness Period: 12
X:[0, 1, 2, 3, 4, 5, 6, 7, 8, 9, 10, 11, 12, 13, 14, 15, 16, 17, 18, 19, 20, 21, 22, 23, 24, 25, 26, 27, 28, 29, 30, 31, 32, 33, 34, 35, 36, 37, 38, 39, 40, 41, 42, 43, 44, 45, 46, 47, 48, 49, 50, 51, 52, 53, 54, 55]
YNEW:[7, 2, 2, 3, 4, 4, 5, 6, 6, 5, 4, 8, 10, 12, 16, 19, 19, 20, 18, 14, 31, 35, 32, 40, 56, 66, 58, 46, 46, 95, 83, 82, 78, 74, 62, 62, 46, 49, 63, 64, 59, 68, 63, 48, 58, 47, 40, 35, 32, 23, 33, 22, 22, 18, 5]
YTOT: [7, 9, 11, 14, 18, 22, 27, 33, 39, 44, 48, 56, 66, 78, 94, 113, 132, 152, 170, 184, 215, 250, 282, 322, 378, 444, 502, 548, 594, 689, 772, 854, 932, 1006, 1068, 1130, 1176, 1225, 1288, 1352, 1411, 1479, 1542, 1590, 1648, 1695, 1735, 1770, 1802, 1825, 1858, 1880, 1902, 1920, 1925]

INFO: Total Population: 1928000
INFO: R0: 2
INFO: Incubation Period: 5
INFO: Illness Period: 12
X:[0, 1, 2, 3, 4, 5, 6, 7, 8, 9, 10, 11, 12, 13, 14, 15, 16, 17, 18, 19, 20, 21, 22, 23, 24, 25, 26, 27, 28, 29, 30, 31, 32, 33, 34, 35, 36, 37, 38, 39, 40, 41, 42, 43, 44, 45, 46, 47, 48, 49, 50, 51, 52, 53, 54, 55, 56, 57, 58, 59, 60]
YNEW:[7, 2, 2, 3, 4, 4, 5, 6, 6, 5, 4, 8, 10, 12, 16, 19, 19, 20, 18, 14, 31, 35, 32, 40, 56, 66, 58, 46, 46, 95, 83, 82, 78, 74, 62, 62, 46, 49, 63, 64, 59, 68, 63, 65, 53, 54, 41, 47, 40, 51, 45, 39, 24, 22, 8, 7, 5, 3, 4, 3]
YTOT: [7, 9, 11, 14, 18, 22, 27, 33, 39, 44, 48, 56, 66, 78, 94, 113, 132, 152, 170, 184, 215, 250, 282, 322, 378, 444, 502, 548, 594, 689, 772, 854, 932, 1006, 1068, 1130, 1176, 1225, 1288, 1352, 1411, 1479, 1542, 1607, 1660, 1714, 1755, 1802, 1842, 1893, 1938, 1977, 2001, 2023, 2031, 2038, 2043, 2046, 2050, 2053]

INFO: Total Population: 1928000
INFO: R0: 2
INFO: Incubation Period: 5
INFO: Illness Period: 12
X:[0, 1, 2, 3, 4, 5, 6, 7, 8, 9, 10, 11, 12, 13, 14, 15, 16, 17, 18, 19, 20, 21, 22, 23, 24, 25, 26, 27, 28, 29, 30, 31, 32, 33, 34, 35, 36, 37, 38, 39, 40, 41, 42, 43, 44, 45, 46, 47, 48, 49, 50, 51, 52, 53, 54, 55, 56, 57, 58, 59]
YNEW:[7, 2, 2, 3, 4, 4, 5, 6, 6, 5, 4, 8, 10, 12, 16, 19, 19, 20, 18, 14, 31, 35, 32, 40, 56, 66, 58, 46, 46, 95, 83, 82, 78, 74, 62, 62, 46, 49, 63, 64, 59, 68, 63, 55, 58, 49, 44, 46, 48, 50, 35, 34, 26, 25, 9, 8, 4, 5, 7]
YTOT: [7, 9, 11, 14, 18, 22, 27, 33, 39, 44, 48, 56, 66, 78, 94, 113, 132, 152, 170, 184, 215, 250, 282, 322, 378, 444, 502, 548, 594, 689, 772, 854, 932, 1006, 1068, 1130, 1176, 1225, 1288, 1352, 1411, 1479, 1542, 1597, 1655, 1704, 1748, 1794, 1842, 1892, 1927, 1961, 1987, 2012, 2021, 2029, 2033, 2038, 2045]

INFO: Total Population: 1928000
INFO: R0: 2
INFO: Incubation Period: 5
INFO: Illness Period: 12
X:[0, 1, 2, 3, 4, 5, 6, 7, 8, 9, 10, 11, 12, 13, 14, 15, 16, 17, 18, 19, 20, 21, 22, 23, 24, 25, 26, 27, 28, 29, 30, 31, 32, 33, 34, 35, 36, 37, 38, 39, 40, 41, 42, 43, 44, 45, 46, 47, 48, 49, 50, 51, 52, 53, 54, 55, 56, 57, 58, 59, 60, 61]
YNEW:[7, 2, 2, 3, 4, 4, 5, 6, 6, 5, 4, 8, 10, 12, 16, 19, 19, 20, 18, 14, 31, 35, 32, 40, 56, 66, 58, 46, 46, 95, 83, 82, 78, 74, 62, 62, 46, 49, 63, 64, 59, 68, 63, 51, 66, 58, 45, 39, 43, 53, 60, 33, 16, 17, 8, 4, 3, 4, 4, 4, 2]
YTOT: [7, 9, 11, 14, 18, 22, 27, 33, 39, 44, 48, 56, 66, 78, 94, 113, 132, 152, 170, 184, 215, 250, 282, 322, 378, 444, 502, 548, 594, 689, 772, 854, 932, 1006, 1068, 1130, 1176, 1225, 1288, 1352, 1411, 1479, 1542, 1593, 1659, 1717, 1762, 1801, 1844, 1897, 1957, 1990, 2006, 2023, 2031, 2035, 2038, 2042, 2046, 2050, 2052]

END