

INFO: Total Population: 3302833
INFO: R0: 2
INFO: Incubation Period: 5
INFO: Illness Period: 7
X:[0, 1, 2, 3, 4, 5, 6, 7, 8, 9, 10, 11, 12, 13, 14, 15, 16, 17, 18, 19, 20, 21, 22, 23, 24, 25, 26, 27, 28, 29, 30, 31, 32, 33, 34, 35, 36, 37, 38, 39, 40, 41, 42, 43, 44, 45, 46, 47, 48, 49, 50, 51, 52, 53, 54, 55, 56, 57, 58, 59, 60, 61, 62, 63, 64, 65, 66, 67, 68, 69, 70, 71, 72, 73, 74, 75, 76, 77, 78, 79, 80, 81, 82, 83, 84, 85, 86, 87, 88, 89, 90, 91, 92, 93, 94, 95, 96, 97, 98, 99, 100, 101, 102, 103, 104, 105, 106, 107, 108, 109, 110, 111, 112, 113, 114, 115, 116, 117, 118, 119, 120, 121, 122, 123, 124, 125, 126, 127]
YNEW:[0, 0, 0, 0, 0, 0, 0, 0, 0, 0, 0, 0, 0, 0, 0, 0, 0, 0, 0, 0, 0, 0, 1, 0, 0, 0, 0, 0, 0, 0, 0, 0, 0, 0, 0, 0, 0, 0, 0, 0, 0, 0, 0, 0, 0, 0, 0, 0, 0, 0, 0, 2, 1, 11, 14, 12, 14, 14, 19, 23, 32, 35, 29, 37, 40, 52, 61, 54, 64, 87, 99, 109, 126, 119, 117, 104, 84, 76, 81, 75, 73, 64, 55, 61, 68, 72, 74, 69, 63, 59, 75, 70, 99, 131, 133, 125, 117, 132, 126, 130, 137, 137, 118, 108, 115, 128, 82, 106, 76, 77, 151, 155, 200, 179, 188, 157, 105, 113, 80, 73, 59, 57, 25, 26, 15, 8, 1]
YTOT: [0, 0, 0, 0, 0, 0, 0, 0, 0, 0, 0, 0, 0, 0, 0, 0, 0, 0, 0, 0, 0, 0, 1, 1, 1, 1, 1, 1, 1, 1, 1, 1, 1, 1, 1, 1, 1, 1, 1, 1, 1, 1, 1, 1, 1, 1, 1, 1, 1, 1, 1, 3, 4, 15, 29, 41, 55, 69, 88, 111, 143, 178, 207, 244, 284, 336, 397, 451, 515, 602, 701, 810, 936, 1055, 1172, 1276, 1360, 1436, 1517, 1592, 1665, 1729, 1784, 1845, 1913, 1985, 2059, 2128, 2191, 2250, 2325, 2395, 2494, 2625, 2758, 2883, 3000, 3132, 3258, 3388, 3525, 3662, 3780, 3888, 4003, 4131, 4213, 4319, 4395, 4472, 4623, 4778, 4978, 5157, 5345, 5502, 5607, 5720, 5800, 5873, 5932, 5989, 6014, 6040, 6055, 6063, 6064]

INFO: Total Population: 3302833
INFO: R0: 2
INFO: Incubation Period: 5
INFO: Illness Period: 7
X:[0, 1, 2, 3, 4, 5, 6, 7, 8, 9, 10, 11, 12, 13, 14, 15, 16, 17, 18, 19, 20, 21, 22, 23, 24, 25, 26, 27, 28, 29, 30, 31, 32, 33, 34, 35, 36, 37, 38, 39, 40, 41, 42, 43, 44, 45, 46, 47, 48, 49, 50, 51, 52, 53, 54, 55, 56, 57, 58, 59, 60, 61, 62, 63, 64, 65, 66, 67, 68, 69, 70, 71, 72, 73, 74, 75, 76, 77, 78, 79, 80, 81, 82, 83, 84, 85, 86, 87, 88, 89, 90, 91, 92, 93, 94, 95, 96, 97, 98, 99, 100, 101, 102, 103, 104, 105, 106, 107, 108, 109, 110, 111, 112, 113, 114, 115, 116, 117, 118, 119, 120, 121, 122, 123, 124, 125, 126, 127]
YNEW:[0, 0, 0, 0, 0, 0, 0, 0, 0, 0, 0, 0, 0, 0, 0, 0, 0, 0, 0, 0, 0, 0, 1, 0, 0, 0, 0, 0, 0, 0, 0, 0, 0, 0, 0, 0, 0, 0, 0, 0, 0, 0, 0, 0, 0, 0, 0, 0, 0, 0, 0, 2, 1, 11, 14, 12, 14, 14, 19, 23, 32, 35, 29, 37, 40, 52, 61, 54, 64, 87, 99, 109, 126, 119, 117, 104, 84, 76, 81, 75, 73, 64, 55, 61, 68, 72, 74, 69, 63, 59, 75, 70, 99, 131, 133, 125, 117, 132, 126, 130, 137, 137, 118, 108, 119, 101, 114, 115, 74, 128, 142, 150, 176, 181, 199, 177, 124, 119, 103, 84, 77, 51, 43, 17, 13, 4, 3]
YTOT: [0, 0, 0, 0, 0, 0, 0, 0, 0, 0, 0, 0, 0, 0, 0, 0, 0, 0, 0, 0, 0, 0, 1, 1, 1, 1, 1, 1, 1, 1, 1, 1, 1, 1, 1, 1, 1, 1, 1, 1, 1, 1, 1, 1, 1, 1, 1, 1, 1, 1, 1, 3, 4, 15, 29, 41, 55, 69, 88, 111, 143, 178, 207, 244, 284, 336, 397, 451, 515, 602, 701, 810, 936, 1055, 1172, 1276, 1360, 1436, 1517, 1592, 1665, 1729, 1784, 1845, 1913, 1985, 2059, 2128, 2191, 2250, 2325, 2395, 2494, 2625, 2758, 2883, 3000, 3132, 3258, 3388, 3525, 3662, 3780, 3888, 4007, 4108, 4222, 4337, 4411, 4539, 4681, 4831, 5007, 5188, 5387, 5564, 5688, 5807, 5910, 5994, 6071, 6122, 6165, 6182, 6195, 6199, 6202]

INFO: Total Population: 3302833
INFO: R0: 2
INFO: Incubation Period: 5
INFO: Illness Period: 7
X:[0, 1, 2, 3, 4, 5, 6, 7, 8, 9, 10, 11, 12, 13, 14, 15, 16, 17, 18, 19, 20, 21, 22, 23, 24, 25, 26, 27, 28, 29, 30, 31, 32, 33, 34, 35, 36, 37, 38, 39, 40, 41, 42, 43, 44, 45, 46, 47, 48, 49, 50, 51, 52, 53, 54, 55, 56, 57, 58, 59, 60, 61, 62, 63, 64, 65, 66, 67, 68, 69, 70, 71, 72, 73, 74, 75, 76, 77, 78, 79, 80, 81, 82, 83, 84, 85, 86, 87, 88, 89, 90, 91, 92, 93, 94, 95, 96, 97, 98, 99, 100, 101, 102, 103, 104, 105, 106, 107, 108, 109, 110, 111, 112, 113, 114, 115, 116, 117, 118, 119, 120, 121, 122, 123, 124, 125, 126, 127]
YNEW:[0, 0, 0, 0, 0, 0, 0, 0, 0, 0, 0, 0, 0, 0, 0, 0, 0, 0, 0, 0, 0, 0, 1, 0, 0, 0, 0, 0, 0, 0, 0, 0, 0, 0, 0, 0, 0, 0, 0, 0, 0, 0, 0, 0, 0, 0, 0, 0, 0, 0, 0, 2, 1, 11, 14, 12, 14, 14, 19, 23, 32, 35, 29, 37, 40, 52, 61, 54, 64, 87, 99, 109, 126, 119, 117, 104, 84, 76, 81, 75, 73, 64, 55, 61, 68, 72, 74, 69, 63, 59, 75, 70, 99, 131, 133, 125, 117, 132, 126, 130, 137, 137, 118, 108, 115, 113, 105, 95, 93, 79, 158, 171, 170, 165, 190, 144, 120, 127, 97, 75, 60, 58, 31, 21, 11, 3, 3]
YTOT: [0, 0, 0, 0, 0, 0, 0, 0, 0, 0, 0, 0, 0, 0, 0, 0, 0, 0, 0, 0, 0, 0, 1, 1, 1, 1, 1, 1, 1, 1, 1, 1, 1, 1, 1, 1, 1, 1, 1, 1, 1, 1, 1, 1, 1, 1, 1, 1, 1, 1, 1, 3, 4, 15, 29, 41, 55, 69, 88, 111, 143, 178, 207, 244, 284, 336, 397, 451, 515, 602, 701, 810, 936, 1055, 1172, 1276, 1360, 1436, 1517, 1592, 1665, 1729, 1784, 1845, 1913, 1985, 2059, 2128, 2191, 2250, 2325, 2395, 2494, 2625, 2758, 2883, 3000, 3132, 3258, 3388, 3525, 3662, 3780, 3888, 4003, 4116, 4221, 4316, 4409, 4488, 4646, 4817, 4987, 5152, 5342, 5486, 5606, 5733, 5830, 5905, 5965, 6023, 6054, 6075, 6086, 6089, 6092]

INFO: Total Population: 3302833
INFO: R0: 2
INFO: Incubation Period: 5
INFO: Illness Period: 7
X:[0, 1, 2, 3, 4, 5, 6, 7, 8, 9, 10, 11, 12, 13, 14, 15, 16, 17, 18, 19, 20, 21, 22, 23, 24, 25, 26, 27, 28, 29, 30, 31, 32, 33, 34, 35, 36, 37, 38, 39, 40, 41, 42, 43, 44, 45, 46, 47, 48, 49, 50, 51, 52, 53, 54, 55, 56, 57, 58, 59, 60, 61, 62, 63, 64, 65, 66, 67, 68, 69, 70, 71, 72, 73, 74, 75, 76, 77, 78, 79, 80, 81, 82, 83, 84, 85, 86, 87, 88, 89, 90, 91, 92, 93, 94, 95, 96, 97, 98, 99, 100, 101, 102, 103, 104, 105, 106, 107, 108, 109, 110, 111, 112, 113, 114, 115, 116, 117, 118, 119, 120, 121, 122, 123, 124, 125, 126, 127]
YNEW:[0, 0, 0, 0, 0, 0, 0, 0, 0, 0, 0, 0, 0, 0, 0, 0, 0, 0, 0, 0, 0, 0, 1, 0, 0, 0, 0, 0, 0, 0, 0, 0, 0, 0, 0, 0, 0, 0, 0, 0, 0, 0, 0, 0, 0, 0, 0, 0, 0, 0, 0, 2, 1, 11, 14, 12, 14, 14, 19, 23, 32, 35, 29, 37, 40, 52, 61, 54, 64, 87, 99, 109, 126, 119, 117, 104, 84, 76, 81, 75, 73, 64, 55, 61, 68, 72, 74, 69, 63, 59, 75, 70, 99, 131, 133, 125, 117, 132, 126, 130, 137, 137, 118, 108, 124, 131, 102, 93, 79, 71, 153, 167, 180, 192, 168, 155, 134, 108, 96, 81, 66, 44, 33, 14, 11, 7, 2]
YTOT: [0, 0, 0, 0, 0, 0, 0, 0, 0, 0, 0, 0, 0, 0, 0, 0, 0, 0, 0, 0, 0, 0, 1, 1, 1, 1, 1, 1, 1, 1, 1, 1, 1, 1, 1, 1, 1, 1, 1, 1, 1, 1, 1, 1, 1, 1, 1, 1, 1, 1, 1, 3, 4, 15, 29, 41, 55, 69, 88, 111, 143, 178, 207, 244, 284, 336, 397, 451, 515, 602, 701, 810, 936, 1055, 1172, 1276, 1360, 1436, 1517, 1592, 1665, 1729, 1784, 1845, 1913, 1985, 2059, 2128, 2191, 2250, 2325, 2395, 2494, 2625, 2758, 2883, 3000, 3132, 3258, 3388, 3525, 3662, 3780, 3888, 4012, 4143, 4245, 4338, 4417, 4488, 4641, 4808, 4988, 5180, 5348, 5503, 5637, 5745, 5841, 5922, 5988, 6032, 6065, 6079, 6090, 6097, 6099]

INFO: Total Population: 3302833
INFO: R0: 2
INFO: Incubation Period: 5
INFO: Illness Period: 7
X:[0, 1, 2, 3, 4, 5, 6, 7, 8, 9, 10, 11, 12, 13, 14, 15, 16, 17, 18, 19, 20, 21, 22, 23, 24, 25, 26, 27, 28, 29, 30, 31, 32, 33, 34, 35, 36, 37, 38, 39, 40, 41, 42, 43, 44, 45, 46, 47, 48, 49, 50, 51, 52, 53, 54, 55, 56, 57, 58, 59, 60, 61, 62, 63, 64, 65, 66, 67, 68, 69, 70, 71, 72, 73, 74, 75, 76, 77, 78, 79, 80, 81, 82, 83, 84, 85, 86, 87, 88, 89, 90, 91, 92, 93, 94, 95, 96, 97, 98, 99, 100, 101, 102, 103, 104, 105, 106, 107, 108, 109, 110, 111, 112, 113, 114, 115, 116, 117, 118, 119, 120, 121, 122, 123, 124, 125, 126, 127]
YNEW:[0, 0, 0, 0, 0, 0, 0, 0, 0, 0, 0, 0, 0, 0, 0, 0, 0, 0, 0, 0, 0, 0, 1, 0, 0, 0, 0, 0, 0, 0, 0, 0, 0, 0, 0, 0, 0, 0, 0, 0, 0, 0, 0, 0, 0, 0, 0, 0, 0, 0, 0, 2, 1, 11, 14, 12, 14, 14, 19, 23, 32, 35, 29, 37, 40, 52, 61, 54, 64, 87, 99, 109, 126, 119, 117, 104, 84, 76, 81, 75, 73, 64, 55, 61, 68, 72, 74, 69, 63, 59, 75, 70, 99, 131, 133, 125, 117, 132, 126, 130, 137, 137, 118, 108, 108, 131, 110, 93, 86, 64, 153, 174, 202, 197, 161, 142, 106, 99, 103, 91, 59, 50, 31, 13, 17, 3, 2]
YTOT: [0, 0, 0, 0, 0, 0, 0, 0, 0, 0, 0, 0, 0, 0, 0, 0, 0, 0, 0, 0, 0, 0, 1, 1, 1, 1, 1, 1, 1, 1, 1, 1, 1, 1, 1, 1, 1, 1, 1, 1, 1, 1, 1, 1, 1, 1, 1, 1, 1, 1, 1, 3, 4, 15, 29, 41, 55, 69, 88, 111, 143, 178, 207, 244, 284, 336, 397, 451, 515, 602, 701, 810, 936, 1055, 1172, 1276, 1360, 1436, 1517, 1592, 1665, 1729, 1784, 1845, 1913, 1985, 2059, 2128, 2191, 2250, 2325, 2395, 2494, 2625, 2758, 2883, 3000, 3132, 3258, 3388, 3525, 3662, 3780, 3888, 3996, 4127, 4237, 4330, 4416, 4480, 4633, 4807, 5009, 5206, 5367, 5509, 5615, 5714, 5817, 5908, 5967, 6017, 6048, 6061, 6078, 6081, 6083]

INFO: Total Population: 3302833
INFO: R0: 2
INFO: Incubation Period: 5
INFO: Illness Period: 7
X:[0, 1, 2, 3, 4, 5, 6, 7, 8, 9, 10, 11, 12, 13, 14, 15, 16, 17, 18, 19, 20, 21, 22, 23, 24, 25, 26, 27, 28, 29, 30, 31, 32, 33, 34, 35, 36, 37, 38, 39, 40, 41, 42, 43, 44, 45, 46, 47, 48, 49, 50, 51, 52, 53, 54, 55, 56, 57, 58, 59, 60, 61, 62, 63, 64, 65, 66, 67, 68, 69, 70, 71, 72, 73, 74, 75, 76, 77, 78, 79, 80, 81, 82, 83, 84, 85, 86, 87, 88, 89, 90, 91, 92, 93, 94, 95, 96, 97, 98, 99, 100, 101, 102, 103, 104, 105, 106, 107, 108, 109, 110, 111, 112, 113, 114, 115, 116, 117, 118, 119, 120, 121, 122, 123, 124, 125, 126, 127]
YNEW:[0, 0, 0, 0, 0, 0, 0, 0, 0, 0, 0, 0, 0, 0, 0, 0, 0, 0, 0, 0, 0, 0, 1, 0, 0, 0, 0, 0, 0, 0, 0, 0, 0, 0, 0, 0, 0, 0, 0, 0, 0, 0, 0, 0, 0, 0, 0, 0, 0, 0, 0, 2, 1, 11, 14, 12, 14, 14, 19, 23, 32, 35, 29, 37, 40, 52, 61, 54, 64, 87, 99, 109, 126, 119, 117, 104, 84, 76, 81, 75, 73, 64, 55, 61, 68, 72, 74, 69, 63, 59, 75, 70, 99, 131, 133, 125, 117, 132, 126, 130, 137, 137, 118, 108, 113, 120, 120, 89, 87, 129, 131, 168, 154, 174, 218, 193, 142, 122, 110, 88, 66, 56, 33, 23, 11, 6, 2]
YTOT: [0, 0, 0, 0, 0, 0, 0, 0, 0, 0, 0, 0, 0, 0, 0, 0, 0, 0, 0, 0, 0, 0, 1, 1, 1, 1, 1, 1, 1, 1, 1, 1, 1, 1, 1, 1, 1, 1, 1, 1, 1, 1, 1, 1, 1, 1, 1, 1, 1, 1, 1, 3, 4, 15, 29, 41, 55, 69, 88, 111, 143, 178, 207, 244, 284, 336, 397, 451, 515, 602, 701, 810, 936, 1055, 1172, 1276, 1360, 1436, 1517, 1592, 1665, 1729, 1784, 1845, 1913, 1985, 2059, 2128, 2191, 2250, 2325, 2395, 2494, 2625, 2758, 2883, 3000, 3132, 3258, 3388, 3525, 3662, 3780, 3888, 4001, 4121, 4241, 4330, 4417, 4546, 4677, 4845, 4999, 5173, 5391, 5584, 5726, 5848, 5958, 6046, 6112, 6168, 6201, 6224, 6235, 6241, 6243]

INFO: Total Population: 3302833
INFO: R0: 2
INFO: Incubation Period: 5
INFO: Illness Period: 7
X:[0, 1, 2, 3, 4, 5, 6, 7, 8, 9, 10, 11, 12, 13, 14, 15, 16, 17, 18, 19, 20, 21, 22, 23, 24, 25, 26, 27, 28, 29, 30, 31, 32, 33, 34, 35, 36, 37, 38, 39, 40, 41, 42, 43, 44, 45, 46, 47, 48, 49, 50, 51, 52, 53, 54, 55, 56, 57, 58, 59, 60, 61, 62, 63, 64, 65, 66, 67, 68, 69, 70, 71, 72, 73, 74, 75, 76, 77, 78, 79, 80, 81, 82, 83, 84, 85, 86, 87, 88, 89, 90, 91, 92, 93, 94, 95, 96, 97, 98, 99, 100, 101, 102, 103, 104, 105, 106, 107, 108, 109, 110, 111, 112, 113, 114, 115, 116, 117, 118, 119, 120, 121, 122, 123, 124, 125, 126, 127]
YNEW:[0, 0, 0, 0, 0, 0, 0, 0, 0, 0, 0, 0, 0, 0, 0, 0, 0, 0, 0, 0, 0, 0, 1, 0, 0, 0, 0, 0, 0, 0, 0, 0, 0, 0, 0, 0, 0, 0, 0, 0, 0, 0, 0, 0, 0, 0, 0, 0, 0, 0, 0, 2, 1, 11, 14, 12, 14, 14, 19, 23, 32, 35, 29, 37, 40, 52, 61, 54, 64, 87, 99, 109, 126, 119, 117, 104, 84, 76, 81, 75, 73, 64, 55, 61, 68, 72, 74, 69, 63, 59, 75, 70, 99, 131, 133, 125, 117, 132, 126, 130, 137, 137, 118, 108, 126, 115, 90, 79, 82, 131, 146, 134, 194, 162, 194, 189, 135, 106, 104, 74, 80, 53, 33, 22, 13, 5, 2]
YTOT: [0, 0, 0, 0, 0, 0, 0, 0, 0, 0, 0, 0, 0, 0, 0, 0, 0, 0, 0, 0, 0, 0, 1, 1, 1, 1, 1, 1, 1, 1, 1, 1, 1, 1, 1, 1, 1, 1, 1, 1, 1, 1, 1, 1, 1, 1, 1, 1, 1, 1, 1, 3, 4, 15, 29, 41, 55, 69, 88, 111, 143, 178, 207, 244, 284, 336, 397, 451, 515, 602, 701, 810, 936, 1055, 1172, 1276, 1360, 1436, 1517, 1592, 1665, 1729, 1784, 1845, 1913, 1985, 2059, 2128, 2191, 2250, 2325, 2395, 2494, 2625, 2758, 2883, 3000, 3132, 3258, 3388, 3525, 3662, 3780, 3888, 4014, 4129, 4219, 4298, 4380, 4511, 4657, 4791, 4985, 5147, 5341, 5530, 5665, 5771, 5875, 5949, 6029, 6082, 6115, 6137, 6150, 6155, 6157]

INFO: Total Population: 3302833
INFO: R0: 2
INFO: Incubation Period: 5
INFO: Illness Period: 7
X:[0, 1, 2, 3, 4, 5, 6, 7, 8, 9, 10, 11, 12, 13, 14, 15, 16, 17, 18, 19, 20, 21, 22, 23, 24, 25, 26, 27, 28, 29, 30, 31, 32, 33, 34, 35, 36, 37, 38, 39, 40, 41, 42, 43, 44, 45, 46, 47, 48, 49, 50, 51, 52, 53, 54, 55, 56, 57, 58, 59, 60, 61, 62, 63, 64, 65, 66, 67, 68, 69, 70, 71, 72, 73, 74, 75, 76, 77, 78, 79, 80, 81, 82, 83, 84, 85, 86, 87, 88, 89, 90, 91, 92, 93, 94, 95, 96, 97, 98, 99, 100, 101, 102, 103, 104, 105, 106, 107, 108, 109, 110, 111, 112, 113, 114, 115, 116, 117, 118, 119, 120, 121, 122, 123, 124, 125, 126, 127]
YNEW:[0, 0, 0, 0, 0, 0, 0, 0, 0, 0, 0, 0, 0, 0, 0, 0, 0, 0, 0, 0, 0, 0, 1, 0, 0, 0, 0, 0, 0, 0, 0, 0, 0, 0, 0, 0, 0, 0, 0, 0, 0, 0, 0, 0, 0, 0, 0, 0, 0, 0, 0, 2, 1, 11, 14, 12, 14, 14, 19, 23, 32, 35, 29, 37, 40, 52, 61, 54, 64, 87, 99, 109, 126, 119, 117, 104, 84, 76, 81, 75, 73, 64, 55, 61, 68, 72, 74, 69, 63, 59, 75, 70, 99, 131, 133, 125, 117, 132, 126, 130, 137, 137, 118, 108, 112, 121, 98, 103, 85, 121, 145, 163, 173, 186, 196, 168, 144, 120, 102, 97, 67, 57, 34, 21, 10, 8, 1]
YTOT: [0, 0, 0, 0, 0, 0, 0, 0, 0, 0, 0, 0, 0, 0, 0, 0, 0, 0, 0, 0, 0, 0, 1, 1, 1, 1, 1, 1, 1, 1, 1, 1, 1, 1, 1, 1, 1, 1, 1, 1, 1, 1, 1, 1, 1, 1, 1, 1, 1, 1, 1, 3, 4, 15, 29, 41, 55, 69, 88, 111, 143, 178, 207, 244, 284, 336, 397, 451, 515, 602, 701, 810, 936, 1055, 1172, 1276, 1360, 1436, 1517, 1592, 1665, 1729, 1784, 1845, 1913, 1985, 2059, 2128, 2191, 2250, 2325, 2395, 2494, 2625, 2758, 2883, 3000, 3132, 3258, 3388, 3525, 3662, 3780, 3888, 4000, 4121, 4219, 4322, 4407, 4528, 4673, 4836, 5009, 5195, 5391, 5559, 5703, 5823, 5925, 6022, 6089, 6146, 6180, 6201, 6211, 6219, 6220]

INFO: Total Population: 3302833
INFO: R0: 2
INFO: Incubation Period: 5
INFO: Illness Period: 7
X:[0, 1, 2, 3, 4, 5, 6, 7, 8, 9, 10, 11, 12, 13, 14, 15, 16, 17, 18, 19, 20, 21, 22, 23, 24, 25, 26, 27, 28, 29, 30, 31, 32, 33, 34, 35, 36, 37, 38, 39, 40, 41, 42, 43, 44, 45, 46, 47, 48, 49, 50, 51, 52, 53, 54, 55, 56, 57, 58, 59, 60, 61, 62, 63, 64, 65, 66, 67, 68, 69, 70, 71, 72, 73, 74, 75, 76, 77, 78, 79, 80, 81, 82, 83, 84, 85, 86, 87, 88, 89, 90, 91, 92, 93, 94, 95, 96, 97, 98, 99, 100, 101, 102, 103, 104, 105, 106, 107, 108, 109, 110, 111, 112, 113, 114, 115, 116, 117, 118, 119, 120, 121, 122, 123, 124, 125, 126]
YNEW:[0, 0, 0, 0, 0, 0, 0, 0, 0, 0, 0, 0, 0, 0, 0, 0, 0, 0, 0, 0, 0, 0, 1, 0, 0, 0, 0, 0, 0, 0, 0, 0, 0, 0, 0, 0, 0, 0, 0, 0, 0, 0, 0, 0, 0, 0, 0, 0, 0, 0, 0, 2, 1, 11, 14, 12, 14, 14, 19, 23, 32, 35, 29, 37, 40, 52, 61, 54, 64, 87, 99, 109, 126, 119, 117, 104, 84, 76, 81, 75, 73, 64, 55, 61, 68, 72, 74, 69, 63, 59, 75, 70, 99, 131, 133, 125, 117, 132, 126, 130, 137, 137, 118, 108, 127, 131, 111, 93, 82, 118, 166, 166, 177, 187, 195, 177, 128, 129, 116, 86, 69, 60, 26, 20, 6, 8]
YTOT: [0, 0, 0, 0, 0, 0, 0, 0, 0, 0, 0, 0, 0, 0, 0, 0, 0, 0, 0, 0, 0, 0, 1, 1, 1, 1, 1, 1, 1, 1, 1, 1, 1, 1, 1, 1, 1, 1, 1, 1, 1, 1, 1, 1, 1, 1, 1, 1, 1, 1, 1, 3, 4, 15, 29, 41, 55, 69, 88, 111, 143, 178, 207, 244, 284, 336, 397, 451, 515, 602, 701, 810, 936, 1055, 1172, 1276, 1360, 1436, 1517, 1592, 1665, 1729, 1784, 1845, 1913, 1985, 2059, 2128, 2191, 2250, 2325, 2395, 2494, 2625, 2758, 2883, 3000, 3132, 3258, 3388, 3525, 3662, 3780, 3888, 4015, 4146, 4257, 4350, 4432, 4550, 4716, 4882, 5059, 5246, 5441, 5618, 5746, 5875, 5991, 6077, 6146, 6206, 6232, 6252, 6258, 6266]

INFO: Total Population: 3302833
INFO: R0: 2
INFO: Incubation Period: 5
INFO: Illness Period: 7
X:[0, 1, 2, 3, 4, 5, 6, 7, 8, 9, 10, 11, 12, 13, 14, 15, 16, 17, 18, 19, 20, 21, 22, 23, 24, 25, 26, 27, 28, 29, 30, 31, 32, 33, 34, 35, 36, 37, 38, 39, 40, 41, 42, 43, 44, 45, 46, 47, 48, 49, 50, 51, 52, 53, 54, 55, 56, 57, 58, 59, 60, 61, 62, 63, 64, 65, 66, 67, 68, 69, 70, 71, 72, 73, 74, 75, 76, 77, 78, 79, 80, 81, 82, 83, 84, 85, 86, 87, 88, 89, 90, 91, 92, 93, 94, 95, 96, 97, 98, 99, 100, 101, 102, 103, 104, 105, 106, 107, 108, 109, 110, 111, 112, 113, 114, 115, 116, 117, 118, 119, 120, 121, 122, 123, 124, 125, 126]
YNEW:[0, 0, 0, 0, 0, 0, 0, 0, 0, 0, 0, 0, 0, 0, 0, 0, 0, 0, 0, 0, 0, 0, 1, 0, 0, 0, 0, 0, 0, 0, 0, 0, 0, 0, 0, 0, 0, 0, 0, 0, 0, 0, 0, 0, 0, 0, 0, 0, 0, 0, 0, 2, 1, 11, 14, 12, 14, 14, 19, 23, 32, 35, 29, 37, 40, 52, 61, 54, 64, 87, 99, 109, 126, 119, 117, 104, 84, 76, 81, 75, 73, 64, 55, 61, 68, 72, 74, 69, 63, 59, 75, 70, 99, 131, 133, 125, 117, 132, 126, 130, 137, 137, 118, 108, 108, 104, 99, 94, 91, 107, 141, 124, 176, 185, 201, 181, 125, 116, 104, 77, 61, 39, 26, 14, 10, 8]
YTOT: [0, 0, 0, 0, 0, 0, 0, 0, 0, 0, 0, 0, 0, 0, 0, 0, 0, 0, 0, 0, 0, 0, 1, 1, 1, 1, 1, 1, 1, 1, 1, 1, 1, 1, 1, 1, 1, 1, 1, 1, 1, 1, 1, 1, 1, 1, 1, 1, 1, 1, 1, 3, 4, 15, 29, 41, 55, 69, 88, 111, 143, 178, 207, 244, 284, 336, 397, 451, 515, 602, 701, 810, 936, 1055, 1172, 1276, 1360, 1436, 1517, 1592, 1665, 1729, 1784, 1845, 1913, 1985, 2059, 2128, 2191, 2250, 2325, 2395, 2494, 2625, 2758, 2883, 3000, 3132, 3258, 3388, 3525, 3662, 3780, 3888, 3996, 4100, 4199, 4293, 4384, 4491, 4632, 4756, 4932, 5117, 5318, 5499, 5624, 5740, 5844, 5921, 5982, 6021, 6047, 6061, 6071, 6079]

INFO: Total Population: 3302833
INFO: R0: 2
INFO: Incubation Period: 5
INFO: Illness Period: 7
X:[0, 1, 2, 3, 4, 5, 6, 7, 8, 9, 10, 11, 12, 13, 14, 15, 16, 17, 18, 19, 20, 21, 22, 23, 24, 25, 26, 27, 28, 29, 30, 31, 32, 33, 34, 35, 36, 37, 38, 39, 40, 41, 42, 43, 44, 45, 46, 47, 48, 49, 50, 51, 52, 53, 54, 55, 56, 57, 58, 59, 60, 61, 62, 63, 64, 65, 66, 67, 68, 69, 70, 71, 72, 73, 74, 75, 76, 77, 78, 79, 80, 81, 82, 83, 84, 85, 86, 87, 88, 89, 90, 91, 92, 93, 94, 95, 96, 97, 98, 99, 100, 101, 102, 103, 104, 105, 106, 107, 108, 109, 110, 111, 112, 113, 114, 115, 116, 117, 118, 119, 120, 121, 122, 123, 124, 125, 126, 127]
YNEW:[0, 0, 0, 0, 0, 0, 0, 0, 0, 0, 0, 0, 0, 0, 0, 0, 0, 0, 0, 0, 0, 0, 1, 0, 0, 0, 0, 0, 0, 0, 0, 0, 0, 0, 0, 0, 0, 0, 0, 0, 0, 0, 0, 0, 0, 0, 0, 0, 0, 0, 0, 2, 1, 11, 14, 12, 14, 14, 19, 23, 32, 35, 29, 37, 40, 52, 61, 54, 64, 87, 99, 109, 126, 119, 117, 104, 84, 76, 81, 75, 73, 64, 55, 61, 68, 72, 74, 69, 63, 59, 75, 70, 99, 131, 133, 125, 117, 132, 126, 130, 137, 137, 118, 108, 105, 126, 120, 111, 81, 112, 126, 163, 205, 179, 208, 202, 142, 114, 97, 85, 71, 47, 39, 19, 11, 5, 3]
YTOT: [0, 0, 0, 0, 0, 0, 0, 0, 0, 0, 0, 0, 0, 0, 0, 0, 0, 0, 0, 0, 0, 0, 1, 1, 1, 1, 1, 1, 1, 1, 1, 1, 1, 1, 1, 1, 1, 1, 1, 1, 1, 1, 1, 1, 1, 1, 1, 1, 1, 1, 1, 3, 4, 15, 29, 41, 55, 69, 88, 111, 143, 178, 207, 244, 284, 336, 397, 451, 515, 602, 701, 810, 936, 1055, 1172, 1276, 1360, 1436, 1517, 1592, 1665, 1729, 1784, 1845, 1913, 1985, 2059, 2128, 2191, 2250, 2325, 2395, 2494, 2625, 2758, 2883, 3000, 3132, 3258, 3388, 3525, 3662, 3780, 3888, 3993, 4119, 4239, 4350, 4431, 4543, 4669, 4832, 5037, 5216, 5424, 5626, 5768, 5882, 5979, 6064, 6135, 6182, 6221, 6240, 6251, 6256, 6259]

INFO: Total Population: 3302833
INFO: R0: 2
INFO: Incubation Period: 5
INFO: Illness Period: 7
X:[0, 1, 2, 3, 4, 5, 6, 7, 8, 9, 10, 11, 12, 13, 14, 15, 16, 17, 18, 19, 20, 21, 22, 23, 24, 25, 26, 27, 28, 29, 30, 31, 32, 33, 34, 35, 36, 37, 38, 39, 40, 41, 42, 43, 44, 45, 46, 47, 48, 49, 50, 51, 52, 53, 54, 55, 56, 57, 58, 59, 60, 61, 62, 63, 64, 65, 66, 67, 68, 69, 70, 71, 72, 73, 74, 75, 76, 77, 78, 79, 80, 81, 82, 83, 84, 85, 86, 87, 88, 89, 90, 91, 92, 93, 94, 95, 96, 97, 98, 99, 100, 101, 102, 103, 104, 105, 106, 107, 108, 109, 110, 111, 112, 113, 114, 115, 116, 117, 118, 119, 120, 121, 122, 123, 124, 125, 126]
YNEW:[0, 0, 0, 0, 0, 0, 0, 0, 0, 0, 0, 0, 0, 0, 0, 0, 0, 0, 0, 0, 0, 0, 1, 0, 0, 0, 0, 0, 0, 0, 0, 0, 0, 0, 0, 0, 0, 0, 0, 0, 0, 0, 0, 0, 0, 0, 0, 0, 0, 0, 0, 2, 1, 11, 14, 12, 14, 14, 19, 23, 32, 35, 29, 37, 40, 52, 61, 54, 64, 87, 99, 109, 126, 119, 117, 104, 84, 76, 81, 75, 73, 64, 55, 61, 68, 72, 74, 69, 63, 59, 75, 70, 99, 131, 133, 125, 117, 132, 126, 130, 137, 137, 118, 108, 99, 110, 126, 105, 93, 105, 156, 157, 174, 199, 198, 151, 148, 127, 98, 78, 65, 49, 24, 20, 19, 5]
YTOT: [0, 0, 0, 0, 0, 0, 0, 0, 0, 0, 0, 0, 0, 0, 0, 0, 0, 0, 0, 0, 0, 0, 1, 1, 1, 1, 1, 1, 1, 1, 1, 1, 1, 1, 1, 1, 1, 1, 1, 1, 1, 1, 1, 1, 1, 1, 1, 1, 1, 1, 1, 3, 4, 15, 29, 41, 55, 69, 88, 111, 143, 178, 207, 244, 284, 336, 397, 451, 515, 602, 701, 810, 936, 1055, 1172, 1276, 1360, 1436, 1517, 1592, 1665, 1729, 1784, 1845, 1913, 1985, 2059, 2128, 2191, 2250, 2325, 2395, 2494, 2625, 2758, 2883, 3000, 3132, 3258, 3388, 3525, 3662, 3780, 3888, 3987, 4097, 4223, 4328, 4421, 4526, 4682, 4839, 5013, 5212, 5410, 5561, 5709, 5836, 5934, 6012, 6077, 6126, 6150, 6170, 6189, 6194]

INFO: Total Population: 3302833
INFO: R0: 2
INFO: Incubation Period: 5
INFO: Illness Period: 7
X:[0, 1, 2, 3, 4, 5, 6, 7, 8, 9, 10, 11, 12, 13, 14, 15, 16, 17, 18, 19, 20, 21, 22, 23, 24, 25, 26, 27, 28, 29, 30, 31, 32, 33, 34, 35, 36, 37, 38, 39, 40, 41, 42, 43, 44, 45, 46, 47, 48, 49, 50, 51, 52, 53, 54, 55, 56, 57, 58, 59, 60, 61, 62, 63, 64, 65, 66, 67, 68, 69, 70, 71, 72, 73, 74, 75, 76, 77, 78, 79, 80, 81, 82, 83, 84, 85, 86, 87, 88, 89, 90, 91, 92, 93, 94, 95, 96, 97, 98, 99, 100, 101, 102, 103, 104, 105, 106, 107, 108, 109, 110, 111, 112, 113, 114, 115, 116, 117, 118, 119, 120, 121, 122, 123, 124, 125, 126, 127]
YNEW:[0, 0, 0, 0, 0, 0, 0, 0, 0, 0, 0, 0, 0, 0, 0, 0, 0, 0, 0, 0, 0, 0, 1, 0, 0, 0, 0, 0, 0, 0, 0, 0, 0, 0, 0, 0, 0, 0, 0, 0, 0, 0, 0, 0, 0, 0, 0, 0, 0, 0, 0, 2, 1, 11, 14, 12, 14, 14, 19, 23, 32, 35, 29, 37, 40, 52, 61, 54, 64, 87, 99, 109, 126, 119, 117, 104, 84, 76, 81, 75, 73, 64, 55, 61, 68, 72, 74, 69, 63, 59, 75, 70, 99, 131, 133, 125, 117, 132, 126, 130, 137, 137, 118, 108, 118, 138, 120, 89, 78, 70, 152, 181, 187, 191, 192, 149, 130, 111, 87, 68, 76, 41, 35, 19, 14, 4, 1]
YTOT: [0, 0, 0, 0, 0, 0, 0, 0, 0, 0, 0, 0, 0, 0, 0, 0, 0, 0, 0, 0, 0, 0, 1, 1, 1, 1, 1, 1, 1, 1, 1, 1, 1, 1, 1, 1, 1, 1, 1, 1, 1, 1, 1, 1, 1, 1, 1, 1, 1, 1, 1, 3, 4, 15, 29, 41, 55, 69, 88, 111, 143, 178, 207, 244, 284, 336, 397, 451, 515, 602, 701, 810, 936, 1055, 1172, 1276, 1360, 1436, 1517, 1592, 1665, 1729, 1784, 1845, 1913, 1985, 2059, 2128, 2191, 2250, 2325, 2395, 2494, 2625, 2758, 2883, 3000, 3132, 3258, 3388, 3525, 3662, 3780, 3888, 4006, 4144, 4264, 4353, 4431, 4501, 4653, 4834, 5021, 5212, 5404, 5553, 5683, 5794, 5881, 5949, 6025, 6066, 6101, 6120, 6134, 6138, 6139]

INFO: Total Population: 3302833
INFO: R0: 2
INFO: Incubation Period: 5
INFO: Illness Period: 7
X:[0, 1, 2, 3, 4, 5, 6, 7, 8, 9, 10, 11, 12, 13, 14, 15, 16, 17, 18, 19, 20, 21, 22, 23, 24, 25, 26, 27, 28, 29, 30, 31, 32, 33, 34, 35, 36, 37, 38, 39, 40, 41, 42, 43, 44, 45, 46, 47, 48, 49, 50, 51, 52, 53, 54, 55, 56, 57, 58, 59, 60, 61, 62, 63, 64, 65, 66, 67, 68, 69, 70, 71, 72, 73, 74, 75, 76, 77, 78, 79, 80, 81, 82, 83, 84, 85, 86, 87, 88, 89, 90, 91, 92, 93, 94, 95, 96, 97, 98, 99, 100, 101, 102, 103, 104, 105, 106, 107, 108, 109, 110, 111, 112, 113, 114, 115, 116, 117, 118, 119, 120, 121, 122, 123, 124, 125, 126, 127]
YNEW:[0, 0, 0, 0, 0, 0, 0, 0, 0, 0, 0, 0, 0, 0, 0, 0, 0, 0, 0, 0, 0, 0, 1, 0, 0, 0, 0, 0, 0, 0, 0, 0, 0, 0, 0, 0, 0, 0, 0, 0, 0, 0, 0, 0, 0, 0, 0, 0, 0, 0, 0, 2, 1, 11, 14, 12, 14, 14, 19, 23, 32, 35, 29, 37, 40, 52, 61, 54, 64, 87, 99, 109, 126, 119, 117, 104, 84, 76, 81, 75, 73, 64, 55, 61, 68, 72, 74, 69, 63, 59, 75, 70, 99, 131, 133, 125, 117, 132, 126, 130, 137, 137, 118, 108, 121, 105, 113, 107, 81, 108, 129, 147, 181, 180, 207, 159, 147, 133, 85, 97, 85, 37, 31, 15, 11, 3, 1]
YTOT: [0, 0, 0, 0, 0, 0, 0, 0, 0, 0, 0, 0, 0, 0, 0, 0, 0, 0, 0, 0, 0, 0, 1, 1, 1, 1, 1, 1, 1, 1, 1, 1, 1, 1, 1, 1, 1, 1, 1, 1, 1, 1, 1, 1, 1, 1, 1, 1, 1, 1, 1, 3, 4, 15, 29, 41, 55, 69, 88, 111, 143, 178, 207, 244, 284, 336, 397, 451, 515, 602, 701, 810, 936, 1055, 1172, 1276, 1360, 1436, 1517, 1592, 1665, 1729, 1784, 1845, 1913, 1985, 2059, 2128, 2191, 2250, 2325, 2395, 2494, 2625, 2758, 2883, 3000, 3132, 3258, 3388, 3525, 3662, 3780, 3888, 4009, 4114, 4227, 4334, 4415, 4523, 4652, 4799, 4980, 5160, 5367, 5526, 5673, 5806, 5891, 5988, 6073, 6110, 6141, 6156, 6167, 6170, 6171]

INFO: Total Population: 3302833
INFO: R0: 2
INFO: Incubation Period: 5
INFO: Illness Period: 7
X:[0, 1, 2, 3, 4, 5, 6, 7, 8, 9, 10, 11, 12, 13, 14, 15, 16, 17, 18, 19, 20, 21, 22, 23, 24, 25, 26, 27, 28, 29, 30, 31, 32, 33, 34, 35, 36, 37, 38, 39, 40, 41, 42, 43, 44, 45, 46, 47, 48, 49, 50, 51, 52, 53, 54, 55, 56, 57, 58, 59, 60, 61, 62, 63, 64, 65, 66, 67, 68, 69, 70, 71, 72, 73, 74, 75, 76, 77, 78, 79, 80, 81, 82, 83, 84, 85, 86, 87, 88, 89, 90, 91, 92, 93, 94, 95, 96, 97, 98, 99, 100, 101, 102, 103, 104, 105, 106, 107, 108, 109, 110, 111, 112, 113, 114, 115, 116, 117, 118, 119, 120, 121, 122, 123, 124, 125, 126, 127]
YNEW:[0, 0, 0, 0, 0, 0, 0, 0, 0, 0, 0, 0, 0, 0, 0, 0, 0, 0, 0, 0, 0, 0, 1, 0, 0, 0, 0, 0, 0, 0, 0, 0, 0, 0, 0, 0, 0, 0, 0, 0, 0, 0, 0, 0, 0, 0, 0, 0, 0, 0, 0, 2, 1, 11, 14, 12, 14, 14, 19, 23, 32, 35, 29, 37, 40, 52, 61, 54, 64, 87, 99, 109, 126, 119, 117, 104, 84, 76, 81, 75, 73, 64, 55, 61, 68, 72, 74, 69, 63, 59, 75, 70, 99, 131, 133, 125, 117, 132, 126, 130, 137, 137, 118, 108, 122, 144, 103, 99, 84, 115, 165, 158, 169, 176, 215, 168, 143, 144, 113, 73, 71, 48, 30, 22, 17, 4, 2]
YTOT: [0, 0, 0, 0, 0, 0, 0, 0, 0, 0, 0, 0, 0, 0, 0, 0, 0, 0, 0, 0, 0, 0, 1, 1, 1, 1, 1, 1, 1, 1, 1, 1, 1, 1, 1, 1, 1, 1, 1, 1, 1, 1, 1, 1, 1, 1, 1, 1, 1, 1, 1, 3, 4, 15, 29, 41, 55, 69, 88, 111, 143, 178, 207, 244, 284, 336, 397, 451, 515, 602, 701, 810, 936, 1055, 1172, 1276, 1360, 1436, 1517, 1592, 1665, 1729, 1784, 1845, 1913, 1985, 2059, 2128, 2191, 2250, 2325, 2395, 2494, 2625, 2758, 2883, 3000, 3132, 3258, 3388, 3525, 3662, 3780, 3888, 4010, 4154, 4257, 4356, 4440, 4555, 4720, 4878, 5047, 5223, 5438, 5606, 5749, 5893, 6006, 6079, 6150, 6198, 6228, 6250, 6267, 6271, 6273]

INFO: Total Population: 3302833
INFO: R0: 2
INFO: Incubation Period: 5
INFO: Illness Period: 7
X:[0, 1, 2, 3, 4, 5, 6, 7, 8, 9, 10, 11, 12, 13, 14, 15, 16, 17, 18, 19, 20, 21, 22, 23, 24, 25, 26, 27, 28, 29, 30, 31, 32, 33, 34, 35, 36, 37, 38, 39, 40, 41, 42, 43, 44, 45, 46, 47, 48, 49, 50, 51, 52, 53, 54, 55, 56, 57, 58, 59, 60, 61, 62, 63, 64, 65, 66, 67, 68, 69, 70, 71, 72, 73, 74, 75, 76, 77, 78, 79, 80, 81, 82, 83, 84, 85, 86, 87, 88, 89, 90, 91, 92, 93, 94, 95, 96, 97, 98, 99, 100, 101, 102, 103, 104, 105, 106, 107, 108, 109, 110, 111, 112, 113, 114, 115, 116, 117, 118, 119, 120, 121, 122, 123, 124, 125, 126]
YNEW:[0, 0, 0, 0, 0, 0, 0, 0, 0, 0, 0, 0, 0, 0, 0, 0, 0, 0, 0, 0, 0, 0, 1, 0, 0, 0, 0, 0, 0, 0, 0, 0, 0, 0, 0, 0, 0, 0, 0, 0, 0, 0, 0, 0, 0, 0, 0, 0, 0, 0, 0, 2, 1, 11, 14, 12, 14, 14, 19, 23, 32, 35, 29, 37, 40, 52, 61, 54, 64, 87, 99, 109, 126, 119, 117, 104, 84, 76, 81, 75, 73, 64, 55, 61, 68, 72, 74, 69, 63, 59, 75, 70, 99, 131, 133, 125, 117, 132, 126, 130, 137, 137, 118, 108, 111, 112, 104, 93, 84, 71, 169, 156, 157, 200, 172, 168, 110, 102, 87, 75, 60, 44, 38, 19, 19, 9]
YTOT: [0, 0, 0, 0, 0, 0, 0, 0, 0, 0, 0, 0, 0, 0, 0, 0, 0, 0, 0, 0, 0, 0, 1, 1, 1, 1, 1, 1, 1, 1, 1, 1, 1, 1, 1, 1, 1, 1, 1, 1, 1, 1, 1, 1, 1, 1, 1, 1, 1, 1, 1, 3, 4, 15, 29, 41, 55, 69, 88, 111, 143, 178, 207, 244, 284, 336, 397, 451, 515, 602, 701, 810, 936, 1055, 1172, 1276, 1360, 1436, 1517, 1592, 1665, 1729, 1784, 1845, 1913, 1985, 2059, 2128, 2191, 2250, 2325, 2395, 2494, 2625, 2758, 2883, 3000, 3132, 3258, 3388, 3525, 3662, 3780, 3888, 3999, 4111, 4215, 4308, 4392, 4463, 4632, 4788, 4945, 5145, 5317, 5485, 5595, 5697, 5784, 5859, 5919, 5963, 6001, 6020, 6039, 6048]

INFO: Total Population: 3302833
INFO: R0: 2
INFO: Incubation Period: 5
INFO: Illness Period: 7
X:[0, 1, 2, 3, 4, 5, 6, 7, 8, 9, 10, 11, 12, 13, 14, 15, 16, 17, 18, 19, 20, 21, 22, 23, 24, 25, 26, 27, 28, 29, 30, 31, 32, 33, 34, 35, 36, 37, 38, 39, 40, 41, 42, 43, 44, 45, 46, 47, 48, 49, 50, 51, 52, 53, 54, 55, 56, 57, 58, 59, 60, 61, 62, 63, 64, 65, 66, 67, 68, 69, 70, 71, 72, 73, 74, 75, 76, 77, 78, 79, 80, 81, 82, 83, 84, 85, 86, 87, 88, 89, 90, 91, 92, 93, 94, 95, 96, 97, 98, 99, 100, 101, 102, 103, 104, 105, 106, 107, 108, 109, 110, 111, 112, 113, 114, 115, 116, 117, 118, 119, 120, 121, 122, 123, 124, 125, 126, 127]
YNEW:[0, 0, 0, 0, 0, 0, 0, 0, 0, 0, 0, 0, 0, 0, 0, 0, 0, 0, 0, 0, 0, 0, 1, 0, 0, 0, 0, 0, 0, 0, 0, 0, 0, 0, 0, 0, 0, 0, 0, 0, 0, 0, 0, 0, 0, 0, 0, 0, 0, 0, 0, 2, 1, 11, 14, 12, 14, 14, 19, 23, 32, 35, 29, 37, 40, 52, 61, 54, 64, 87, 99, 109, 126, 119, 117, 104, 84, 76, 81, 75, 73, 64, 55, 61, 68, 72, 74, 69, 63, 59, 75, 70, 99, 131, 133, 125, 117, 132, 126, 130, 137, 137, 118, 108, 104, 106, 123, 102, 82, 111, 135, 152, 167, 185, 202, 140, 141, 124, 107, 92, 65, 44, 38, 28, 11, 7, 1]
YTOT: [0, 0, 0, 0, 0, 0, 0, 0, 0, 0, 0, 0, 0, 0, 0, 0, 0, 0, 0, 0, 0, 0, 1, 1, 1, 1, 1, 1, 1, 1, 1, 1, 1, 1, 1, 1, 1, 1, 1, 1, 1, 1, 1, 1, 1, 1, 1, 1, 1, 1, 1, 3, 4, 15, 29, 41, 55, 69, 88, 111, 143, 178, 207, 244, 284, 336, 397, 451, 515, 602, 701, 810, 936, 1055, 1172, 1276, 1360, 1436, 1517, 1592, 1665, 1729, 1784, 1845, 1913, 1985, 2059, 2128, 2191, 2250, 2325, 2395, 2494, 2625, 2758, 2883, 3000, 3132, 3258, 3388, 3525, 3662, 3780, 3888, 3992, 4098, 4221, 4323, 4405, 4516, 4651, 4803, 4970, 5155, 5357, 5497, 5638, 5762, 5869, 5961, 6026, 6070, 6108, 6136, 6147, 6154, 6155]

INFO: Total Population: 3302833
INFO: R0: 2
INFO: Incubation Period: 5
INFO: Illness Period: 7
X:[0, 1, 2, 3, 4, 5, 6, 7, 8, 9, 10, 11, 12, 13, 14, 15, 16, 17, 18, 19, 20, 21, 22, 23, 24, 25, 26, 27, 28, 29, 30, 31, 32, 33, 34, 35, 36, 37, 38, 39, 40, 41, 42, 43, 44, 45, 46, 47, 48, 49, 50, 51, 52, 53, 54, 55, 56, 57, 58, 59, 60, 61, 62, 63, 64, 65, 66, 67, 68, 69, 70, 71, 72, 73, 74, 75, 76, 77, 78, 79, 80, 81, 82, 83, 84, 85, 86, 87, 88, 89, 90, 91, 92, 93, 94, 95, 96, 97, 98, 99, 100, 101, 102, 103, 104, 105, 106, 107, 108, 109, 110, 111, 112, 113, 114, 115, 116, 117, 118, 119, 120, 121, 122, 123, 124, 125, 126, 127]
YNEW:[0, 0, 0, 0, 0, 0, 0, 0, 0, 0, 0, 0, 0, 0, 0, 0, 0, 0, 0, 0, 0, 0, 1, 0, 0, 0, 0, 0, 0, 0, 0, 0, 0, 0, 0, 0, 0, 0, 0, 0, 0, 0, 0, 0, 0, 0, 0, 0, 0, 0, 0, 2, 1, 11, 14, 12, 14, 14, 19, 23, 32, 35, 29, 37, 40, 52, 61, 54, 64, 87, 99, 109, 126, 119, 117, 104, 84, 76, 81, 75, 73, 64, 55, 61, 68, 72, 74, 69, 63, 59, 75, 70, 99, 131, 133, 125, 117, 132, 126, 130, 137, 137, 118, 108, 112, 107, 102, 93, 80, 68, 140, 174, 165, 174, 186, 149, 106, 89, 87, 76, 56, 50, 30, 21, 15, 10, 2]
YTOT: [0, 0, 0, 0, 0, 0, 0, 0, 0, 0, 0, 0, 0, 0, 0, 0, 0, 0, 0, 0, 0, 0, 1, 1, 1, 1, 1, 1, 1, 1, 1, 1, 1, 1, 1, 1, 1, 1, 1, 1, 1, 1, 1, 1, 1, 1, 1, 1, 1, 1, 1, 3, 4, 15, 29, 41, 55, 69, 88, 111, 143, 178, 207, 244, 284, 336, 397, 451, 515, 602, 701, 810, 936, 1055, 1172, 1276, 1360, 1436, 1517, 1592, 1665, 1729, 1784, 1845, 1913, 1985, 2059, 2128, 2191, 2250, 2325, 2395, 2494, 2625, 2758, 2883, 3000, 3132, 3258, 3388, 3525, 3662, 3780, 3888, 4000, 4107, 4209, 4302, 4382, 4450, 4590, 4764, 4929, 5103, 5289, 5438, 5544, 5633, 5720, 5796, 5852, 5902, 5932, 5953, 5968, 5978, 5980]

INFO: Total Population: 3302833
INFO: R0: 2
INFO: Incubation Period: 5
INFO: Illness Period: 7
X:[0, 1, 2, 3, 4, 5, 6, 7, 8, 9, 10, 11, 12, 13, 14, 15, 16, 17, 18, 19, 20, 21, 22, 23, 24, 25, 26, 27, 28, 29, 30, 31, 32, 33, 34, 35, 36, 37, 38, 39, 40, 41, 42, 43, 44, 45, 46, 47, 48, 49, 50, 51, 52, 53, 54, 55, 56, 57, 58, 59, 60, 61, 62, 63, 64, 65, 66, 67, 68, 69, 70, 71, 72, 73, 74, 75, 76, 77, 78, 79, 80, 81, 82, 83, 84, 85, 86, 87, 88, 89, 90, 91, 92, 93, 94, 95, 96, 97, 98, 99, 100, 101, 102, 103, 104, 105, 106, 107, 108, 109, 110, 111, 112, 113, 114, 115, 116, 117, 118, 119, 120, 121, 122, 123, 124, 125, 126, 127]
YNEW:[0, 0, 0, 0, 0, 0, 0, 0, 0, 0, 0, 0, 0, 0, 0, 0, 0, 0, 0, 0, 0, 0, 1, 0, 0, 0, 0, 0, 0, 0, 0, 0, 0, 0, 0, 0, 0, 0, 0, 0, 0, 0, 0, 0, 0, 0, 0, 0, 0, 0, 0, 2, 1, 11, 14, 12, 14, 14, 19, 23, 32, 35, 29, 37, 40, 52, 61, 54, 64, 87, 99, 109, 126, 119, 117, 104, 84, 76, 81, 75, 73, 64, 55, 61, 68, 72, 74, 69, 63, 59, 75, 70, 99, 131, 133, 125, 117, 132, 126, 130, 137, 137, 118, 108, 107, 127, 98, 97, 91, 73, 146, 175, 181, 171, 189, 142, 133, 109, 95, 78, 65, 48, 34, 18, 9, 7, 2]
YTOT: [0, 0, 0, 0, 0, 0, 0, 0, 0, 0, 0, 0, 0, 0, 0, 0, 0, 0, 0, 0, 0, 0, 1, 1, 1, 1, 1, 1, 1, 1, 1, 1, 1, 1, 1, 1, 1, 1, 1, 1, 1, 1, 1, 1, 1, 1, 1, 1, 1, 1, 1, 3, 4, 15, 29, 41, 55, 69, 88, 111, 143, 178, 207, 244, 284, 336, 397, 451, 515, 602, 701, 810, 936, 1055, 1172, 1276, 1360, 1436, 1517, 1592, 1665, 1729, 1784, 1845, 1913, 1985, 2059, 2128, 2191, 2250, 2325, 2395, 2494, 2625, 2758, 2883, 3000, 3132, 3258, 3388, 3525, 3662, 3780, 3888, 3995, 4122, 4220, 4317, 4408, 4481, 4627, 4802, 4983, 5154, 5343, 5485, 5618, 5727, 5822, 5900, 5965, 6013, 6047, 6065, 6074, 6081, 6083]

INFO: Total Population: 3302833
INFO: R0: 2
INFO: Incubation Period: 5
INFO: Illness Period: 7
X:[0, 1, 2, 3, 4, 5, 6, 7, 8, 9, 10, 11, 12, 13, 14, 15, 16, 17, 18, 19, 20, 21, 22, 23, 24, 25, 26, 27, 28, 29, 30, 31, 32, 33, 34, 35, 36, 37, 38, 39, 40, 41, 42, 43, 44, 45, 46, 47, 48, 49, 50, 51, 52, 53, 54, 55, 56, 57, 58, 59, 60, 61, 62, 63, 64, 65, 66, 67, 68, 69, 70, 71, 72, 73, 74, 75, 76, 77, 78, 79, 80, 81, 82, 83, 84, 85, 86, 87, 88, 89, 90, 91, 92, 93, 94, 95, 96, 97, 98, 99, 100, 101, 102, 103, 104, 105, 106, 107, 108, 109, 110, 111, 112, 113, 114, 115, 116, 117, 118, 119, 120, 121, 122, 123, 124, 125, 126, 127]
YNEW:[0, 0, 0, 0, 0, 0, 0, 0, 0, 0, 0, 0, 0, 0, 0, 0, 0, 0, 0, 0, 0, 0, 1, 0, 0, 0, 0, 0, 0, 0, 0, 0, 0, 0, 0, 0, 0, 0, 0, 0, 0, 0, 0, 0, 0, 0, 0, 0, 0, 0, 0, 2, 1, 11, 14, 12, 14, 14, 19, 23, 32, 35, 29, 37, 40, 52, 61, 54, 64, 87, 99, 109, 126, 119, 117, 104, 84, 76, 81, 75, 73, 64, 55, 61, 68, 72, 74, 69, 63, 59, 75, 70, 99, 131, 133, 125, 117, 132, 126, 130, 137, 137, 118, 108, 97, 113, 107, 98, 76, 95, 146, 163, 154, 178, 183, 152, 127, 103, 90, 77, 64, 56, 43, 20, 13, 8, 1]
YTOT: [0, 0, 0, 0, 0, 0, 0, 0, 0, 0, 0, 0, 0, 0, 0, 0, 0, 0, 0, 0, 0, 0, 1, 1, 1, 1, 1, 1, 1, 1, 1, 1, 1, 1, 1, 1, 1, 1, 1, 1, 1, 1, 1, 1, 1, 1, 1, 1, 1, 1, 1, 3, 4, 15, 29, 41, 55, 69, 88, 111, 143, 178, 207, 244, 284, 336, 397, 451, 515, 602, 701, 810, 936, 1055, 1172, 1276, 1360, 1436, 1517, 1592, 1665, 1729, 1784, 1845, 1913, 1985, 2059, 2128, 2191, 2250, 2325, 2395, 2494, 2625, 2758, 2883, 3000, 3132, 3258, 3388, 3525, 3662, 3780, 3888, 3985, 4098, 4205, 4303, 4379, 4474, 4620, 4783, 4937, 5115, 5298, 5450, 5577, 5680, 5770, 5847, 5911, 5967, 6010, 6030, 6043, 6051, 6052]

END