

INFO: Total Population: 1643700
INFO: R0: 2
INFO: Incubation Period: 5
INFO: Illness Period: 7
X:[0, 1, 2, 3, 4, 5, 6, 7, 8, 9, 10, 11, 12, 13, 14, 15, 16, 17, 18, 19, 20, 21, 22, 23, 24, 25, 26, 27, 28, 29, 30, 31, 32, 33, 34, 35, 36, 37, 38, 39, 40, 41, 42, 43, 44, 45, 46, 47, 48, 49, 50, 51, 52, 53, 54, 55, 56, 57, 58, 59, 60, 61, 62, 63, 64, 65, 66, 67, 68, 69, 70, 71, 72, 73, 74, 75, 76, 77, 78, 79, 80, 81, 82, 83, 84, 85, 86, 87, 88, 89, 90, 91, 92, 93, 94, 95, 96, 97, 98, 99, 100, 101, 102, 103, 104, 105, 106, 107, 108, 109, 110, 111, 112, 113, 114, 115, 116, 117, 118, 119, 120, 121, 122, 123, 124, 125]
YNEW:[0, 0, 0, 0, 0, 0, 0, 0, 0, 0, 0, 0, 0, 0, 0, 0, 0, 0, 0, 0, 0, 0, 0, 0, 0, 0, 0, 0, 0, 0, 0, 0, 0, 0, 0, 0, 0, 0, 0, 0, 0, 0, 0, 0, 0, 0, 0, 1, 0, 1, 0, 1, 1, 3, 4, 6, 5, 5, 7, 11, 22, 22, 16, 14, 18, 30, 34, 30, 25, 25, 30, 33, 40, 59, 52, 43, 43, 40, 38, 44, 44, 41, 41, 27, 42, 44, 48, 51, 53, 43, 44, 42, 51, 52, 48, 42, 37, 34, 34, 34, 34, 46, 47, 45, 37, 26, 27, 29, 39, 55, 38, 42, 32, 50, 32, 34, 39, 18, 20, 16, 17, 3, 3, 1, 1]
YTOT: [0, 0, 0, 0, 0, 0, 0, 0, 0, 0, 0, 0, 0, 0, 0, 0, 0, 0, 0, 0, 0, 0, 0, 0, 0, 0, 0, 0, 0, 0, 0, 0, 0, 0, 0, 0, 0, 0, 0, 0, 0, 0, 0, 0, 0, 0, 0, 1, 1, 2, 2, 3, 4, 7, 11, 17, 22, 27, 34, 45, 67, 89, 105, 119, 137, 167, 201, 231, 256, 281, 311, 344, 384, 443, 495, 538, 581, 621, 659, 703, 747, 788, 829, 856, 898, 942, 990, 1041, 1094, 1137, 1181, 1223, 1274, 1326, 1374, 1416, 1453, 1487, 1521, 1555, 1589, 1635, 1682, 1727, 1764, 1790, 1817, 1846, 1885, 1940, 1978, 2020, 2052, 2102, 2134, 2168, 2207, 2225, 2245, 2261, 2278, 2281, 2284, 2285, 2286]

INFO: Total Population: 1643700
INFO: R0: 2
INFO: Incubation Period: 5
INFO: Illness Period: 7
X:[0, 1, 2, 3, 4, 5, 6, 7, 8, 9, 10, 11, 12, 13, 14, 15, 16, 17, 18, 19, 20, 21, 22, 23, 24, 25, 26, 27, 28, 29, 30, 31, 32, 33, 34, 35, 36, 37, 38, 39, 40, 41, 42, 43, 44, 45, 46, 47, 48, 49, 50, 51, 52, 53, 54, 55, 56, 57, 58, 59, 60, 61, 62, 63, 64, 65, 66, 67, 68, 69, 70, 71, 72, 73, 74, 75, 76, 77, 78, 79, 80, 81, 82, 83, 84, 85, 86, 87, 88, 89, 90, 91, 92, 93, 94, 95, 96, 97, 98, 99, 100, 101, 102, 103, 104, 105, 106, 107, 108, 109, 110, 111, 112, 113, 114, 115, 116, 117, 118, 119, 120, 121, 122, 123, 124, 125, 126]
YNEW:[0, 0, 0, 0, 0, 0, 0, 0, 0, 0, 0, 0, 0, 0, 0, 0, 0, 0, 0, 0, 0, 0, 0, 0, 0, 0, 0, 0, 0, 0, 0, 0, 0, 0, 0, 0, 0, 0, 0, 0, 0, 0, 0, 0, 0, 0, 0, 1, 0, 1, 0, 1, 1, 3, 4, 6, 5, 5, 7, 11, 22, 22, 16, 14, 18, 30, 34, 30, 25, 25, 30, 33, 40, 59, 52, 43, 43, 40, 38, 44, 44, 41, 41, 27, 42, 44, 48, 51, 53, 43, 44, 42, 51, 52, 48, 42, 37, 34, 34, 34, 34, 46, 47, 31, 39, 20, 28, 32, 25, 38, 39, 47, 39, 31, 37, 33, 21, 17, 18, 18, 9, 4, 5, 3, 1, 1]
YTOT: [0, 0, 0, 0, 0, 0, 0, 0, 0, 0, 0, 0, 0, 0, 0, 0, 0, 0, 0, 0, 0, 0, 0, 0, 0, 0, 0, 0, 0, 0, 0, 0, 0, 0, 0, 0, 0, 0, 0, 0, 0, 0, 0, 0, 0, 0, 0, 1, 1, 2, 2, 3, 4, 7, 11, 17, 22, 27, 34, 45, 67, 89, 105, 119, 137, 167, 201, 231, 256, 281, 311, 344, 384, 443, 495, 538, 581, 621, 659, 703, 747, 788, 829, 856, 898, 942, 990, 1041, 1094, 1137, 1181, 1223, 1274, 1326, 1374, 1416, 1453, 1487, 1521, 1555, 1589, 1635, 1682, 1713, 1752, 1772, 1800, 1832, 1857, 1895, 1934, 1981, 2020, 2051, 2088, 2121, 2142, 2159, 2177, 2195, 2204, 2208, 2213, 2216, 2217, 2218]

INFO: Total Population: 1643700
INFO: R0: 2
INFO: Incubation Period: 5
INFO: Illness Period: 7
X:[0, 1, 2, 3, 4, 5, 6, 7, 8, 9, 10, 11, 12, 13, 14, 15, 16, 17, 18, 19, 20, 21, 22, 23, 24, 25, 26, 27, 28, 29, 30, 31, 32, 33, 34, 35, 36, 37, 38, 39, 40, 41, 42, 43, 44, 45, 46, 47, 48, 49, 50, 51, 52, 53, 54, 55, 56, 57, 58, 59, 60, 61, 62, 63, 64, 65, 66, 67, 68, 69, 70, 71, 72, 73, 74, 75, 76, 77, 78, 79, 80, 81, 82, 83, 84, 85, 86, 87, 88, 89, 90, 91, 92, 93, 94, 95, 96, 97, 98, 99, 100, 101, 102, 103, 104, 105, 106, 107, 108, 109, 110, 111, 112, 113, 114, 115, 116, 117, 118, 119, 120, 121, 122, 123, 124, 125]
YNEW:[0, 0, 0, 0, 0, 0, 0, 0, 0, 0, 0, 0, 0, 0, 0, 0, 0, 0, 0, 0, 0, 0, 0, 0, 0, 0, 0, 0, 0, 0, 0, 0, 0, 0, 0, 0, 0, 0, 0, 0, 0, 0, 0, 0, 0, 0, 0, 1, 0, 1, 0, 1, 1, 3, 4, 6, 5, 5, 7, 11, 22, 22, 16, 14, 18, 30, 34, 30, 25, 25, 30, 33, 40, 59, 52, 43, 43, 40, 38, 44, 44, 41, 41, 27, 42, 44, 48, 51, 53, 43, 44, 42, 51, 52, 48, 42, 37, 34, 34, 34, 34, 46, 47, 44, 38, 39, 26, 17, 26, 41, 33, 56, 43, 51, 35, 21, 24, 23, 12, 17, 12, 8, 4, 2, 1]
YTOT: [0, 0, 0, 0, 0, 0, 0, 0, 0, 0, 0, 0, 0, 0, 0, 0, 0, 0, 0, 0, 0, 0, 0, 0, 0, 0, 0, 0, 0, 0, 0, 0, 0, 0, 0, 0, 0, 0, 0, 0, 0, 0, 0, 0, 0, 0, 0, 1, 1, 2, 2, 3, 4, 7, 11, 17, 22, 27, 34, 45, 67, 89, 105, 119, 137, 167, 201, 231, 256, 281, 311, 344, 384, 443, 495, 538, 581, 621, 659, 703, 747, 788, 829, 856, 898, 942, 990, 1041, 1094, 1137, 1181, 1223, 1274, 1326, 1374, 1416, 1453, 1487, 1521, 1555, 1589, 1635, 1682, 1726, 1764, 1803, 1829, 1846, 1872, 1913, 1946, 2002, 2045, 2096, 2131, 2152, 2176, 2199, 2211, 2228, 2240, 2248, 2252, 2254, 2255]

INFO: Total Population: 1643700
INFO: R0: 2
INFO: Incubation Period: 5
INFO: Illness Period: 7
X:[0, 1, 2, 3, 4, 5, 6, 7, 8, 9, 10, 11, 12, 13, 14, 15, 16, 17, 18, 19, 20, 21, 22, 23, 24, 25, 26, 27, 28, 29, 30, 31, 32, 33, 34, 35, 36, 37, 38, 39, 40, 41, 42, 43, 44, 45, 46, 47, 48, 49, 50, 51, 52, 53, 54, 55, 56, 57, 58, 59, 60, 61, 62, 63, 64, 65, 66, 67, 68, 69, 70, 71, 72, 73, 74, 75, 76, 77, 78, 79, 80, 81, 82, 83, 84, 85, 86, 87, 88, 89, 90, 91, 92, 93, 94, 95, 96, 97, 98, 99, 100, 101, 102, 103, 104, 105, 106, 107, 108, 109, 110, 111, 112, 113, 114, 115, 116, 117, 118, 119, 120, 121, 122, 123, 124, 125]
YNEW:[0, 0, 0, 0, 0, 0, 0, 0, 0, 0, 0, 0, 0, 0, 0, 0, 0, 0, 0, 0, 0, 0, 0, 0, 0, 0, 0, 0, 0, 0, 0, 0, 0, 0, 0, 0, 0, 0, 0, 0, 0, 0, 0, 0, 0, 0, 0, 1, 0, 1, 0, 1, 1, 3, 4, 6, 5, 5, 7, 11, 22, 22, 16, 14, 18, 30, 34, 30, 25, 25, 30, 33, 40, 59, 52, 43, 43, 40, 38, 44, 44, 41, 41, 27, 42, 44, 48, 51, 53, 43, 44, 42, 51, 52, 48, 42, 37, 34, 34, 34, 34, 46, 47, 44, 43, 33, 24, 26, 27, 51, 46, 46, 42, 57, 29, 24, 27, 22, 18, 11, 12, 4, 4, 3, 1]
YTOT: [0, 0, 0, 0, 0, 0, 0, 0, 0, 0, 0, 0, 0, 0, 0, 0, 0, 0, 0, 0, 0, 0, 0, 0, 0, 0, 0, 0, 0, 0, 0, 0, 0, 0, 0, 0, 0, 0, 0, 0, 0, 0, 0, 0, 0, 0, 0, 1, 1, 2, 2, 3, 4, 7, 11, 17, 22, 27, 34, 45, 67, 89, 105, 119, 137, 167, 201, 231, 256, 281, 311, 344, 384, 443, 495, 538, 581, 621, 659, 703, 747, 788, 829, 856, 898, 942, 990, 1041, 1094, 1137, 1181, 1223, 1274, 1326, 1374, 1416, 1453, 1487, 1521, 1555, 1589, 1635, 1682, 1726, 1769, 1802, 1826, 1852, 1879, 1930, 1976, 2022, 2064, 2121, 2150, 2174, 2201, 2223, 2241, 2252, 2264, 2268, 2272, 2275, 2276]

INFO: Total Population: 1643700
INFO: R0: 2
INFO: Incubation Period: 5
INFO: Illness Period: 7
X:[0, 1, 2, 3, 4, 5, 6, 7, 8, 9, 10, 11, 12, 13, 14, 15, 16, 17, 18, 19, 20, 21, 22, 23, 24, 25, 26, 27, 28, 29, 30, 31, 32, 33, 34, 35, 36, 37, 38, 39, 40, 41, 42, 43, 44, 45, 46, 47, 48, 49, 50, 51, 52, 53, 54, 55, 56, 57, 58, 59, 60, 61, 62, 63, 64, 65, 66, 67, 68, 69, 70, 71, 72, 73, 74, 75, 76, 77, 78, 79, 80, 81, 82, 83, 84, 85, 86, 87, 88, 89, 90, 91, 92, 93, 94, 95, 96, 97, 98, 99, 100, 101, 102, 103, 104, 105, 106, 107, 108, 109, 110, 111, 112, 113, 114, 115, 116, 117, 118, 119, 120, 121, 122, 123, 124]
YNEW:[0, 0, 0, 0, 0, 0, 0, 0, 0, 0, 0, 0, 0, 0, 0, 0, 0, 0, 0, 0, 0, 0, 0, 0, 0, 0, 0, 0, 0, 0, 0, 0, 0, 0, 0, 0, 0, 0, 0, 0, 0, 0, 0, 0, 0, 0, 0, 1, 0, 1, 0, 1, 1, 3, 4, 6, 5, 5, 7, 11, 22, 22, 16, 14, 18, 30, 34, 30, 25, 25, 30, 33, 40, 59, 52, 43, 43, 40, 38, 44, 44, 41, 41, 27, 42, 44, 48, 51, 53, 43, 44, 42, 51, 52, 48, 42, 37, 34, 34, 34, 34, 46, 47, 31, 34, 38, 33, 23, 39, 25, 40, 36, 33, 56, 44, 24, 20, 26, 26, 19, 14, 13, 4, 3]
YTOT: [0, 0, 0, 0, 0, 0, 0, 0, 0, 0, 0, 0, 0, 0, 0, 0, 0, 0, 0, 0, 0, 0, 0, 0, 0, 0, 0, 0, 0, 0, 0, 0, 0, 0, 0, 0, 0, 0, 0, 0, 0, 0, 0, 0, 0, 0, 0, 1, 1, 2, 2, 3, 4, 7, 11, 17, 22, 27, 34, 45, 67, 89, 105, 119, 137, 167, 201, 231, 256, 281, 311, 344, 384, 443, 495, 538, 581, 621, 659, 703, 747, 788, 829, 856, 898, 942, 990, 1041, 1094, 1137, 1181, 1223, 1274, 1326, 1374, 1416, 1453, 1487, 1521, 1555, 1589, 1635, 1682, 1713, 1747, 1785, 1818, 1841, 1880, 1905, 1945, 1981, 2014, 2070, 2114, 2138, 2158, 2184, 2210, 2229, 2243, 2256, 2260, 2263]

INFO: Total Population: 1643700
INFO: R0: 2
INFO: Incubation Period: 5
INFO: Illness Period: 7
X:[0, 1, 2, 3, 4, 5, 6, 7, 8, 9, 10, 11, 12, 13, 14, 15, 16, 17, 18, 19, 20, 21, 22, 23, 24, 25, 26, 27, 28, 29, 30, 31, 32, 33, 34, 35, 36, 37, 38, 39, 40, 41, 42, 43, 44, 45, 46, 47, 48, 49, 50, 51, 52, 53, 54, 55, 56, 57, 58, 59, 60, 61, 62, 63, 64, 65, 66, 67, 68, 69, 70, 71, 72, 73, 74, 75, 76, 77, 78, 79, 80, 81, 82, 83, 84, 85, 86, 87, 88, 89, 90, 91, 92, 93, 94, 95, 96, 97, 98, 99, 100, 101, 102, 103, 104, 105, 106, 107, 108, 109, 110, 111, 112, 113, 114, 115, 116, 117, 118, 119, 120, 121, 122, 123, 124, 125]
YNEW:[0, 0, 0, 0, 0, 0, 0, 0, 0, 0, 0, 0, 0, 0, 0, 0, 0, 0, 0, 0, 0, 0, 0, 0, 0, 0, 0, 0, 0, 0, 0, 0, 0, 0, 0, 0, 0, 0, 0, 0, 0, 0, 0, 0, 0, 0, 0, 1, 0, 1, 0, 1, 1, 3, 4, 6, 5, 5, 7, 11, 22, 22, 16, 14, 18, 30, 34, 30, 25, 25, 30, 33, 40, 59, 52, 43, 43, 40, 38, 44, 44, 41, 41, 27, 42, 44, 48, 51, 53, 43, 44, 42, 51, 52, 48, 42, 37, 34, 34, 34, 34, 46, 47, 35, 40, 40, 30, 33, 36, 31, 39, 31, 51, 43, 44, 40, 29, 31, 21, 14, 18, 8, 4, 5, 2]
YTOT: [0, 0, 0, 0, 0, 0, 0, 0, 0, 0, 0, 0, 0, 0, 0, 0, 0, 0, 0, 0, 0, 0, 0, 0, 0, 0, 0, 0, 0, 0, 0, 0, 0, 0, 0, 0, 0, 0, 0, 0, 0, 0, 0, 0, 0, 0, 0, 1, 1, 2, 2, 3, 4, 7, 11, 17, 22, 27, 34, 45, 67, 89, 105, 119, 137, 167, 201, 231, 256, 281, 311, 344, 384, 443, 495, 538, 581, 621, 659, 703, 747, 788, 829, 856, 898, 942, 990, 1041, 1094, 1137, 1181, 1223, 1274, 1326, 1374, 1416, 1453, 1487, 1521, 1555, 1589, 1635, 1682, 1717, 1757, 1797, 1827, 1860, 1896, 1927, 1966, 1997, 2048, 2091, 2135, 2175, 2204, 2235, 2256, 2270, 2288, 2296, 2300, 2305, 2307]

INFO: Total Population: 1643700
INFO: R0: 2
INFO: Incubation Period: 5
INFO: Illness Period: 7
X:[0, 1, 2, 3, 4, 5, 6, 7, 8, 9, 10, 11, 12, 13, 14, 15, 16, 17, 18, 19, 20, 21, 22, 23, 24, 25, 26, 27, 28, 29, 30, 31, 32, 33, 34, 35, 36, 37, 38, 39, 40, 41, 42, 43, 44, 45, 46, 47, 48, 49, 50, 51, 52, 53, 54, 55, 56, 57, 58, 59, 60, 61, 62, 63, 64, 65, 66, 67, 68, 69, 70, 71, 72, 73, 74, 75, 76, 77, 78, 79, 80, 81, 82, 83, 84, 85, 86, 87, 88, 89, 90, 91, 92, 93, 94, 95, 96, 97, 98, 99, 100, 101, 102, 103, 104, 105, 106, 107, 108, 109, 110, 111, 112, 113, 114, 115, 116, 117, 118, 119, 120, 121, 122, 123, 124, 125]
YNEW:[0, 0, 0, 0, 0, 0, 0, 0, 0, 0, 0, 0, 0, 0, 0, 0, 0, 0, 0, 0, 0, 0, 0, 0, 0, 0, 0, 0, 0, 0, 0, 0, 0, 0, 0, 0, 0, 0, 0, 0, 0, 0, 0, 0, 0, 0, 0, 1, 0, 1, 0, 1, 1, 3, 4, 6, 5, 5, 7, 11, 22, 22, 16, 14, 18, 30, 34, 30, 25, 25, 30, 33, 40, 59, 52, 43, 43, 40, 38, 44, 44, 41, 41, 27, 42, 44, 48, 51, 53, 43, 44, 42, 51, 52, 48, 42, 37, 34, 34, 34, 34, 46, 47, 37, 34, 20, 29, 31, 29, 32, 43, 39, 36, 39, 30, 21, 24, 22, 17, 15, 11, 7, 2, 2, 1]
YTOT: [0, 0, 0, 0, 0, 0, 0, 0, 0, 0, 0, 0, 0, 0, 0, 0, 0, 0, 0, 0, 0, 0, 0, 0, 0, 0, 0, 0, 0, 0, 0, 0, 0, 0, 0, 0, 0, 0, 0, 0, 0, 0, 0, 0, 0, 0, 0, 1, 1, 2, 2, 3, 4, 7, 11, 17, 22, 27, 34, 45, 67, 89, 105, 119, 137, 167, 201, 231, 256, 281, 311, 344, 384, 443, 495, 538, 581, 621, 659, 703, 747, 788, 829, 856, 898, 942, 990, 1041, 1094, 1137, 1181, 1223, 1274, 1326, 1374, 1416, 1453, 1487, 1521, 1555, 1589, 1635, 1682, 1719, 1753, 1773, 1802, 1833, 1862, 1894, 1937, 1976, 2012, 2051, 2081, 2102, 2126, 2148, 2165, 2180, 2191, 2198, 2200, 2202, 2203]

INFO: Total Population: 1643700
INFO: R0: 2
INFO: Incubation Period: 5
INFO: Illness Period: 7
X:[0, 1, 2, 3, 4, 5, 6, 7, 8, 9, 10, 11, 12, 13, 14, 15, 16, 17, 18, 19, 20, 21, 22, 23, 24, 25, 26, 27, 28, 29, 30, 31, 32, 33, 34, 35, 36, 37, 38, 39, 40, 41, 42, 43, 44, 45, 46, 47, 48, 49, 50, 51, 52, 53, 54, 55, 56, 57, 58, 59, 60, 61, 62, 63, 64, 65, 66, 67, 68, 69, 70, 71, 72, 73, 74, 75, 76, 77, 78, 79, 80, 81, 82, 83, 84, 85, 86, 87, 88, 89, 90, 91, 92, 93, 94, 95, 96, 97, 98, 99, 100, 101, 102, 103, 104, 105, 106, 107, 108, 109, 110, 111, 112, 113, 114, 115, 116, 117, 118, 119, 120, 121, 122, 123, 124, 125]
YNEW:[0, 0, 0, 0, 0, 0, 0, 0, 0, 0, 0, 0, 0, 0, 0, 0, 0, 0, 0, 0, 0, 0, 0, 0, 0, 0, 0, 0, 0, 0, 0, 0, 0, 0, 0, 0, 0, 0, 0, 0, 0, 0, 0, 0, 0, 0, 0, 1, 0, 1, 0, 1, 1, 3, 4, 6, 5, 5, 7, 11, 22, 22, 16, 14, 18, 30, 34, 30, 25, 25, 30, 33, 40, 59, 52, 43, 43, 40, 38, 44, 44, 41, 41, 27, 42, 44, 48, 51, 53, 43, 44, 42, 51, 52, 48, 42, 37, 34, 34, 34, 34, 46, 47, 42, 34, 28, 35, 35, 14, 31, 44, 44, 56, 43, 35, 26, 19, 24, 15, 14, 15, 6, 6, 2, 2]
YTOT: [0, 0, 0, 0, 0, 0, 0, 0, 0, 0, 0, 0, 0, 0, 0, 0, 0, 0, 0, 0, 0, 0, 0, 0, 0, 0, 0, 0, 0, 0, 0, 0, 0, 0, 0, 0, 0, 0, 0, 0, 0, 0, 0, 0, 0, 0, 0, 1, 1, 2, 2, 3, 4, 7, 11, 17, 22, 27, 34, 45, 67, 89, 105, 119, 137, 167, 201, 231, 256, 281, 311, 344, 384, 443, 495, 538, 581, 621, 659, 703, 747, 788, 829, 856, 898, 942, 990, 1041, 1094, 1137, 1181, 1223, 1274, 1326, 1374, 1416, 1453, 1487, 1521, 1555, 1589, 1635, 1682, 1724, 1758, 1786, 1821, 1856, 1870, 1901, 1945, 1989, 2045, 2088, 2123, 2149, 2168, 2192, 2207, 2221, 2236, 2242, 2248, 2250, 2252]

INFO: Total Population: 1643700
INFO: R0: 2
INFO: Incubation Period: 5
INFO: Illness Period: 7
X:[0, 1, 2, 3, 4, 5, 6, 7, 8, 9, 10, 11, 12, 13, 14, 15, 16, 17, 18, 19, 20, 21, 22, 23, 24, 25, 26, 27, 28, 29, 30, 31, 32, 33, 34, 35, 36, 37, 38, 39, 40, 41, 42, 43, 44, 45, 46, 47, 48, 49, 50, 51, 52, 53, 54, 55, 56, 57, 58, 59, 60, 61, 62, 63, 64, 65, 66, 67, 68, 69, 70, 71, 72, 73, 74, 75, 76, 77, 78, 79, 80, 81, 82, 83, 84, 85, 86, 87, 88, 89, 90, 91, 92, 93, 94, 95, 96, 97, 98, 99, 100, 101, 102, 103, 104, 105, 106, 107, 108, 109, 110, 111, 112, 113, 114, 115, 116, 117, 118, 119, 120, 121, 122, 123, 124, 125]
YNEW:[0, 0, 0, 0, 0, 0, 0, 0, 0, 0, 0, 0, 0, 0, 0, 0, 0, 0, 0, 0, 0, 0, 0, 0, 0, 0, 0, 0, 0, 0, 0, 0, 0, 0, 0, 0, 0, 0, 0, 0, 0, 0, 0, 0, 0, 0, 0, 1, 0, 1, 0, 1, 1, 3, 4, 6, 5, 5, 7, 11, 22, 22, 16, 14, 18, 30, 34, 30, 25, 25, 30, 33, 40, 59, 52, 43, 43, 40, 38, 44, 44, 41, 41, 27, 42, 44, 48, 51, 53, 43, 44, 42, 51, 52, 48, 42, 37, 34, 34, 34, 34, 46, 47, 34, 37, 46, 32, 23, 29, 47, 41, 41, 43, 46, 35, 43, 19, 21, 25, 10, 10, 10, 6, 3, 2]
YTOT: [0, 0, 0, 0, 0, 0, 0, 0, 0, 0, 0, 0, 0, 0, 0, 0, 0, 0, 0, 0, 0, 0, 0, 0, 0, 0, 0, 0, 0, 0, 0, 0, 0, 0, 0, 0, 0, 0, 0, 0, 0, 0, 0, 0, 0, 0, 0, 1, 1, 2, 2, 3, 4, 7, 11, 17, 22, 27, 34, 45, 67, 89, 105, 119, 137, 167, 201, 231, 256, 281, 311, 344, 384, 443, 495, 538, 581, 621, 659, 703, 747, 788, 829, 856, 898, 942, 990, 1041, 1094, 1137, 1181, 1223, 1274, 1326, 1374, 1416, 1453, 1487, 1521, 1555, 1589, 1635, 1682, 1716, 1753, 1799, 1831, 1854, 1883, 1930, 1971, 2012, 2055, 2101, 2136, 2179, 2198, 2219, 2244, 2254, 2264, 2274, 2280, 2283, 2285]

INFO: Total Population: 1643700
INFO: R0: 2
INFO: Incubation Period: 5
INFO: Illness Period: 7
X:[0, 1, 2, 3, 4, 5, 6, 7, 8, 9, 10, 11, 12, 13, 14, 15, 16, 17, 18, 19, 20, 21, 22, 23, 24, 25, 26, 27, 28, 29, 30, 31, 32, 33, 34, 35, 36, 37, 38, 39, 40, 41, 42, 43, 44, 45, 46, 47, 48, 49, 50, 51, 52, 53, 54, 55, 56, 57, 58, 59, 60, 61, 62, 63, 64, 65, 66, 67, 68, 69, 70, 71, 72, 73, 74, 75, 76, 77, 78, 79, 80, 81, 82, 83, 84, 85, 86, 87, 88, 89, 90, 91, 92, 93, 94, 95, 96, 97, 98, 99, 100, 101, 102, 103, 104, 105, 106, 107, 108, 109, 110, 111, 112, 113, 114, 115, 116, 117, 118, 119, 120, 121, 122, 123, 124, 125]
YNEW:[0, 0, 0, 0, 0, 0, 0, 0, 0, 0, 0, 0, 0, 0, 0, 0, 0, 0, 0, 0, 0, 0, 0, 0, 0, 0, 0, 0, 0, 0, 0, 0, 0, 0, 0, 0, 0, 0, 0, 0, 0, 0, 0, 0, 0, 0, 0, 1, 0, 1, 0, 1, 1, 3, 4, 6, 5, 5, 7, 11, 22, 22, 16, 14, 18, 30, 34, 30, 25, 25, 30, 33, 40, 59, 52, 43, 43, 40, 38, 44, 44, 41, 41, 27, 42, 44, 48, 51, 53, 43, 44, 42, 51, 52, 48, 42, 37, 34, 34, 34, 34, 46, 47, 40, 39, 34, 25, 28, 25, 36, 46, 54, 50, 46, 38, 24, 27, 19, 13, 13, 9, 7, 2, 2, 1]
YTOT: [0, 0, 0, 0, 0, 0, 0, 0, 0, 0, 0, 0, 0, 0, 0, 0, 0, 0, 0, 0, 0, 0, 0, 0, 0, 0, 0, 0, 0, 0, 0, 0, 0, 0, 0, 0, 0, 0, 0, 0, 0, 0, 0, 0, 0, 0, 0, 1, 1, 2, 2, 3, 4, 7, 11, 17, 22, 27, 34, 45, 67, 89, 105, 119, 137, 167, 201, 231, 256, 281, 311, 344, 384, 443, 495, 538, 581, 621, 659, 703, 747, 788, 829, 856, 898, 942, 990, 1041, 1094, 1137, 1181, 1223, 1274, 1326, 1374, 1416, 1453, 1487, 1521, 1555, 1589, 1635, 1682, 1722, 1761, 1795, 1820, 1848, 1873, 1909, 1955, 2009, 2059, 2105, 2143, 2167, 2194, 2213, 2226, 2239, 2248, 2255, 2257, 2259, 2260]

INFO: Total Population: 1643700
INFO: R0: 2
INFO: Incubation Period: 5
INFO: Illness Period: 7
X:[0, 1, 2, 3, 4, 5, 6, 7, 8, 9, 10, 11, 12, 13, 14, 15, 16, 17, 18, 19, 20, 21, 22, 23, 24, 25, 26, 27, 28, 29, 30, 31, 32, 33, 34, 35, 36, 37, 38, 39, 40, 41, 42, 43, 44, 45, 46, 47, 48, 49, 50, 51, 52, 53, 54, 55, 56, 57, 58, 59, 60, 61, 62, 63, 64, 65, 66, 67, 68, 69, 70, 71, 72, 73, 74, 75, 76, 77, 78, 79, 80, 81, 82, 83, 84, 85, 86, 87, 88, 89, 90, 91, 92, 93, 94, 95, 96, 97, 98, 99, 100, 101, 102, 103, 104, 105, 106, 107, 108, 109, 110, 111, 112, 113, 114, 115, 116, 117, 118, 119, 120, 121, 122, 123, 124, 125]
YNEW:[0, 0, 0, 0, 0, 0, 0, 0, 0, 0, 0, 0, 0, 0, 0, 0, 0, 0, 0, 0, 0, 0, 0, 0, 0, 0, 0, 0, 0, 0, 0, 0, 0, 0, 0, 0, 0, 0, 0, 0, 0, 0, 0, 0, 0, 0, 0, 1, 0, 1, 0, 1, 1, 3, 4, 6, 5, 5, 7, 11, 22, 22, 16, 14, 18, 30, 34, 30, 25, 25, 30, 33, 40, 59, 52, 43, 43, 40, 38, 44, 44, 41, 41, 27, 42, 44, 48, 51, 53, 43, 44, 42, 51, 52, 48, 42, 37, 34, 34, 34, 34, 46, 47, 40, 34, 42, 25, 15, 21, 33, 44, 41, 33, 46, 43, 27, 24, 17, 11, 20, 12, 3, 3, 2, 2]
YTOT: [0, 0, 0, 0, 0, 0, 0, 0, 0, 0, 0, 0, 0, 0, 0, 0, 0, 0, 0, 0, 0, 0, 0, 0, 0, 0, 0, 0, 0, 0, 0, 0, 0, 0, 0, 0, 0, 0, 0, 0, 0, 0, 0, 0, 0, 0, 0, 1, 1, 2, 2, 3, 4, 7, 11, 17, 22, 27, 34, 45, 67, 89, 105, 119, 137, 167, 201, 231, 256, 281, 311, 344, 384, 443, 495, 538, 581, 621, 659, 703, 747, 788, 829, 856, 898, 942, 990, 1041, 1094, 1137, 1181, 1223, 1274, 1326, 1374, 1416, 1453, 1487, 1521, 1555, 1589, 1635, 1682, 1722, 1756, 1798, 1823, 1838, 1859, 1892, 1936, 1977, 2010, 2056, 2099, 2126, 2150, 2167, 2178, 2198, 2210, 2213, 2216, 2218, 2220]

INFO: Total Population: 1643700
INFO: R0: 2
INFO: Incubation Period: 5
INFO: Illness Period: 7
X:[0, 1, 2, 3, 4, 5, 6, 7, 8, 9, 10, 11, 12, 13, 14, 15, 16, 17, 18, 19, 20, 21, 22, 23, 24, 25, 26, 27, 28, 29, 30, 31, 32, 33, 34, 35, 36, 37, 38, 39, 40, 41, 42, 43, 44, 45, 46, 47, 48, 49, 50, 51, 52, 53, 54, 55, 56, 57, 58, 59, 60, 61, 62, 63, 64, 65, 66, 67, 68, 69, 70, 71, 72, 73, 74, 75, 76, 77, 78, 79, 80, 81, 82, 83, 84, 85, 86, 87, 88, 89, 90, 91, 92, 93, 94, 95, 96, 97, 98, 99, 100, 101, 102, 103, 104, 105, 106, 107, 108, 109, 110, 111, 112, 113, 114, 115, 116, 117, 118, 119, 120, 121, 122, 123, 124, 125]
YNEW:[0, 0, 0, 0, 0, 0, 0, 0, 0, 0, 0, 0, 0, 0, 0, 0, 0, 0, 0, 0, 0, 0, 0, 0, 0, 0, 0, 0, 0, 0, 0, 0, 0, 0, 0, 0, 0, 0, 0, 0, 0, 0, 0, 0, 0, 0, 0, 1, 0, 1, 0, 1, 1, 3, 4, 6, 5, 5, 7, 11, 22, 22, 16, 14, 18, 30, 34, 30, 25, 25, 30, 33, 40, 59, 52, 43, 43, 40, 38, 44, 44, 41, 41, 27, 42, 44, 48, 51, 53, 43, 44, 42, 51, 52, 48, 42, 37, 34, 34, 34, 34, 46, 47, 34, 40, 32, 27, 20, 19, 51, 44, 39, 43, 39, 34, 22, 20, 22, 16, 10, 11, 6, 6, 2, 4]
YTOT: [0, 0, 0, 0, 0, 0, 0, 0, 0, 0, 0, 0, 0, 0, 0, 0, 0, 0, 0, 0, 0, 0, 0, 0, 0, 0, 0, 0, 0, 0, 0, 0, 0, 0, 0, 0, 0, 0, 0, 0, 0, 0, 0, 0, 0, 0, 0, 1, 1, 2, 2, 3, 4, 7, 11, 17, 22, 27, 34, 45, 67, 89, 105, 119, 137, 167, 201, 231, 256, 281, 311, 344, 384, 443, 495, 538, 581, 621, 659, 703, 747, 788, 829, 856, 898, 942, 990, 1041, 1094, 1137, 1181, 1223, 1274, 1326, 1374, 1416, 1453, 1487, 1521, 1555, 1589, 1635, 1682, 1716, 1756, 1788, 1815, 1835, 1854, 1905, 1949, 1988, 2031, 2070, 2104, 2126, 2146, 2168, 2184, 2194, 2205, 2211, 2217, 2219, 2223]

INFO: Total Population: 1643700
INFO: R0: 2
INFO: Incubation Period: 5
INFO: Illness Period: 7
X:[0, 1, 2, 3, 4, 5, 6, 7, 8, 9, 10, 11, 12, 13, 14, 15, 16, 17, 18, 19, 20, 21, 22, 23, 24, 25, 26, 27, 28, 29, 30, 31, 32, 33, 34, 35, 36, 37, 38, 39, 40, 41, 42, 43, 44, 45, 46, 47, 48, 49, 50, 51, 52, 53, 54, 55, 56, 57, 58, 59, 60, 61, 62, 63, 64, 65, 66, 67, 68, 69, 70, 71, 72, 73, 74, 75, 76, 77, 78, 79, 80, 81, 82, 83, 84, 85, 86, 87, 88, 89, 90, 91, 92, 93, 94, 95, 96, 97, 98, 99, 100, 101, 102, 103, 104, 105, 106, 107, 108, 109, 110, 111, 112, 113, 114, 115, 116, 117, 118, 119, 120, 121, 122, 123, 124, 125]
YNEW:[0, 0, 0, 0, 0, 0, 0, 0, 0, 0, 0, 0, 0, 0, 0, 0, 0, 0, 0, 0, 0, 0, 0, 0, 0, 0, 0, 0, 0, 0, 0, 0, 0, 0, 0, 0, 0, 0, 0, 0, 0, 0, 0, 0, 0, 0, 0, 1, 0, 1, 0, 1, 1, 3, 4, 6, 5, 5, 7, 11, 22, 22, 16, 14, 18, 30, 34, 30, 25, 25, 30, 33, 40, 59, 52, 43, 43, 40, 38, 44, 44, 41, 41, 27, 42, 44, 48, 51, 53, 43, 44, 42, 51, 52, 48, 42, 37, 34, 34, 34, 34, 46, 47, 36, 37, 34, 35, 26, 36, 33, 36, 48, 38, 53, 36, 38, 23, 34, 15, 15, 9, 11, 5, 4, 2]
YTOT: [0, 0, 0, 0, 0, 0, 0, 0, 0, 0, 0, 0, 0, 0, 0, 0, 0, 0, 0, 0, 0, 0, 0, 0, 0, 0, 0, 0, 0, 0, 0, 0, 0, 0, 0, 0, 0, 0, 0, 0, 0, 0, 0, 0, 0, 0, 0, 1, 1, 2, 2, 3, 4, 7, 11, 17, 22, 27, 34, 45, 67, 89, 105, 119, 137, 167, 201, 231, 256, 281, 311, 344, 384, 443, 495, 538, 581, 621, 659, 703, 747, 788, 829, 856, 898, 942, 990, 1041, 1094, 1137, 1181, 1223, 1274, 1326, 1374, 1416, 1453, 1487, 1521, 1555, 1589, 1635, 1682, 1718, 1755, 1789, 1824, 1850, 1886, 1919, 1955, 2003, 2041, 2094, 2130, 2168, 2191, 2225, 2240, 2255, 2264, 2275, 2280, 2284, 2286]

INFO: Total Population: 1643700
INFO: R0: 2
INFO: Incubation Period: 5
INFO: Illness Period: 7
X:[0, 1, 2, 3, 4, 5, 6, 7, 8, 9, 10, 11, 12, 13, 14, 15, 16, 17, 18, 19, 20, 21, 22, 23, 24, 25, 26, 27, 28, 29, 30, 31, 32, 33, 34, 35, 36, 37, 38, 39, 40, 41, 42, 43, 44, 45, 46, 47, 48, 49, 50, 51, 52, 53, 54, 55, 56, 57, 58, 59, 60, 61, 62, 63, 64, 65, 66, 67, 68, 69, 70, 71, 72, 73, 74, 75, 76, 77, 78, 79, 80, 81, 82, 83, 84, 85, 86, 87, 88, 89, 90, 91, 92, 93, 94, 95, 96, 97, 98, 99, 100, 101, 102, 103, 104, 105, 106, 107, 108, 109, 110, 111, 112, 113, 114, 115, 116, 117, 118, 119, 120, 121, 122, 123, 124, 125, 126]
YNEW:[0, 0, 0, 0, 0, 0, 0, 0, 0, 0, 0, 0, 0, 0, 0, 0, 0, 0, 0, 0, 0, 0, 0, 0, 0, 0, 0, 0, 0, 0, 0, 0, 0, 0, 0, 0, 0, 0, 0, 0, 0, 0, 0, 0, 0, 0, 0, 1, 0, 1, 0, 1, 1, 3, 4, 6, 5, 5, 7, 11, 22, 22, 16, 14, 18, 30, 34, 30, 25, 25, 30, 33, 40, 59, 52, 43, 43, 40, 38, 44, 44, 41, 41, 27, 42, 44, 48, 51, 53, 43, 44, 42, 51, 52, 48, 42, 37, 34, 34, 34, 34, 46, 47, 36, 38, 41, 33, 23, 29, 42, 34, 33, 43, 52, 53, 27, 27, 25, 16, 13, 14, 8, 4, 3, 2, 1]
YTOT: [0, 0, 0, 0, 0, 0, 0, 0, 0, 0, 0, 0, 0, 0, 0, 0, 0, 0, 0, 0, 0, 0, 0, 0, 0, 0, 0, 0, 0, 0, 0, 0, 0, 0, 0, 0, 0, 0, 0, 0, 0, 0, 0, 0, 0, 0, 0, 1, 1, 2, 2, 3, 4, 7, 11, 17, 22, 27, 34, 45, 67, 89, 105, 119, 137, 167, 201, 231, 256, 281, 311, 344, 384, 443, 495, 538, 581, 621, 659, 703, 747, 788, 829, 856, 898, 942, 990, 1041, 1094, 1137, 1181, 1223, 1274, 1326, 1374, 1416, 1453, 1487, 1521, 1555, 1589, 1635, 1682, 1718, 1756, 1797, 1830, 1853, 1882, 1924, 1958, 1991, 2034, 2086, 2139, 2166, 2193, 2218, 2234, 2247, 2261, 2269, 2273, 2276, 2278, 2279]

INFO: Total Population: 1643700
INFO: R0: 2
INFO: Incubation Period: 5
INFO: Illness Period: 7
X:[0, 1, 2, 3, 4, 5, 6, 7, 8, 9, 10, 11, 12, 13, 14, 15, 16, 17, 18, 19, 20, 21, 22, 23, 24, 25, 26, 27, 28, 29, 30, 31, 32, 33, 34, 35, 36, 37, 38, 39, 40, 41, 42, 43, 44, 45, 46, 47, 48, 49, 50, 51, 52, 53, 54, 55, 56, 57, 58, 59, 60, 61, 62, 63, 64, 65, 66, 67, 68, 69, 70, 71, 72, 73, 74, 75, 76, 77, 78, 79, 80, 81, 82, 83, 84, 85, 86, 87, 88, 89, 90, 91, 92, 93, 94, 95, 96, 97, 98, 99, 100, 101, 102, 103, 104, 105, 106, 107, 108, 109, 110, 111, 112, 113, 114, 115, 116, 117, 118, 119, 120, 121, 122, 123, 124, 125]
YNEW:[0, 0, 0, 0, 0, 0, 0, 0, 0, 0, 0, 0, 0, 0, 0, 0, 0, 0, 0, 0, 0, 0, 0, 0, 0, 0, 0, 0, 0, 0, 0, 0, 0, 0, 0, 0, 0, 0, 0, 0, 0, 0, 0, 0, 0, 0, 0, 1, 0, 1, 0, 1, 1, 3, 4, 6, 5, 5, 7, 11, 22, 22, 16, 14, 18, 30, 34, 30, 25, 25, 30, 33, 40, 59, 52, 43, 43, 40, 38, 44, 44, 41, 41, 27, 42, 44, 48, 51, 53, 43, 44, 42, 51, 52, 48, 42, 37, 34, 34, 34, 34, 46, 47, 27, 45, 36, 33, 28, 20, 41, 43, 45, 44, 46, 39, 29, 19, 15, 15, 14, 14, 7, 1, 1, 1]
YTOT: [0, 0, 0, 0, 0, 0, 0, 0, 0, 0, 0, 0, 0, 0, 0, 0, 0, 0, 0, 0, 0, 0, 0, 0, 0, 0, 0, 0, 0, 0, 0, 0, 0, 0, 0, 0, 0, 0, 0, 0, 0, 0, 0, 0, 0, 0, 0, 1, 1, 2, 2, 3, 4, 7, 11, 17, 22, 27, 34, 45, 67, 89, 105, 119, 137, 167, 201, 231, 256, 281, 311, 344, 384, 443, 495, 538, 581, 621, 659, 703, 747, 788, 829, 856, 898, 942, 990, 1041, 1094, 1137, 1181, 1223, 1274, 1326, 1374, 1416, 1453, 1487, 1521, 1555, 1589, 1635, 1682, 1709, 1754, 1790, 1823, 1851, 1871, 1912, 1955, 2000, 2044, 2090, 2129, 2158, 2177, 2192, 2207, 2221, 2235, 2242, 2243, 2244, 2245]

INFO: Total Population: 1643700
INFO: R0: 2
INFO: Incubation Period: 5
INFO: Illness Period: 7
X:[0, 1, 2, 3, 4, 5, 6, 7, 8, 9, 10, 11, 12, 13, 14, 15, 16, 17, 18, 19, 20, 21, 22, 23, 24, 25, 26, 27, 28, 29, 30, 31, 32, 33, 34, 35, 36, 37, 38, 39, 40, 41, 42, 43, 44, 45, 46, 47, 48, 49, 50, 51, 52, 53, 54, 55, 56, 57, 58, 59, 60, 61, 62, 63, 64, 65, 66, 67, 68, 69, 70, 71, 72, 73, 74, 75, 76, 77, 78, 79, 80, 81, 82, 83, 84, 85, 86, 87, 88, 89, 90, 91, 92, 93, 94, 95, 96, 97, 98, 99, 100, 101, 102, 103, 104, 105, 106, 107, 108, 109, 110, 111, 112, 113, 114, 115, 116, 117, 118, 119, 120, 121, 122, 123, 124, 125]
YNEW:[0, 0, 0, 0, 0, 0, 0, 0, 0, 0, 0, 0, 0, 0, 0, 0, 0, 0, 0, 0, 0, 0, 0, 0, 0, 0, 0, 0, 0, 0, 0, 0, 0, 0, 0, 0, 0, 0, 0, 0, 0, 0, 0, 0, 0, 0, 0, 1, 0, 1, 0, 1, 1, 3, 4, 6, 5, 5, 7, 11, 22, 22, 16, 14, 18, 30, 34, 30, 25, 25, 30, 33, 40, 59, 52, 43, 43, 40, 38, 44, 44, 41, 41, 27, 42, 44, 48, 51, 53, 43, 44, 42, 51, 52, 48, 42, 37, 34, 34, 34, 34, 46, 47, 43, 33, 28, 32, 26, 23, 34, 45, 45, 41, 46, 29, 31, 21, 19, 14, 18, 12, 10, 3, 3, 1]
YTOT: [0, 0, 0, 0, 0, 0, 0, 0, 0, 0, 0, 0, 0, 0, 0, 0, 0, 0, 0, 0, 0, 0, 0, 0, 0, 0, 0, 0, 0, 0, 0, 0, 0, 0, 0, 0, 0, 0, 0, 0, 0, 0, 0, 0, 0, 0, 0, 1, 1, 2, 2, 3, 4, 7, 11, 17, 22, 27, 34, 45, 67, 89, 105, 119, 137, 167, 201, 231, 256, 281, 311, 344, 384, 443, 495, 538, 581, 621, 659, 703, 747, 788, 829, 856, 898, 942, 990, 1041, 1094, 1137, 1181, 1223, 1274, 1326, 1374, 1416, 1453, 1487, 1521, 1555, 1589, 1635, 1682, 1725, 1758, 1786, 1818, 1844, 1867, 1901, 1946, 1991, 2032, 2078, 2107, 2138, 2159, 2178, 2192, 2210, 2222, 2232, 2235, 2238, 2239]

INFO: Total Population: 1643700
INFO: R0: 2
INFO: Incubation Period: 5
INFO: Illness Period: 7
X:[0, 1, 2, 3, 4, 5, 6, 7, 8, 9, 10, 11, 12, 13, 14, 15, 16, 17, 18, 19, 20, 21, 22, 23, 24, 25, 26, 27, 28, 29, 30, 31, 32, 33, 34, 35, 36, 37, 38, 39, 40, 41, 42, 43, 44, 45, 46, 47, 48, 49, 50, 51, 52, 53, 54, 55, 56, 57, 58, 59, 60, 61, 62, 63, 64, 65, 66, 67, 68, 69, 70, 71, 72, 73, 74, 75, 76, 77, 78, 79, 80, 81, 82, 83, 84, 85, 86, 87, 88, 89, 90, 91, 92, 93, 94, 95, 96, 97, 98, 99, 100, 101, 102, 103, 104, 105, 106, 107, 108, 109, 110, 111, 112, 113, 114, 115, 116, 117, 118, 119, 120, 121, 122, 123, 124, 125]
YNEW:[0, 0, 0, 0, 0, 0, 0, 0, 0, 0, 0, 0, 0, 0, 0, 0, 0, 0, 0, 0, 0, 0, 0, 0, 0, 0, 0, 0, 0, 0, 0, 0, 0, 0, 0, 0, 0, 0, 0, 0, 0, 0, 0, 0, 0, 0, 0, 1, 0, 1, 0, 1, 1, 3, 4, 6, 5, 5, 7, 11, 22, 22, 16, 14, 18, 30, 34, 30, 25, 25, 30, 33, 40, 59, 52, 43, 43, 40, 38, 44, 44, 41, 41, 27, 42, 44, 48, 51, 53, 43, 44, 42, 51, 52, 48, 42, 37, 34, 34, 34, 34, 46, 47, 40, 38, 45, 30, 33, 18, 49, 37, 45, 65, 40, 28, 25, 21, 22, 14, 21, 15, 8, 9, 1, 2]
YTOT: [0, 0, 0, 0, 0, 0, 0, 0, 0, 0, 0, 0, 0, 0, 0, 0, 0, 0, 0, 0, 0, 0, 0, 0, 0, 0, 0, 0, 0, 0, 0, 0, 0, 0, 0, 0, 0, 0, 0, 0, 0, 0, 0, 0, 0, 0, 0, 1, 1, 2, 2, 3, 4, 7, 11, 17, 22, 27, 34, 45, 67, 89, 105, 119, 137, 167, 201, 231, 256, 281, 311, 344, 384, 443, 495, 538, 581, 621, 659, 703, 747, 788, 829, 856, 898, 942, 990, 1041, 1094, 1137, 1181, 1223, 1274, 1326, 1374, 1416, 1453, 1487, 1521, 1555, 1589, 1635, 1682, 1722, 1760, 1805, 1835, 1868, 1886, 1935, 1972, 2017, 2082, 2122, 2150, 2175, 2196, 2218, 2232, 2253, 2268, 2276, 2285, 2286, 2288]

INFO: Total Population: 1643700
INFO: R0: 2
INFO: Incubation Period: 5
INFO: Illness Period: 7
X:[0, 1, 2, 3, 4, 5, 6, 7, 8, 9, 10, 11, 12, 13, 14, 15, 16, 17, 18, 19, 20, 21, 22, 23, 24, 25, 26, 27, 28, 29, 30, 31, 32, 33, 34, 35, 36, 37, 38, 39, 40, 41, 42, 43, 44, 45, 46, 47, 48, 49, 50, 51, 52, 53, 54, 55, 56, 57, 58, 59, 60, 61, 62, 63, 64, 65, 66, 67, 68, 69, 70, 71, 72, 73, 74, 75, 76, 77, 78, 79, 80, 81, 82, 83, 84, 85, 86, 87, 88, 89, 90, 91, 92, 93, 94, 95, 96, 97, 98, 99, 100, 101, 102, 103, 104, 105, 106, 107, 108, 109, 110, 111, 112, 113, 114, 115, 116, 117, 118, 119, 120, 121, 122, 123, 124, 125]
YNEW:[0, 0, 0, 0, 0, 0, 0, 0, 0, 0, 0, 0, 0, 0, 0, 0, 0, 0, 0, 0, 0, 0, 0, 0, 0, 0, 0, 0, 0, 0, 0, 0, 0, 0, 0, 0, 0, 0, 0, 0, 0, 0, 0, 0, 0, 0, 0, 1, 0, 1, 0, 1, 1, 3, 4, 6, 5, 5, 7, 11, 22, 22, 16, 14, 18, 30, 34, 30, 25, 25, 30, 33, 40, 59, 52, 43, 43, 40, 38, 44, 44, 41, 41, 27, 42, 44, 48, 51, 53, 43, 44, 42, 51, 52, 48, 42, 37, 34, 34, 34, 34, 46, 47, 40, 38, 48, 35, 20, 31, 42, 40, 54, 43, 48, 39, 26, 23, 24, 22, 16, 9, 3, 3, 3, 1]
YTOT: [0, 0, 0, 0, 0, 0, 0, 0, 0, 0, 0, 0, 0, 0, 0, 0, 0, 0, 0, 0, 0, 0, 0, 0, 0, 0, 0, 0, 0, 0, 0, 0, 0, 0, 0, 0, 0, 0, 0, 0, 0, 0, 0, 0, 0, 0, 0, 1, 1, 2, 2, 3, 4, 7, 11, 17, 22, 27, 34, 45, 67, 89, 105, 119, 137, 167, 201, 231, 256, 281, 311, 344, 384, 443, 495, 538, 581, 621, 659, 703, 747, 788, 829, 856, 898, 942, 990, 1041, 1094, 1137, 1181, 1223, 1274, 1326, 1374, 1416, 1453, 1487, 1521, 1555, 1589, 1635, 1682, 1722, 1760, 1808, 1843, 1863, 1894, 1936, 1976, 2030, 2073, 2121, 2160, 2186, 2209, 2233, 2255, 2271, 2280, 2283, 2286, 2289, 2290]

INFO: Total Population: 1643700
INFO: R0: 2
INFO: Incubation Period: 5
INFO: Illness Period: 7
X:[0, 1, 2, 3, 4, 5, 6, 7, 8, 9, 10, 11, 12, 13, 14, 15, 16, 17, 18, 19, 20, 21, 22, 23, 24, 25, 26, 27, 28, 29, 30, 31, 32, 33, 34, 35, 36, 37, 38, 39, 40, 41, 42, 43, 44, 45, 46, 47, 48, 49, 50, 51, 52, 53, 54, 55, 56, 57, 58, 59, 60, 61, 62, 63, 64, 65, 66, 67, 68, 69, 70, 71, 72, 73, 74, 75, 76, 77, 78, 79, 80, 81, 82, 83, 84, 85, 86, 87, 88, 89, 90, 91, 92, 93, 94, 95, 96, 97, 98, 99, 100, 101, 102, 103, 104, 105, 106, 107, 108, 109, 110, 111, 112, 113, 114, 115, 116, 117, 118, 119, 120, 121, 122, 123, 124, 125]
YNEW:[0, 0, 0, 0, 0, 0, 0, 0, 0, 0, 0, 0, 0, 0, 0, 0, 0, 0, 0, 0, 0, 0, 0, 0, 0, 0, 0, 0, 0, 0, 0, 0, 0, 0, 0, 0, 0, 0, 0, 0, 0, 0, 0, 0, 0, 0, 0, 1, 0, 1, 0, 1, 1, 3, 4, 6, 5, 5, 7, 11, 22, 22, 16, 14, 18, 30, 34, 30, 25, 25, 30, 33, 40, 59, 52, 43, 43, 40, 38, 44, 44, 41, 41, 27, 42, 44, 48, 51, 53, 43, 44, 42, 51, 52, 48, 42, 37, 34, 34, 34, 34, 46, 47, 41, 57, 27, 26, 35, 18, 44, 48, 44, 46, 50, 46, 35, 25, 25, 18, 8, 7, 7, 2, 1, 1]
YTOT: [0, 0, 0, 0, 0, 0, 0, 0, 0, 0, 0, 0, 0, 0, 0, 0, 0, 0, 0, 0, 0, 0, 0, 0, 0, 0, 0, 0, 0, 0, 0, 0, 0, 0, 0, 0, 0, 0, 0, 0, 0, 0, 0, 0, 0, 0, 0, 1, 1, 2, 2, 3, 4, 7, 11, 17, 22, 27, 34, 45, 67, 89, 105, 119, 137, 167, 201, 231, 256, 281, 311, 344, 384, 443, 495, 538, 581, 621, 659, 703, 747, 788, 829, 856, 898, 942, 990, 1041, 1094, 1137, 1181, 1223, 1274, 1326, 1374, 1416, 1453, 1487, 1521, 1555, 1589, 1635, 1682, 1723, 1780, 1807, 1833, 1868, 1886, 1930, 1978, 2022, 2068, 2118, 2164, 2199, 2224, 2249, 2267, 2275, 2282, 2289, 2291, 2292, 2293]

INFO: Total Population: 1643700
INFO: R0: 2
INFO: Incubation Period: 5
INFO: Illness Period: 7
X:[0, 1, 2, 3, 4, 5, 6, 7, 8, 9, 10, 11, 12, 13, 14, 15, 16, 17, 18, 19, 20, 21, 22, 23, 24, 25, 26, 27, 28, 29, 30, 31, 32, 33, 34, 35, 36, 37, 38, 39, 40, 41, 42, 43, 44, 45, 46, 47, 48, 49, 50, 51, 52, 53, 54, 55, 56, 57, 58, 59, 60, 61, 62, 63, 64, 65, 66, 67, 68, 69, 70, 71, 72, 73, 74, 75, 76, 77, 78, 79, 80, 81, 82, 83, 84, 85, 86, 87, 88, 89, 90, 91, 92, 93, 94, 95, 96, 97, 98, 99, 100, 101, 102, 103, 104, 105, 106, 107, 108, 109, 110, 111, 112, 113, 114, 115, 116, 117, 118, 119, 120, 121, 122, 123, 124]
YNEW:[0, 0, 0, 0, 0, 0, 0, 0, 0, 0, 0, 0, 0, 0, 0, 0, 0, 0, 0, 0, 0, 0, 0, 0, 0, 0, 0, 0, 0, 0, 0, 0, 0, 0, 0, 0, 0, 0, 0, 0, 0, 0, 0, 0, 0, 0, 0, 1, 0, 1, 0, 1, 1, 3, 4, 6, 5, 5, 7, 11, 22, 22, 16, 14, 18, 30, 34, 30, 25, 25, 30, 33, 40, 59, 52, 43, 43, 40, 38, 44, 44, 41, 41, 27, 42, 44, 48, 51, 53, 43, 44, 42, 51, 52, 48, 42, 37, 34, 34, 34, 34, 46, 47, 37, 44, 35, 21, 25, 20, 48, 51, 44, 42, 50, 25, 34, 17, 20, 18, 10, 8, 10, 3, 1]
YTOT: [0, 0, 0, 0, 0, 0, 0, 0, 0, 0, 0, 0, 0, 0, 0, 0, 0, 0, 0, 0, 0, 0, 0, 0, 0, 0, 0, 0, 0, 0, 0, 0, 0, 0, 0, 0, 0, 0, 0, 0, 0, 0, 0, 0, 0, 0, 0, 1, 1, 2, 2, 3, 4, 7, 11, 17, 22, 27, 34, 45, 67, 89, 105, 119, 137, 167, 201, 231, 256, 281, 311, 344, 384, 443, 495, 538, 581, 621, 659, 703, 747, 788, 829, 856, 898, 942, 990, 1041, 1094, 1137, 1181, 1223, 1274, 1326, 1374, 1416, 1453, 1487, 1521, 1555, 1589, 1635, 1682, 1719, 1763, 1798, 1819, 1844, 1864, 1912, 1963, 2007, 2049, 2099, 2124, 2158, 2175, 2195, 2213, 2223, 2231, 2241, 2244, 2245]

END