

INFO: Total Population: 2383286
INFO: R0: 2
INFO: Incubation Period: 5
INFO: Illness Period: 12
X:[0, 1, 2, 3, 4, 5, 6, 7, 8, 9, 10, 11, 12, 13, 14, 15, 16, 17, 18, 19, 20, 21, 22, 23, 24, 25, 26, 27, 28, 29, 30, 31, 32, 33, 34, 35, 36, 37, 38, 39, 40, 41, 42, 43, 44, 45, 46, 47, 48, 49, 50, 51, 52, 53, 54, 55, 56, 57, 58, 59, 60, 61, 62, 63, 64, 65, 66, 67, 68, 69, 70, 71, 72, 73, 74, 75, 76, 77, 78, 79, 80, 81, 82, 83, 84, 85, 86, 87, 88, 89, 90, 91, 92, 93, 94, 95, 96, 97, 98, 99, 100, 101, 102, 103, 104, 105, 106]
YNEW:[0, 0, 0, 0, 0, 0, 0, 0, 0, 0, 0, 0, 0, 0, 0, 0, 0, 0, 0, 0, 0, 0, 0, 0, 0, 0, 0, 0, 0, 0, 0, 0, 0, 0, 0, 0, 0, 0, 0, 0, 0, 0, 0, 0, 0, 0, 0, 2, 2, 2, 1, 1, 0, 2, 2, 2, 1, 3, 4, 4, 8, 6, 8, 22, 16, 37, 31, 34, 42, 56, 58, 63, 92, 74, 93, 114, 103, 122, 120, 102, 92, 123, 126, 158, 86, 91, 103, 105, 80, 57, 112, 133, 131, 150, 146, 107, 85, 79, 71, 58, 43, 31, 21, 13, 8, 4]
YTOT: [0, 0, 0, 0, 0, 0, 0, 0, 0, 0, 0, 0, 0, 0, 0, 0, 0, 0, 0, 0, 0, 0, 0, 0, 0, 0, 0, 0, 0, 0, 0, 0, 0, 0, 0, 0, 0, 0, 0, 0, 0, 0, 0, 0, 0, 0, 0, 2, 4, 6, 7, 8, 8, 10, 12, 14, 15, 18, 22, 26, 34, 40, 48, 70, 86, 123, 154, 188, 230, 286, 344, 407, 499, 573, 666, 780, 883, 1005, 1125, 1227, 1319, 1442, 1568, 1726, 1812, 1903, 2006, 2111, 2191, 2248, 2360, 2493, 2624, 2774, 2920, 3027, 3112, 3191, 3262, 3320, 3363, 3394, 3415, 3428, 3436, 3440]

INFO: Total Population: 2383286
INFO: R0: 2
INFO: Incubation Period: 5
INFO: Illness Period: 12
X:[0, 1, 2, 3, 4, 5, 6, 7, 8, 9, 10, 11, 12, 13, 14, 15, 16, 17, 18, 19, 20, 21, 22, 23, 24, 25, 26, 27, 28, 29, 30, 31, 32, 33, 34, 35, 36, 37, 38, 39, 40, 41, 42, 43, 44, 45, 46, 47, 48, 49, 50, 51, 52, 53, 54, 55, 56, 57, 58, 59, 60, 61, 62, 63, 64, 65, 66, 67, 68, 69, 70, 71, 72, 73, 74, 75, 76, 77, 78, 79, 80, 81, 82, 83, 84, 85, 86, 87, 88, 89, 90, 91, 92, 93, 94, 95, 96, 97, 98, 99, 100, 101, 102, 103, 104, 105, 106, 107]
YNEW:[0, 0, 0, 0, 0, 0, 0, 0, 0, 0, 0, 0, 0, 0, 0, 0, 0, 0, 0, 0, 0, 0, 0, 0, 0, 0, 0, 0, 0, 0, 0, 0, 0, 0, 0, 0, 0, 0, 0, 0, 0, 0, 0, 0, 0, 0, 0, 2, 2, 2, 1, 1, 0, 2, 2, 2, 1, 3, 4, 4, 8, 6, 8, 22, 16, 37, 31, 34, 42, 56, 58, 63, 92, 74, 93, 114, 103, 122, 120, 102, 92, 123, 126, 158, 103, 99, 82, 85, 74, 98, 130, 132, 131, 130, 149, 124, 84, 77, 72, 59, 37, 32, 17, 13, 5, 11, 2]
YTOT: [0, 0, 0, 0, 0, 0, 0, 0, 0, 0, 0, 0, 0, 0, 0, 0, 0, 0, 0, 0, 0, 0, 0, 0, 0, 0, 0, 0, 0, 0, 0, 0, 0, 0, 0, 0, 0, 0, 0, 0, 0, 0, 0, 0, 0, 0, 0, 2, 4, 6, 7, 8, 8, 10, 12, 14, 15, 18, 22, 26, 34, 40, 48, 70, 86, 123, 154, 188, 230, 286, 344, 407, 499, 573, 666, 780, 883, 1005, 1125, 1227, 1319, 1442, 1568, 1726, 1829, 1928, 2010, 2095, 2169, 2267, 2397, 2529, 2660, 2790, 2939, 3063, 3147, 3224, 3296, 3355, 3392, 3424, 3441, 3454, 3459, 3470, 3472]

INFO: Total Population: 2383286
INFO: R0: 2
INFO: Incubation Period: 5
INFO: Illness Period: 12
X:[0, 1, 2, 3, 4, 5, 6, 7, 8, 9, 10, 11, 12, 13, 14, 15, 16, 17, 18, 19, 20, 21, 22, 23, 24, 25, 26, 27, 28, 29, 30, 31, 32, 33, 34, 35, 36, 37, 38, 39, 40, 41, 42, 43, 44, 45, 46, 47, 48, 49, 50, 51, 52, 53, 54, 55, 56, 57, 58, 59, 60, 61, 62, 63, 64, 65, 66, 67, 68, 69, 70, 71, 72, 73, 74, 75, 76, 77, 78, 79, 80, 81, 82, 83, 84, 85, 86, 87, 88, 89, 90, 91, 92, 93, 94, 95, 96, 97, 98, 99, 100, 101, 102, 103, 104, 105, 106, 107]
YNEW:[0, 0, 0, 0, 0, 0, 0, 0, 0, 0, 0, 0, 0, 0, 0, 0, 0, 0, 0, 0, 0, 0, 0, 0, 0, 0, 0, 0, 0, 0, 0, 0, 0, 0, 0, 0, 0, 0, 0, 0, 0, 0, 0, 0, 0, 0, 0, 2, 2, 2, 1, 1, 0, 2, 2, 2, 1, 3, 4, 4, 8, 6, 8, 22, 16, 37, 31, 34, 42, 56, 58, 63, 92, 74, 93, 114, 103, 122, 120, 102, 92, 123, 126, 158, 106, 115, 82, 101, 70, 98, 134, 132, 118, 148, 153, 103, 105, 77, 72, 70, 41, 30, 29, 13, 11, 4, 3]
YTOT: [0, 0, 0, 0, 0, 0, 0, 0, 0, 0, 0, 0, 0, 0, 0, 0, 0, 0, 0, 0, 0, 0, 0, 0, 0, 0, 0, 0, 0, 0, 0, 0, 0, 0, 0, 0, 0, 0, 0, 0, 0, 0, 0, 0, 0, 0, 0, 2, 4, 6, 7, 8, 8, 10, 12, 14, 15, 18, 22, 26, 34, 40, 48, 70, 86, 123, 154, 188, 230, 286, 344, 407, 499, 573, 666, 780, 883, 1005, 1125, 1227, 1319, 1442, 1568, 1726, 1832, 1947, 2029, 2130, 2200, 2298, 2432, 2564, 2682, 2830, 2983, 3086, 3191, 3268, 3340, 3410, 3451, 3481, 3510, 3523, 3534, 3538, 3541]

INFO: Total Population: 2383286
INFO: R0: 2
INFO: Incubation Period: 5
INFO: Illness Period: 12
X:[0, 1, 2, 3, 4, 5, 6, 7, 8, 9, 10, 11, 12, 13, 14, 15, 16, 17, 18, 19, 20, 21, 22, 23, 24, 25, 26, 27, 28, 29, 30, 31, 32, 33, 34, 35, 36, 37, 38, 39, 40, 41, 42, 43, 44, 45, 46, 47, 48, 49, 50, 51, 52, 53, 54, 55, 56, 57, 58, 59, 60, 61, 62, 63, 64, 65, 66, 67, 68, 69, 70, 71, 72, 73, 74, 75, 76, 77, 78, 79, 80, 81, 82, 83, 84, 85, 86, 87, 88, 89, 90, 91, 92, 93, 94, 95, 96, 97, 98, 99, 100, 101, 102, 103, 104, 105, 106, 107]
YNEW:[0, 0, 0, 0, 0, 0, 0, 0, 0, 0, 0, 0, 0, 0, 0, 0, 0, 0, 0, 0, 0, 0, 0, 0, 0, 0, 0, 0, 0, 0, 0, 0, 0, 0, 0, 0, 0, 0, 0, 0, 0, 0, 0, 0, 0, 0, 0, 2, 2, 2, 1, 1, 0, 2, 2, 2, 1, 3, 4, 4, 8, 6, 8, 22, 16, 37, 31, 34, 42, 56, 58, 63, 92, 74, 93, 114, 103, 122, 120, 102, 92, 123, 126, 158, 91, 97, 99, 88, 65, 68, 120, 123, 138, 126, 132, 114, 97, 65, 67, 41, 63, 30, 26, 22, 5, 4, 1]
YTOT: [0, 0, 0, 0, 0, 0, 0, 0, 0, 0, 0, 0, 0, 0, 0, 0, 0, 0, 0, 0, 0, 0, 0, 0, 0, 0, 0, 0, 0, 0, 0, 0, 0, 0, 0, 0, 0, 0, 0, 0, 0, 0, 0, 0, 0, 0, 0, 2, 4, 6, 7, 8, 8, 10, 12, 14, 15, 18, 22, 26, 34, 40, 48, 70, 86, 123, 154, 188, 230, 286, 344, 407, 499, 573, 666, 780, 883, 1005, 1125, 1227, 1319, 1442, 1568, 1726, 1817, 1914, 2013, 2101, 2166, 2234, 2354, 2477, 2615, 2741, 2873, 2987, 3084, 3149, 3216, 3257, 3320, 3350, 3376, 3398, 3403, 3407, 3408]

INFO: Total Population: 2383286
INFO: R0: 2
INFO: Incubation Period: 5
INFO: Illness Period: 12
X:[0, 1, 2, 3, 4, 5, 6, 7, 8, 9, 10, 11, 12, 13, 14, 15, 16, 17, 18, 19, 20, 21, 22, 23, 24, 25, 26, 27, 28, 29, 30, 31, 32, 33, 34, 35, 36, 37, 38, 39, 40, 41, 42, 43, 44, 45, 46, 47, 48, 49, 50, 51, 52, 53, 54, 55, 56, 57, 58, 59, 60, 61, 62, 63, 64, 65, 66, 67, 68, 69, 70, 71, 72, 73, 74, 75, 76, 77, 78, 79, 80, 81, 82, 83, 84, 85, 86, 87, 88, 89, 90, 91, 92, 93, 94, 95, 96, 97, 98, 99, 100, 101, 102, 103, 104, 105, 106]
YNEW:[0, 0, 0, 0, 0, 0, 0, 0, 0, 0, 0, 0, 0, 0, 0, 0, 0, 0, 0, 0, 0, 0, 0, 0, 0, 0, 0, 0, 0, 0, 0, 0, 0, 0, 0, 0, 0, 0, 0, 0, 0, 0, 0, 0, 0, 0, 0, 2, 2, 2, 1, 1, 0, 2, 2, 2, 1, 3, 4, 4, 8, 6, 8, 22, 16, 37, 31, 34, 42, 56, 58, 63, 92, 74, 93, 114, 103, 122, 120, 102, 92, 123, 126, 158, 124, 117, 100, 100, 77, 70, 126, 143, 146, 139, 154, 130, 116, 63, 69, 56, 50, 38, 27, 17, 8, 9]
YTOT: [0, 0, 0, 0, 0, 0, 0, 0, 0, 0, 0, 0, 0, 0, 0, 0, 0, 0, 0, 0, 0, 0, 0, 0, 0, 0, 0, 0, 0, 0, 0, 0, 0, 0, 0, 0, 0, 0, 0, 0, 0, 0, 0, 0, 0, 0, 0, 2, 4, 6, 7, 8, 8, 10, 12, 14, 15, 18, 22, 26, 34, 40, 48, 70, 86, 123, 154, 188, 230, 286, 344, 407, 499, 573, 666, 780, 883, 1005, 1125, 1227, 1319, 1442, 1568, 1726, 1850, 1967, 2067, 2167, 2244, 2314, 2440, 2583, 2729, 2868, 3022, 3152, 3268, 3331, 3400, 3456, 3506, 3544, 3571, 3588, 3596, 3605]

INFO: Total Population: 2383286
INFO: R0: 2
INFO: Incubation Period: 5
INFO: Illness Period: 12
X:[0, 1, 2, 3, 4, 5, 6, 7, 8, 9, 10, 11, 12, 13, 14, 15, 16, 17, 18, 19, 20, 21, 22, 23, 24, 25, 26, 27, 28, 29, 30, 31, 32, 33, 34, 35, 36, 37, 38, 39, 40, 41, 42, 43, 44, 45, 46, 47, 48, 49, 50, 51, 52, 53, 54, 55, 56, 57, 58, 59, 60, 61, 62, 63, 64, 65, 66, 67, 68, 69, 70, 71, 72, 73, 74, 75, 76, 77, 78, 79, 80, 81, 82, 83, 84, 85, 86, 87, 88, 89, 90, 91, 92, 93, 94, 95, 96, 97, 98, 99, 100, 101, 102, 103, 104, 105, 106, 107]
YNEW:[0, 0, 0, 0, 0, 0, 0, 0, 0, 0, 0, 0, 0, 0, 0, 0, 0, 0, 0, 0, 0, 0, 0, 0, 0, 0, 0, 0, 0, 0, 0, 0, 0, 0, 0, 0, 0, 0, 0, 0, 0, 0, 0, 0, 0, 0, 0, 2, 2, 2, 1, 1, 0, 2, 2, 2, 1, 3, 4, 4, 8, 6, 8, 22, 16, 37, 31, 34, 42, 56, 58, 63, 92, 74, 93, 114, 103, 122, 120, 102, 92, 123, 126, 158, 97, 127, 121, 80, 87, 49, 113, 144, 137, 141, 160, 93, 100, 78, 63, 60, 58, 32, 20, 17, 7, 1, 1]
YTOT: [0, 0, 0, 0, 0, 0, 0, 0, 0, 0, 0, 0, 0, 0, 0, 0, 0, 0, 0, 0, 0, 0, 0, 0, 0, 0, 0, 0, 0, 0, 0, 0, 0, 0, 0, 0, 0, 0, 0, 0, 0, 0, 0, 0, 0, 0, 0, 2, 4, 6, 7, 8, 8, 10, 12, 14, 15, 18, 22, 26, 34, 40, 48, 70, 86, 123, 154, 188, 230, 286, 344, 407, 499, 573, 666, 780, 883, 1005, 1125, 1227, 1319, 1442, 1568, 1726, 1823, 1950, 2071, 2151, 2238, 2287, 2400, 2544, 2681, 2822, 2982, 3075, 3175, 3253, 3316, 3376, 3434, 3466, 3486, 3503, 3510, 3511, 3512]

INFO: Total Population: 2383286
INFO: R0: 2
INFO: Incubation Period: 5
INFO: Illness Period: 12
X:[0, 1, 2, 3, 4, 5, 6, 7, 8, 9, 10, 11, 12, 13, 14, 15, 16, 17, 18, 19, 20, 21, 22, 23, 24, 25, 26, 27, 28, 29, 30, 31, 32, 33, 34, 35, 36, 37, 38, 39, 40, 41, 42, 43, 44, 45, 46, 47, 48, 49, 50, 51, 52, 53, 54, 55, 56, 57, 58, 59, 60, 61, 62, 63, 64, 65, 66, 67, 68, 69, 70, 71, 72, 73, 74, 75, 76, 77, 78, 79, 80, 81, 82, 83, 84, 85, 86, 87, 88, 89, 90, 91, 92, 93, 94, 95, 96, 97, 98, 99, 100, 101, 102, 103, 104, 105, 106]
YNEW:[0, 0, 0, 0, 0, 0, 0, 0, 0, 0, 0, 0, 0, 0, 0, 0, 0, 0, 0, 0, 0, 0, 0, 0, 0, 0, 0, 0, 0, 0, 0, 0, 0, 0, 0, 0, 0, 0, 0, 0, 0, 0, 0, 0, 0, 0, 0, 2, 2, 2, 1, 1, 0, 2, 2, 2, 1, 3, 4, 4, 8, 6, 8, 22, 16, 37, 31, 34, 42, 56, 58, 63, 92, 74, 93, 114, 103, 122, 120, 102, 92, 123, 126, 158, 103, 90, 91, 79, 92, 94, 124, 131, 135, 118, 159, 128, 93, 81, 62, 62, 49, 26, 26, 15, 11, 3]
YTOT: [0, 0, 0, 0, 0, 0, 0, 0, 0, 0, 0, 0, 0, 0, 0, 0, 0, 0, 0, 0, 0, 0, 0, 0, 0, 0, 0, 0, 0, 0, 0, 0, 0, 0, 0, 0, 0, 0, 0, 0, 0, 0, 0, 0, 0, 0, 0, 2, 4, 6, 7, 8, 8, 10, 12, 14, 15, 18, 22, 26, 34, 40, 48, 70, 86, 123, 154, 188, 230, 286, 344, 407, 499, 573, 666, 780, 883, 1005, 1125, 1227, 1319, 1442, 1568, 1726, 1829, 1919, 2010, 2089, 2181, 2275, 2399, 2530, 2665, 2783, 2942, 3070, 3163, 3244, 3306, 3368, 3417, 3443, 3469, 3484, 3495, 3498]

INFO: Total Population: 2383286
INFO: R0: 2
INFO: Incubation Period: 5
INFO: Illness Period: 12
X:[0, 1, 2, 3, 4, 5, 6, 7, 8, 9, 10, 11, 12, 13, 14, 15, 16, 17, 18, 19, 20, 21, 22, 23, 24, 25, 26, 27, 28, 29, 30, 31, 32, 33, 34, 35, 36, 37, 38, 39, 40, 41, 42, 43, 44, 45, 46, 47, 48, 49, 50, 51, 52, 53, 54, 55, 56, 57, 58, 59, 60, 61, 62, 63, 64, 65, 66, 67, 68, 69, 70, 71, 72, 73, 74, 75, 76, 77, 78, 79, 80, 81, 82, 83, 84, 85, 86, 87, 88, 89, 90, 91, 92, 93, 94, 95, 96, 97, 98, 99, 100, 101, 102, 103, 104, 105, 106, 107]
YNEW:[0, 0, 0, 0, 0, 0, 0, 0, 0, 0, 0, 0, 0, 0, 0, 0, 0, 0, 0, 0, 0, 0, 0, 0, 0, 0, 0, 0, 0, 0, 0, 0, 0, 0, 0, 0, 0, 0, 0, 0, 0, 0, 0, 0, 0, 0, 0, 2, 2, 2, 1, 1, 0, 2, 2, 2, 1, 3, 4, 4, 8, 6, 8, 22, 16, 37, 31, 34, 42, 56, 58, 63, 92, 74, 93, 114, 103, 122, 120, 102, 92, 123, 126, 158, 92, 96, 92, 95, 81, 95, 109, 126, 126, 129, 171, 107, 84, 84, 71, 54, 55, 39, 27, 23, 6, 3, 1]
YTOT: [0, 0, 0, 0, 0, 0, 0, 0, 0, 0, 0, 0, 0, 0, 0, 0, 0, 0, 0, 0, 0, 0, 0, 0, 0, 0, 0, 0, 0, 0, 0, 0, 0, 0, 0, 0, 0, 0, 0, 0, 0, 0, 0, 0, 0, 0, 0, 2, 4, 6, 7, 8, 8, 10, 12, 14, 15, 18, 22, 26, 34, 40, 48, 70, 86, 123, 154, 188, 230, 286, 344, 407, 499, 573, 666, 780, 883, 1005, 1125, 1227, 1319, 1442, 1568, 1726, 1818, 1914, 2006, 2101, 2182, 2277, 2386, 2512, 2638, 2767, 2938, 3045, 3129, 3213, 3284, 3338, 3393, 3432, 3459, 3482, 3488, 3491, 3492]

INFO: Total Population: 2383286
INFO: R0: 2
INFO: Incubation Period: 5
INFO: Illness Period: 12
X:[0, 1, 2, 3, 4, 5, 6, 7, 8, 9, 10, 11, 12, 13, 14, 15, 16, 17, 18, 19, 20, 21, 22, 23, 24, 25, 26, 27, 28, 29, 30, 31, 32, 33, 34, 35, 36, 37, 38, 39, 40, 41, 42, 43, 44, 45, 46, 47, 48, 49, 50, 51, 52, 53, 54, 55, 56, 57, 58, 59, 60, 61, 62, 63, 64, 65, 66, 67, 68, 69, 70, 71, 72, 73, 74, 75, 76, 77, 78, 79, 80, 81, 82, 83, 84, 85, 86, 87, 88, 89, 90, 91, 92, 93, 94, 95, 96, 97, 98, 99, 100, 101, 102, 103, 104, 105, 106, 107]
YNEW:[0, 0, 0, 0, 0, 0, 0, 0, 0, 0, 0, 0, 0, 0, 0, 0, 0, 0, 0, 0, 0, 0, 0, 0, 0, 0, 0, 0, 0, 0, 0, 0, 0, 0, 0, 0, 0, 0, 0, 0, 0, 0, 0, 0, 0, 0, 0, 2, 2, 2, 1, 1, 0, 2, 2, 2, 1, 3, 4, 4, 8, 6, 8, 22, 16, 37, 31, 34, 42, 56, 58, 63, 92, 74, 93, 114, 103, 122, 120, 102, 92, 123, 126, 158, 100, 110, 94, 93, 87, 101, 116, 134, 122, 147, 174, 119, 86, 79, 79, 71, 48, 37, 28, 11, 10, 3, 2]
YTOT: [0, 0, 0, 0, 0, 0, 0, 0, 0, 0, 0, 0, 0, 0, 0, 0, 0, 0, 0, 0, 0, 0, 0, 0, 0, 0, 0, 0, 0, 0, 0, 0, 0, 0, 0, 0, 0, 0, 0, 0, 0, 0, 0, 0, 0, 0, 0, 2, 4, 6, 7, 8, 8, 10, 12, 14, 15, 18, 22, 26, 34, 40, 48, 70, 86, 123, 154, 188, 230, 286, 344, 407, 499, 573, 666, 780, 883, 1005, 1125, 1227, 1319, 1442, 1568, 1726, 1826, 1936, 2030, 2123, 2210, 2311, 2427, 2561, 2683, 2830, 3004, 3123, 3209, 3288, 3367, 3438, 3486, 3523, 3551, 3562, 3572, 3575, 3577]

INFO: Total Population: 2383286
INFO: R0: 2
INFO: Incubation Period: 5
INFO: Illness Period: 12
X:[0, 1, 2, 3, 4, 5, 6, 7, 8, 9, 10, 11, 12, 13, 14, 15, 16, 17, 18, 19, 20, 21, 22, 23, 24, 25, 26, 27, 28, 29, 30, 31, 32, 33, 34, 35, 36, 37, 38, 39, 40, 41, 42, 43, 44, 45, 46, 47, 48, 49, 50, 51, 52, 53, 54, 55, 56, 57, 58, 59, 60, 61, 62, 63, 64, 65, 66, 67, 68, 69, 70, 71, 72, 73, 74, 75, 76, 77, 78, 79, 80, 81, 82, 83, 84, 85, 86, 87, 88, 89, 90, 91, 92, 93, 94, 95, 96, 97, 98, 99, 100, 101, 102, 103, 104, 105, 106, 107]
YNEW:[0, 0, 0, 0, 0, 0, 0, 0, 0, 0, 0, 0, 0, 0, 0, 0, 0, 0, 0, 0, 0, 0, 0, 0, 0, 0, 0, 0, 0, 0, 0, 0, 0, 0, 0, 0, 0, 0, 0, 0, 0, 0, 0, 0, 0, 0, 0, 2, 2, 2, 1, 1, 0, 2, 2, 2, 1, 3, 4, 4, 8, 6, 8, 22, 16, 37, 31, 34, 42, 56, 58, 63, 92, 74, 93, 114, 103, 122, 120, 102, 92, 123, 126, 158, 119, 95, 90, 92, 71, 105, 124, 129, 148, 158, 141, 128, 95, 97, 58, 57, 52, 35, 31, 15, 9, 3, 3]
YTOT: [0, 0, 0, 0, 0, 0, 0, 0, 0, 0, 0, 0, 0, 0, 0, 0, 0, 0, 0, 0, 0, 0, 0, 0, 0, 0, 0, 0, 0, 0, 0, 0, 0, 0, 0, 0, 0, 0, 0, 0, 0, 0, 0, 0, 0, 0, 0, 2, 4, 6, 7, 8, 8, 10, 12, 14, 15, 18, 22, 26, 34, 40, 48, 70, 86, 123, 154, 188, 230, 286, 344, 407, 499, 573, 666, 780, 883, 1005, 1125, 1227, 1319, 1442, 1568, 1726, 1845, 1940, 2030, 2122, 2193, 2298, 2422, 2551, 2699, 2857, 2998, 3126, 3221, 3318, 3376, 3433, 3485, 3520, 3551, 3566, 3575, 3578, 3581]

INFO: Total Population: 2383286
INFO: R0: 2
INFO: Incubation Period: 5
INFO: Illness Period: 12
X:[0, 1, 2, 3, 4, 5, 6, 7, 8, 9, 10, 11, 12, 13, 14, 15, 16, 17, 18, 19, 20, 21, 22, 23, 24, 25, 26, 27, 28, 29, 30, 31, 32, 33, 34, 35, 36, 37, 38, 39, 40, 41, 42, 43, 44, 45, 46, 47, 48, 49, 50, 51, 52, 53, 54, 55, 56, 57, 58, 59, 60, 61, 62, 63, 64, 65, 66, 67, 68, 69, 70, 71, 72, 73, 74, 75, 76, 77, 78, 79, 80, 81, 82, 83, 84, 85, 86, 87, 88, 89, 90, 91, 92, 93, 94, 95, 96, 97, 98, 99, 100, 101, 102, 103, 104, 105, 106, 107]
YNEW:[0, 0, 0, 0, 0, 0, 0, 0, 0, 0, 0, 0, 0, 0, 0, 0, 0, 0, 0, 0, 0, 0, 0, 0, 0, 0, 0, 0, 0, 0, 0, 0, 0, 0, 0, 0, 0, 0, 0, 0, 0, 0, 0, 0, 0, 0, 0, 2, 2, 2, 1, 1, 0, 2, 2, 2, 1, 3, 4, 4, 8, 6, 8, 22, 16, 37, 31, 34, 42, 56, 58, 63, 92, 74, 93, 114, 103, 122, 120, 102, 92, 123, 126, 158, 94, 102, 92, 83, 100, 107, 122, 105, 137, 141, 152, 132, 93, 96, 63, 67, 41, 33, 31, 16, 12, 6, 1]
YTOT: [0, 0, 0, 0, 0, 0, 0, 0, 0, 0, 0, 0, 0, 0, 0, 0, 0, 0, 0, 0, 0, 0, 0, 0, 0, 0, 0, 0, 0, 0, 0, 0, 0, 0, 0, 0, 0, 0, 0, 0, 0, 0, 0, 0, 0, 0, 0, 2, 4, 6, 7, 8, 8, 10, 12, 14, 15, 18, 22, 26, 34, 40, 48, 70, 86, 123, 154, 188, 230, 286, 344, 407, 499, 573, 666, 780, 883, 1005, 1125, 1227, 1319, 1442, 1568, 1726, 1820, 1922, 2014, 2097, 2197, 2304, 2426, 2531, 2668, 2809, 2961, 3093, 3186, 3282, 3345, 3412, 3453, 3486, 3517, 3533, 3545, 3551, 3552]

INFO: Total Population: 2383286
INFO: R0: 2
INFO: Incubation Period: 5
INFO: Illness Period: 12
X:[0, 1, 2, 3, 4, 5, 6, 7, 8, 9, 10, 11, 12, 13, 14, 15, 16, 17, 18, 19, 20, 21, 22, 23, 24, 25, 26, 27, 28, 29, 30, 31, 32, 33, 34, 35, 36, 37, 38, 39, 40, 41, 42, 43, 44, 45, 46, 47, 48, 49, 50, 51, 52, 53, 54, 55, 56, 57, 58, 59, 60, 61, 62, 63, 64, 65, 66, 67, 68, 69, 70, 71, 72, 73, 74, 75, 76, 77, 78, 79, 80, 81, 82, 83, 84, 85, 86, 87, 88, 89, 90, 91, 92, 93, 94, 95, 96, 97, 98, 99, 100, 101, 102, 103, 104, 105, 106, 107]
YNEW:[0, 0, 0, 0, 0, 0, 0, 0, 0, 0, 0, 0, 0, 0, 0, 0, 0, 0, 0, 0, 0, 0, 0, 0, 0, 0, 0, 0, 0, 0, 0, 0, 0, 0, 0, 0, 0, 0, 0, 0, 0, 0, 0, 0, 0, 0, 0, 2, 2, 2, 1, 1, 0, 2, 2, 2, 1, 3, 4, 4, 8, 6, 8, 22, 16, 37, 31, 34, 42, 56, 58, 63, 92, 74, 93, 114, 103, 122, 120, 102, 92, 123, 126, 158, 114, 101, 92, 96, 77, 120, 109, 128, 148, 136, 142, 136, 100, 86, 77, 67, 59, 44, 24, 18, 8, 2, 1]
YTOT: [0, 0, 0, 0, 0, 0, 0, 0, 0, 0, 0, 0, 0, 0, 0, 0, 0, 0, 0, 0, 0, 0, 0, 0, 0, 0, 0, 0, 0, 0, 0, 0, 0, 0, 0, 0, 0, 0, 0, 0, 0, 0, 0, 0, 0, 0, 0, 2, 4, 6, 7, 8, 8, 10, 12, 14, 15, 18, 22, 26, 34, 40, 48, 70, 86, 123, 154, 188, 230, 286, 344, 407, 499, 573, 666, 780, 883, 1005, 1125, 1227, 1319, 1442, 1568, 1726, 1840, 1941, 2033, 2129, 2206, 2326, 2435, 2563, 2711, 2847, 2989, 3125, 3225, 3311, 3388, 3455, 3514, 3558, 3582, 3600, 3608, 3610, 3611]

INFO: Total Population: 2383286
INFO: R0: 2
INFO: Incubation Period: 5
INFO: Illness Period: 12
X:[0, 1, 2, 3, 4, 5, 6, 7, 8, 9, 10, 11, 12, 13, 14, 15, 16, 17, 18, 19, 20, 21, 22, 23, 24, 25, 26, 27, 28, 29, 30, 31, 32, 33, 34, 35, 36, 37, 38, 39, 40, 41, 42, 43, 44, 45, 46, 47, 48, 49, 50, 51, 52, 53, 54, 55, 56, 57, 58, 59, 60, 61, 62, 63, 64, 65, 66, 67, 68, 69, 70, 71, 72, 73, 74, 75, 76, 77, 78, 79, 80, 81, 82, 83, 84, 85, 86, 87, 88, 89, 90, 91, 92, 93, 94, 95, 96, 97, 98, 99, 100, 101, 102, 103, 104, 105, 106, 107]
YNEW:[0, 0, 0, 0, 0, 0, 0, 0, 0, 0, 0, 0, 0, 0, 0, 0, 0, 0, 0, 0, 0, 0, 0, 0, 0, 0, 0, 0, 0, 0, 0, 0, 0, 0, 0, 0, 0, 0, 0, 0, 0, 0, 0, 0, 0, 0, 0, 2, 2, 2, 1, 1, 0, 2, 2, 2, 1, 3, 4, 4, 8, 6, 8, 22, 16, 37, 31, 34, 42, 56, 58, 63, 92, 74, 93, 114, 103, 122, 120, 102, 92, 123, 126, 158, 93, 77, 98, 93, 83, 108, 94, 120, 145, 149, 142, 109, 90, 83, 67, 65, 58, 46, 30, 16, 7, 6, 2]
YTOT: [0, 0, 0, 0, 0, 0, 0, 0, 0, 0, 0, 0, 0, 0, 0, 0, 0, 0, 0, 0, 0, 0, 0, 0, 0, 0, 0, 0, 0, 0, 0, 0, 0, 0, 0, 0, 0, 0, 0, 0, 0, 0, 0, 0, 0, 0, 0, 2, 4, 6, 7, 8, 8, 10, 12, 14, 15, 18, 22, 26, 34, 40, 48, 70, 86, 123, 154, 188, 230, 286, 344, 407, 499, 573, 666, 780, 883, 1005, 1125, 1227, 1319, 1442, 1568, 1726, 1819, 1896, 1994, 2087, 2170, 2278, 2372, 2492, 2637, 2786, 2928, 3037, 3127, 3210, 3277, 3342, 3400, 3446, 3476, 3492, 3499, 3505, 3507]

INFO: Total Population: 2383286
INFO: R0: 2
INFO: Incubation Period: 5
INFO: Illness Period: 12
X:[0, 1, 2, 3, 4, 5, 6, 7, 8, 9, 10, 11, 12, 13, 14, 15, 16, 17, 18, 19, 20, 21, 22, 23, 24, 25, 26, 27, 28, 29, 30, 31, 32, 33, 34, 35, 36, 37, 38, 39, 40, 41, 42, 43, 44, 45, 46, 47, 48, 49, 50, 51, 52, 53, 54, 55, 56, 57, 58, 59, 60, 61, 62, 63, 64, 65, 66, 67, 68, 69, 70, 71, 72, 73, 74, 75, 76, 77, 78, 79, 80, 81, 82, 83, 84, 85, 86, 87, 88, 89, 90, 91, 92, 93, 94, 95, 96, 97, 98, 99, 100, 101, 102, 103, 104, 105, 106, 107]
YNEW:[0, 0, 0, 0, 0, 0, 0, 0, 0, 0, 0, 0, 0, 0, 0, 0, 0, 0, 0, 0, 0, 0, 0, 0, 0, 0, 0, 0, 0, 0, 0, 0, 0, 0, 0, 0, 0, 0, 0, 0, 0, 0, 0, 0, 0, 0, 0, 2, 2, 2, 1, 1, 0, 2, 2, 2, 1, 3, 4, 4, 8, 6, 8, 22, 16, 37, 31, 34, 42, 56, 58, 63, 92, 74, 93, 114, 103, 122, 120, 102, 92, 123, 126, 158, 119, 100, 108, 76, 82, 72, 118, 160, 141, 158, 142, 110, 87, 80, 82, 46, 38, 31, 30, 12, 8, 3, 1]
YTOT: [0, 0, 0, 0, 0, 0, 0, 0, 0, 0, 0, 0, 0, 0, 0, 0, 0, 0, 0, 0, 0, 0, 0, 0, 0, 0, 0, 0, 0, 0, 0, 0, 0, 0, 0, 0, 0, 0, 0, 0, 0, 0, 0, 0, 0, 0, 0, 2, 4, 6, 7, 8, 8, 10, 12, 14, 15, 18, 22, 26, 34, 40, 48, 70, 86, 123, 154, 188, 230, 286, 344, 407, 499, 573, 666, 780, 883, 1005, 1125, 1227, 1319, 1442, 1568, 1726, 1845, 1945, 2053, 2129, 2211, 2283, 2401, 2561, 2702, 2860, 3002, 3112, 3199, 3279, 3361, 3407, 3445, 3476, 3506, 3518, 3526, 3529, 3530]

INFO: Total Population: 2383286
INFO: R0: 2
INFO: Incubation Period: 5
INFO: Illness Period: 12
X:[0, 1, 2, 3, 4, 5, 6, 7, 8, 9, 10, 11, 12, 13, 14, 15, 16, 17, 18, 19, 20, 21, 22, 23, 24, 25, 26, 27, 28, 29, 30, 31, 32, 33, 34, 35, 36, 37, 38, 39, 40, 41, 42, 43, 44, 45, 46, 47, 48, 49, 50, 51, 52, 53, 54, 55, 56, 57, 58, 59, 60, 61, 62, 63, 64, 65, 66, 67, 68, 69, 70, 71, 72, 73, 74, 75, 76, 77, 78, 79, 80, 81, 82, 83, 84, 85, 86, 87, 88, 89, 90, 91, 92, 93, 94, 95, 96, 97, 98, 99, 100, 101, 102, 103, 104, 105, 106, 107]
YNEW:[0, 0, 0, 0, 0, 0, 0, 0, 0, 0, 0, 0, 0, 0, 0, 0, 0, 0, 0, 0, 0, 0, 0, 0, 0, 0, 0, 0, 0, 0, 0, 0, 0, 0, 0, 0, 0, 0, 0, 0, 0, 0, 0, 0, 0, 0, 0, 2, 2, 2, 1, 1, 0, 2, 2, 2, 1, 3, 4, 4, 8, 6, 8, 22, 16, 37, 31, 34, 42, 56, 58, 63, 92, 74, 93, 114, 103, 122, 120, 102, 92, 123, 126, 158, 100, 86, 108, 102, 59, 80, 100, 150, 136, 140, 150, 111, 84, 83, 50, 62, 46, 31, 20, 12, 8, 3, 3]
YTOT: [0, 0, 0, 0, 0, 0, 0, 0, 0, 0, 0, 0, 0, 0, 0, 0, 0, 0, 0, 0, 0, 0, 0, 0, 0, 0, 0, 0, 0, 0, 0, 0, 0, 0, 0, 0, 0, 0, 0, 0, 0, 0, 0, 0, 0, 0, 0, 2, 4, 6, 7, 8, 8, 10, 12, 14, 15, 18, 22, 26, 34, 40, 48, 70, 86, 123, 154, 188, 230, 286, 344, 407, 499, 573, 666, 780, 883, 1005, 1125, 1227, 1319, 1442, 1568, 1726, 1826, 1912, 2020, 2122, 2181, 2261, 2361, 2511, 2647, 2787, 2937, 3048, 3132, 3215, 3265, 3327, 3373, 3404, 3424, 3436, 3444, 3447, 3450]

INFO: Total Population: 2383286
INFO: R0: 2
INFO: Incubation Period: 5
INFO: Illness Period: 12
X:[0, 1, 2, 3, 4, 5, 6, 7, 8, 9, 10, 11, 12, 13, 14, 15, 16, 17, 18, 19, 20, 21, 22, 23, 24, 25, 26, 27, 28, 29, 30, 31, 32, 33, 34, 35, 36, 37, 38, 39, 40, 41, 42, 43, 44, 45, 46, 47, 48, 49, 50, 51, 52, 53, 54, 55, 56, 57, 58, 59, 60, 61, 62, 63, 64, 65, 66, 67, 68, 69, 70, 71, 72, 73, 74, 75, 76, 77, 78, 79, 80, 81, 82, 83, 84, 85, 86, 87, 88, 89, 90, 91, 92, 93, 94, 95, 96, 97, 98, 99, 100, 101, 102, 103, 104, 105, 106, 107]
YNEW:[0, 0, 0, 0, 0, 0, 0, 0, 0, 0, 0, 0, 0, 0, 0, 0, 0, 0, 0, 0, 0, 0, 0, 0, 0, 0, 0, 0, 0, 0, 0, 0, 0, 0, 0, 0, 0, 0, 0, 0, 0, 0, 0, 0, 0, 0, 0, 2, 2, 2, 1, 1, 0, 2, 2, 2, 1, 3, 4, 4, 8, 6, 8, 22, 16, 37, 31, 34, 42, 56, 58, 63, 92, 74, 93, 114, 103, 122, 120, 102, 92, 123, 126, 158, 120, 107, 102, 70, 74, 104, 118, 114, 143, 134, 163, 126, 91, 86, 79, 54, 50, 38, 24, 18, 12, 7, 1]
YTOT: [0, 0, 0, 0, 0, 0, 0, 0, 0, 0, 0, 0, 0, 0, 0, 0, 0, 0, 0, 0, 0, 0, 0, 0, 0, 0, 0, 0, 0, 0, 0, 0, 0, 0, 0, 0, 0, 0, 0, 0, 0, 0, 0, 0, 0, 0, 0, 2, 4, 6, 7, 8, 8, 10, 12, 14, 15, 18, 22, 26, 34, 40, 48, 70, 86, 123, 154, 188, 230, 286, 344, 407, 499, 573, 666, 780, 883, 1005, 1125, 1227, 1319, 1442, 1568, 1726, 1846, 1953, 2055, 2125, 2199, 2303, 2421, 2535, 2678, 2812, 2975, 3101, 3192, 3278, 3357, 3411, 3461, 3499, 3523, 3541, 3553, 3560, 3561]

INFO: Total Population: 2383286
INFO: R0: 2
INFO: Incubation Period: 5
INFO: Illness Period: 12
X:[0, 1, 2, 3, 4, 5, 6, 7, 8, 9, 10, 11, 12, 13, 14, 15, 16, 17, 18, 19, 20, 21, 22, 23, 24, 25, 26, 27, 28, 29, 30, 31, 32, 33, 34, 35, 36, 37, 38, 39, 40, 41, 42, 43, 44, 45, 46, 47, 48, 49, 50, 51, 52, 53, 54, 55, 56, 57, 58, 59, 60, 61, 62, 63, 64, 65, 66, 67, 68, 69, 70, 71, 72, 73, 74, 75, 76, 77, 78, 79, 80, 81, 82, 83, 84, 85, 86, 87, 88, 89, 90, 91, 92, 93, 94, 95, 96, 97, 98, 99, 100, 101, 102, 103, 104, 105, 106]
YNEW:[0, 0, 0, 0, 0, 0, 0, 0, 0, 0, 0, 0, 0, 0, 0, 0, 0, 0, 0, 0, 0, 0, 0, 0, 0, 0, 0, 0, 0, 0, 0, 0, 0, 0, 0, 0, 0, 0, 0, 0, 0, 0, 0, 0, 0, 0, 0, 2, 2, 2, 1, 1, 0, 2, 2, 2, 1, 3, 4, 4, 8, 6, 8, 22, 16, 37, 31, 34, 42, 56, 58, 63, 92, 74, 93, 114, 103, 122, 120, 102, 92, 123, 126, 158, 101, 95, 92, 96, 81, 62, 105, 118, 136, 146, 136, 107, 106, 80, 68, 53, 46, 33, 22, 10, 7, 3]
YTOT: [0, 0, 0, 0, 0, 0, 0, 0, 0, 0, 0, 0, 0, 0, 0, 0, 0, 0, 0, 0, 0, 0, 0, 0, 0, 0, 0, 0, 0, 0, 0, 0, 0, 0, 0, 0, 0, 0, 0, 0, 0, 0, 0, 0, 0, 0, 0, 2, 4, 6, 7, 8, 8, 10, 12, 14, 15, 18, 22, 26, 34, 40, 48, 70, 86, 123, 154, 188, 230, 286, 344, 407, 499, 573, 666, 780, 883, 1005, 1125, 1227, 1319, 1442, 1568, 1726, 1827, 1922, 2014, 2110, 2191, 2253, 2358, 2476, 2612, 2758, 2894, 3001, 3107, 3187, 3255, 3308, 3354, 3387, 3409, 3419, 3426, 3429]

INFO: Total Population: 2383286
INFO: R0: 2
INFO: Incubation Period: 5
INFO: Illness Period: 12
X:[0, 1, 2, 3, 4, 5, 6, 7, 8, 9, 10, 11, 12, 13, 14, 15, 16, 17, 18, 19, 20, 21, 22, 23, 24, 25, 26, 27, 28, 29, 30, 31, 32, 33, 34, 35, 36, 37, 38, 39, 40, 41, 42, 43, 44, 45, 46, 47, 48, 49, 50, 51, 52, 53, 54, 55, 56, 57, 58, 59, 60, 61, 62, 63, 64, 65, 66, 67, 68, 69, 70, 71, 72, 73, 74, 75, 76, 77, 78, 79, 80, 81, 82, 83, 84, 85, 86, 87, 88, 89, 90, 91, 92, 93, 94, 95, 96, 97, 98, 99, 100, 101, 102, 103, 104, 105, 106, 107]
YNEW:[0, 0, 0, 0, 0, 0, 0, 0, 0, 0, 0, 0, 0, 0, 0, 0, 0, 0, 0, 0, 0, 0, 0, 0, 0, 0, 0, 0, 0, 0, 0, 0, 0, 0, 0, 0, 0, 0, 0, 0, 0, 0, 0, 0, 0, 0, 0, 2, 2, 2, 1, 1, 0, 2, 2, 2, 1, 3, 4, 4, 8, 6, 8, 22, 16, 37, 31, 34, 42, 56, 58, 63, 92, 74, 93, 114, 103, 122, 120, 102, 92, 123, 126, 158, 98, 106, 103, 88, 73, 104, 122, 135, 140, 124, 139, 123, 90, 83, 80, 55, 48, 39, 34, 17, 11, 4, 2]
YTOT: [0, 0, 0, 0, 0, 0, 0, 0, 0, 0, 0, 0, 0, 0, 0, 0, 0, 0, 0, 0, 0, 0, 0, 0, 0, 0, 0, 0, 0, 0, 0, 0, 0, 0, 0, 0, 0, 0, 0, 0, 0, 0, 0, 0, 0, 0, 0, 2, 4, 6, 7, 8, 8, 10, 12, 14, 15, 18, 22, 26, 34, 40, 48, 70, 86, 123, 154, 188, 230, 286, 344, 407, 499, 573, 666, 780, 883, 1005, 1125, 1227, 1319, 1442, 1568, 1726, 1824, 1930, 2033, 2121, 2194, 2298, 2420, 2555, 2695, 2819, 2958, 3081, 3171, 3254, 3334, 3389, 3437, 3476, 3510, 3527, 3538, 3542, 3544]

INFO: Total Population: 2383286
INFO: R0: 2
INFO: Incubation Period: 5
INFO: Illness Period: 12
X:[0, 1, 2, 3, 4, 5, 6, 7, 8, 9, 10, 11, 12, 13, 14, 15, 16, 17, 18, 19, 20, 21, 22, 23, 24, 25, 26, 27, 28, 29, 30, 31, 32, 33, 34, 35, 36, 37, 38, 39, 40, 41, 42, 43, 44, 45, 46, 47, 48, 49, 50, 51, 52, 53, 54, 55, 56, 57, 58, 59, 60, 61, 62, 63, 64, 65, 66, 67, 68, 69, 70, 71, 72, 73, 74, 75, 76, 77, 78, 79, 80, 81, 82, 83, 84, 85, 86, 87, 88, 89, 90, 91, 92, 93, 94, 95, 96, 97, 98, 99, 100, 101, 102, 103, 104, 105, 106, 107]
YNEW:[0, 0, 0, 0, 0, 0, 0, 0, 0, 0, 0, 0, 0, 0, 0, 0, 0, 0, 0, 0, 0, 0, 0, 0, 0, 0, 0, 0, 0, 0, 0, 0, 0, 0, 0, 0, 0, 0, 0, 0, 0, 0, 0, 0, 0, 0, 0, 2, 2, 2, 1, 1, 0, 2, 2, 2, 1, 3, 4, 4, 8, 6, 8, 22, 16, 37, 31, 34, 42, 56, 58, 63, 92, 74, 93, 114, 103, 122, 120, 102, 92, 123, 126, 158, 104, 106, 96, 92, 83, 105, 105, 118, 130, 150, 152, 134, 89, 79, 80, 63, 46, 36, 32, 18, 8, 5, 3]
YTOT: [0, 0, 0, 0, 0, 0, 0, 0, 0, 0, 0, 0, 0, 0, 0, 0, 0, 0, 0, 0, 0, 0, 0, 0, 0, 0, 0, 0, 0, 0, 0, 0, 0, 0, 0, 0, 0, 0, 0, 0, 0, 0, 0, 0, 0, 0, 0, 2, 4, 6, 7, 8, 8, 10, 12, 14, 15, 18, 22, 26, 34, 40, 48, 70, 86, 123, 154, 188, 230, 286, 344, 407, 499, 573, 666, 780, 883, 1005, 1125, 1227, 1319, 1442, 1568, 1726, 1830, 1936, 2032, 2124, 2207, 2312, 2417, 2535, 2665, 2815, 2967, 3101, 3190, 3269, 3349, 3412, 3458, 3494, 3526, 3544, 3552, 3557, 3560]

INFO: Total Population: 2383286
INFO: R0: 2
INFO: Incubation Period: 5
INFO: Illness Period: 12
X:[0, 1, 2, 3, 4, 5, 6, 7, 8, 9, 10, 11, 12, 13, 14, 15, 16, 17, 18, 19, 20, 21, 22, 23, 24, 25, 26, 27, 28, 29, 30, 31, 32, 33, 34, 35, 36, 37, 38, 39, 40, 41, 42, 43, 44, 45, 46, 47, 48, 49, 50, 51, 52, 53, 54, 55, 56, 57, 58, 59, 60, 61, 62, 63, 64, 65, 66, 67, 68, 69, 70, 71, 72, 73, 74, 75, 76, 77, 78, 79, 80, 81, 82, 83, 84, 85, 86, 87, 88, 89, 90, 91, 92, 93, 94, 95, 96, 97, 98, 99, 100, 101, 102, 103, 104, 105, 106, 107]
YNEW:[0, 0, 0, 0, 0, 0, 0, 0, 0, 0, 0, 0, 0, 0, 0, 0, 0, 0, 0, 0, 0, 0, 0, 0, 0, 0, 0, 0, 0, 0, 0, 0, 0, 0, 0, 0, 0, 0, 0, 0, 0, 0, 0, 0, 0, 0, 0, 2, 2, 2, 1, 1, 0, 2, 2, 2, 1, 3, 4, 4, 8, 6, 8, 22, 16, 37, 31, 34, 42, 56, 58, 63, 92, 74, 93, 114, 103, 122, 120, 102, 92, 123, 126, 158, 104, 112, 108, 98, 75, 91, 107, 130, 120, 140, 169, 129, 93, 84, 73, 71, 40, 37, 24, 21, 8, 3, 3]
YTOT: [0, 0, 0, 0, 0, 0, 0, 0, 0, 0, 0, 0, 0, 0, 0, 0, 0, 0, 0, 0, 0, 0, 0, 0, 0, 0, 0, 0, 0, 0, 0, 0, 0, 0, 0, 0, 0, 0, 0, 0, 0, 0, 0, 0, 0, 0, 0, 2, 4, 6, 7, 8, 8, 10, 12, 14, 15, 18, 22, 26, 34, 40, 48, 70, 86, 123, 154, 188, 230, 286, 344, 407, 499, 573, 666, 780, 883, 1005, 1125, 1227, 1319, 1442, 1568, 1726, 1830, 1942, 2050, 2148, 2223, 2314, 2421, 2551, 2671, 2811, 2980, 3109, 3202, 3286, 3359, 3430, 3470, 3507, 3531, 3552, 3560, 3563, 3566]

INFO: Total Population: 2383286
INFO: R0: 2
INFO: Incubation Period: 5
INFO: Illness Period: 12
X:[0, 1, 2, 3, 4, 5, 6, 7, 8, 9, 10, 11, 12, 13, 14, 15, 16, 17, 18, 19, 20, 21, 22, 23, 24, 25, 26, 27, 28, 29, 30, 31, 32, 33, 34, 35, 36, 37, 38, 39, 40, 41, 42, 43, 44, 45, 46, 47, 48, 49, 50, 51, 52, 53, 54, 55, 56, 57, 58, 59, 60, 61, 62, 63, 64, 65, 66, 67, 68, 69, 70, 71, 72, 73, 74, 75, 76, 77, 78, 79, 80, 81, 82, 83, 84, 85, 86, 87, 88, 89, 90, 91, 92, 93, 94, 95, 96, 97, 98, 99, 100, 101, 102, 103, 104, 105, 106, 107]
YNEW:[0, 0, 0, 0, 0, 0, 0, 0, 0, 0, 0, 0, 0, 0, 0, 0, 0, 0, 0, 0, 0, 0, 0, 0, 0, 0, 0, 0, 0, 0, 0, 0, 0, 0, 0, 0, 0, 0, 0, 0, 0, 0, 0, 0, 0, 0, 0, 2, 2, 2, 1, 1, 0, 2, 2, 2, 1, 3, 4, 4, 8, 6, 8, 22, 16, 37, 31, 34, 42, 56, 58, 63, 92, 74, 93, 114, 103, 122, 120, 102, 92, 123, 126, 158, 113, 104, 77, 86, 77, 70, 125, 144, 151, 137, 130, 136, 69, 63, 58, 54, 33, 36, 28, 18, 11, 4, 1]
YTOT: [0, 0, 0, 0, 0, 0, 0, 0, 0, 0, 0, 0, 0, 0, 0, 0, 0, 0, 0, 0, 0, 0, 0, 0, 0, 0, 0, 0, 0, 0, 0, 0, 0, 0, 0, 0, 0, 0, 0, 0, 0, 0, 0, 0, 0, 0, 0, 2, 4, 6, 7, 8, 8, 10, 12, 14, 15, 18, 22, 26, 34, 40, 48, 70, 86, 123, 154, 188, 230, 286, 344, 407, 499, 573, 666, 780, 883, 1005, 1125, 1227, 1319, 1442, 1568, 1726, 1839, 1943, 2020, 2106, 2183, 2253, 2378, 2522, 2673, 2810, 2940, 3076, 3145, 3208, 3266, 3320, 3353, 3389, 3417, 3435, 3446, 3450, 3451]

INFO: Total Population: 2383286
INFO: R0: 2
INFO: Incubation Period: 5
INFO: Illness Period: 12
X:[0, 1, 2, 3, 4, 5, 6, 7, 8, 9, 10, 11, 12, 13, 14, 15, 16, 17, 18, 19, 20, 21, 22, 23, 24, 25, 26, 27, 28, 29, 30, 31, 32, 33, 34, 35, 36, 37, 38, 39, 40, 41, 42, 43, 44, 45, 46, 47, 48, 49, 50, 51, 52, 53, 54, 55, 56, 57, 58, 59, 60, 61, 62, 63, 64, 65, 66, 67, 68, 69, 70, 71, 72, 73, 74, 75, 76, 77, 78, 79, 80, 81, 82, 83, 84, 85, 86, 87, 88, 89, 90, 91, 92, 93, 94, 95, 96, 97, 98, 99, 100, 101, 102, 103, 104, 105, 106, 107]
YNEW:[0, 0, 0, 0, 0, 0, 0, 0, 0, 0, 0, 0, 0, 0, 0, 0, 0, 0, 0, 0, 0, 0, 0, 0, 0, 0, 0, 0, 0, 0, 0, 0, 0, 0, 0, 0, 0, 0, 0, 0, 0, 0, 0, 0, 0, 0, 0, 2, 2, 2, 1, 1, 0, 2, 2, 2, 1, 3, 4, 4, 8, 6, 8, 22, 16, 37, 31, 34, 42, 56, 58, 63, 92, 74, 93, 114, 103, 122, 120, 102, 92, 123, 126, 158, 92, 96, 122, 88, 63, 63, 112, 148, 155, 158, 137, 97, 87, 67, 78, 41, 48, 42, 21, 10, 8, 3, 1]
YTOT: [0, 0, 0, 0, 0, 0, 0, 0, 0, 0, 0, 0, 0, 0, 0, 0, 0, 0, 0, 0, 0, 0, 0, 0, 0, 0, 0, 0, 0, 0, 0, 0, 0, 0, 0, 0, 0, 0, 0, 0, 0, 0, 0, 0, 0, 0, 0, 2, 4, 6, 7, 8, 8, 10, 12, 14, 15, 18, 22, 26, 34, 40, 48, 70, 86, 123, 154, 188, 230, 286, 344, 407, 499, 573, 666, 780, 883, 1005, 1125, 1227, 1319, 1442, 1568, 1726, 1818, 1914, 2036, 2124, 2187, 2250, 2362, 2510, 2665, 2823, 2960, 3057, 3144, 3211, 3289, 3330, 3378, 3420, 3441, 3451, 3459, 3462, 3463]

INFO: Total Population: 2383286
INFO: R0: 2
INFO: Incubation Period: 5
INFO: Illness Period: 12
X:[0, 1, 2, 3, 4, 5, 6, 7, 8, 9, 10, 11, 12, 13, 14, 15, 16, 17, 18, 19, 20, 21, 22, 23, 24, 25, 26, 27, 28, 29, 30, 31, 32, 33, 34, 35, 36, 37, 38, 39, 40, 41, 42, 43, 44, 45, 46, 47, 48, 49, 50, 51, 52, 53, 54, 55, 56, 57, 58, 59, 60, 61, 62, 63, 64, 65, 66, 67, 68, 69, 70, 71, 72, 73, 74, 75, 76, 77, 78, 79, 80, 81, 82, 83, 84, 85, 86, 87, 88, 89, 90, 91, 92, 93, 94, 95, 96, 97, 98, 99, 100, 101, 102, 103, 104, 105, 106, 107]
YNEW:[0, 0, 0, 0, 0, 0, 0, 0, 0, 0, 0, 0, 0, 0, 0, 0, 0, 0, 0, 0, 0, 0, 0, 0, 0, 0, 0, 0, 0, 0, 0, 0, 0, 0, 0, 0, 0, 0, 0, 0, 0, 0, 0, 0, 0, 0, 0, 2, 2, 2, 1, 1, 0, 2, 2, 2, 1, 3, 4, 4, 8, 6, 8, 22, 16, 37, 31, 34, 42, 56, 58, 63, 92, 74, 93, 114, 103, 122, 120, 102, 92, 123, 126, 158, 93, 104, 94, 73, 62, 103, 120, 119, 127, 121, 147, 130, 83, 83, 68, 60, 44, 26, 26, 9, 8, 4, 1]
YTOT: [0, 0, 0, 0, 0, 0, 0, 0, 0, 0, 0, 0, 0, 0, 0, 0, 0, 0, 0, 0, 0, 0, 0, 0, 0, 0, 0, 0, 0, 0, 0, 0, 0, 0, 0, 0, 0, 0, 0, 0, 0, 0, 0, 0, 0, 0, 0, 2, 4, 6, 7, 8, 8, 10, 12, 14, 15, 18, 22, 26, 34, 40, 48, 70, 86, 123, 154, 188, 230, 286, 344, 407, 499, 573, 666, 780, 883, 1005, 1125, 1227, 1319, 1442, 1568, 1726, 1819, 1923, 2017, 2090, 2152, 2255, 2375, 2494, 2621, 2742, 2889, 3019, 3102, 3185, 3253, 3313, 3357, 3383, 3409, 3418, 3426, 3430, 3431]

INFO: Total Population: 2383286
INFO: R0: 2
INFO: Incubation Period: 5
INFO: Illness Period: 12
X:[0, 1, 2, 3, 4, 5, 6, 7, 8, 9, 10, 11, 12, 13, 14, 15, 16, 17, 18, 19, 20, 21, 22, 23, 24, 25, 26, 27, 28, 29, 30, 31, 32, 33, 34, 35, 36, 37, 38, 39, 40, 41, 42, 43, 44, 45, 46, 47, 48, 49, 50, 51, 52, 53, 54, 55, 56, 57, 58, 59, 60, 61, 62, 63, 64, 65, 66, 67, 68, 69, 70, 71, 72, 73, 74, 75, 76, 77, 78, 79, 80, 81, 82, 83, 84, 85, 86, 87, 88, 89, 90, 91, 92, 93, 94, 95, 96, 97, 98, 99, 100, 101, 102, 103, 104, 105, 106, 107]
YNEW:[0, 0, 0, 0, 0, 0, 0, 0, 0, 0, 0, 0, 0, 0, 0, 0, 0, 0, 0, 0, 0, 0, 0, 0, 0, 0, 0, 0, 0, 0, 0, 0, 0, 0, 0, 0, 0, 0, 0, 0, 0, 0, 0, 0, 0, 0, 0, 2, 2, 2, 1, 1, 0, 2, 2, 2, 1, 3, 4, 4, 8, 6, 8, 22, 16, 37, 31, 34, 42, 56, 58, 63, 92, 74, 93, 114, 103, 122, 120, 102, 92, 123, 126, 158, 108, 117, 93, 92, 68, 108, 124, 147, 135, 148, 145, 124, 101, 77, 66, 53, 50, 38, 36, 19, 11, 6, 2]
YTOT: [0, 0, 0, 0, 0, 0, 0, 0, 0, 0, 0, 0, 0, 0, 0, 0, 0, 0, 0, 0, 0, 0, 0, 0, 0, 0, 0, 0, 0, 0, 0, 0, 0, 0, 0, 0, 0, 0, 0, 0, 0, 0, 0, 0, 0, 0, 0, 2, 4, 6, 7, 8, 8, 10, 12, 14, 15, 18, 22, 26, 34, 40, 48, 70, 86, 123, 154, 188, 230, 286, 344, 407, 499, 573, 666, 780, 883, 1005, 1125, 1227, 1319, 1442, 1568, 1726, 1834, 1951, 2044, 2136, 2204, 2312, 2436, 2583, 2718, 2866, 3011, 3135, 3236, 3313, 3379, 3432, 3482, 3520, 3556, 3575, 3586, 3592, 3594]

INFO: Total Population: 2383286
INFO: R0: 2
INFO: Incubation Period: 5
INFO: Illness Period: 12
X:[0, 1, 2, 3, 4, 5, 6, 7, 8, 9, 10, 11, 12, 13, 14, 15, 16, 17, 18, 19, 20, 21, 22, 23, 24, 25, 26, 27, 28, 29, 30, 31, 32, 33, 34, 35, 36, 37, 38, 39, 40, 41, 42, 43, 44, 45, 46, 47, 48, 49, 50, 51, 52, 53, 54, 55, 56, 57, 58, 59, 60, 61, 62, 63, 64, 65, 66, 67, 68, 69, 70, 71, 72, 73, 74, 75, 76, 77, 78, 79, 80, 81, 82, 83, 84, 85, 86, 87, 88, 89, 90, 91, 92, 93, 94, 95, 96, 97, 98, 99, 100, 101, 102, 103, 104, 105, 106]
YNEW:[0, 0, 0, 0, 0, 0, 0, 0, 0, 0, 0, 0, 0, 0, 0, 0, 0, 0, 0, 0, 0, 0, 0, 0, 0, 0, 0, 0, 0, 0, 0, 0, 0, 0, 0, 0, 0, 0, 0, 0, 0, 0, 0, 0, 0, 0, 0, 2, 2, 2, 1, 1, 0, 2, 2, 2, 1, 3, 4, 4, 8, 6, 8, 22, 16, 37, 31, 34, 42, 56, 58, 63, 92, 74, 93, 114, 103, 122, 120, 102, 92, 123, 126, 158, 113, 103, 85, 93, 92, 93, 118, 125, 143, 144, 162, 122, 102, 78, 61, 59, 39, 50, 23, 20, 8, 6]
YTOT: [0, 0, 0, 0, 0, 0, 0, 0, 0, 0, 0, 0, 0, 0, 0, 0, 0, 0, 0, 0, 0, 0, 0, 0, 0, 0, 0, 0, 0, 0, 0, 0, 0, 0, 0, 0, 0, 0, 0, 0, 0, 0, 0, 0, 0, 0, 0, 2, 4, 6, 7, 8, 8, 10, 12, 14, 15, 18, 22, 26, 34, 40, 48, 70, 86, 123, 154, 188, 230, 286, 344, 407, 499, 573, 666, 780, 883, 1005, 1125, 1227, 1319, 1442, 1568, 1726, 1839, 1942, 2027, 2120, 2212, 2305, 2423, 2548, 2691, 2835, 2997, 3119, 3221, 3299, 3360, 3419, 3458, 3508, 3531, 3551, 3559, 3565]

INFO: Total Population: 2383286
INFO: R0: 2
INFO: Incubation Period: 5
INFO: Illness Period: 12
X:[0, 1, 2, 3, 4, 5, 6, 7, 8, 9, 10, 11, 12, 13, 14, 15, 16, 17, 18, 19, 20, 21, 22, 23, 24, 25, 26, 27, 28, 29, 30, 31, 32, 33, 34, 35, 36, 37, 38, 39, 40, 41, 42, 43, 44, 45, 46, 47, 48, 49, 50, 51, 52, 53, 54, 55, 56, 57, 58, 59, 60, 61, 62, 63, 64, 65, 66, 67, 68, 69, 70, 71, 72, 73, 74, 75, 76, 77, 78, 79, 80, 81, 82, 83, 84, 85, 86, 87, 88, 89, 90, 91, 92, 93, 94, 95, 96, 97, 98, 99, 100, 101, 102, 103, 104, 105, 106, 107]
YNEW:[0, 0, 0, 0, 0, 0, 0, 0, 0, 0, 0, 0, 0, 0, 0, 0, 0, 0, 0, 0, 0, 0, 0, 0, 0, 0, 0, 0, 0, 0, 0, 0, 0, 0, 0, 0, 0, 0, 0, 0, 0, 0, 0, 0, 0, 0, 0, 2, 2, 2, 1, 1, 0, 2, 2, 2, 1, 3, 4, 4, 8, 6, 8, 22, 16, 37, 31, 34, 42, 56, 58, 63, 92, 74, 93, 114, 103, 122, 120, 102, 92, 123, 126, 158, 107, 96, 97, 103, 70, 76, 113, 142, 129, 143, 143, 132, 100, 78, 73, 54, 46, 34, 19, 17, 11, 5, 2]
YTOT: [0, 0, 0, 0, 0, 0, 0, 0, 0, 0, 0, 0, 0, 0, 0, 0, 0, 0, 0, 0, 0, 0, 0, 0, 0, 0, 0, 0, 0, 0, 0, 0, 0, 0, 0, 0, 0, 0, 0, 0, 0, 0, 0, 0, 0, 0, 0, 2, 4, 6, 7, 8, 8, 10, 12, 14, 15, 18, 22, 26, 34, 40, 48, 70, 86, 123, 154, 188, 230, 286, 344, 407, 499, 573, 666, 780, 883, 1005, 1125, 1227, 1319, 1442, 1568, 1726, 1833, 1929, 2026, 2129, 2199, 2275, 2388, 2530, 2659, 2802, 2945, 3077, 3177, 3255, 3328, 3382, 3428, 3462, 3481, 3498, 3509, 3514, 3516]

INFO: Total Population: 2383286
INFO: R0: 2
INFO: Incubation Period: 5
INFO: Illness Period: 12
X:[0, 1, 2, 3, 4, 5, 6, 7, 8, 9, 10, 11, 12, 13, 14, 15, 16, 17, 18, 19, 20, 21, 22, 23, 24, 25, 26, 27, 28, 29, 30, 31, 32, 33, 34, 35, 36, 37, 38, 39, 40, 41, 42, 43, 44, 45, 46, 47, 48, 49, 50, 51, 52, 53, 54, 55, 56, 57, 58, 59, 60, 61, 62, 63, 64, 65, 66, 67, 68, 69, 70, 71, 72, 73, 74, 75, 76, 77, 78, 79, 80, 81, 82, 83, 84, 85, 86, 87, 88, 89, 90, 91, 92, 93, 94, 95, 96, 97, 98, 99, 100, 101, 102, 103, 104, 105, 106]
YNEW:[0, 0, 0, 0, 0, 0, 0, 0, 0, 0, 0, 0, 0, 0, 0, 0, 0, 0, 0, 0, 0, 0, 0, 0, 0, 0, 0, 0, 0, 0, 0, 0, 0, 0, 0, 0, 0, 0, 0, 0, 0, 0, 0, 0, 0, 0, 0, 2, 2, 2, 1, 1, 0, 2, 2, 2, 1, 3, 4, 4, 8, 6, 8, 22, 16, 37, 31, 34, 42, 56, 58, 63, 92, 74, 93, 114, 103, 122, 120, 102, 92, 123, 126, 158, 99, 110, 97, 93, 72, 75, 117, 129, 135, 125, 162, 105, 92, 86, 62, 65, 49, 39, 30, 15, 9, 5]
YTOT: [0, 0, 0, 0, 0, 0, 0, 0, 0, 0, 0, 0, 0, 0, 0, 0, 0, 0, 0, 0, 0, 0, 0, 0, 0, 0, 0, 0, 0, 0, 0, 0, 0, 0, 0, 0, 0, 0, 0, 0, 0, 0, 0, 0, 0, 0, 0, 2, 4, 6, 7, 8, 8, 10, 12, 14, 15, 18, 22, 26, 34, 40, 48, 70, 86, 123, 154, 188, 230, 286, 344, 407, 499, 573, 666, 780, 883, 1005, 1125, 1227, 1319, 1442, 1568, 1726, 1825, 1935, 2032, 2125, 2197, 2272, 2389, 2518, 2653, 2778, 2940, 3045, 3137, 3223, 3285, 3350, 3399, 3438, 3468, 3483, 3492, 3497]

INFO: Total Population: 2383286
INFO: R0: 2
INFO: Incubation Period: 5
INFO: Illness Period: 12
X:[0, 1, 2, 3, 4, 5, 6, 7, 8, 9, 10, 11, 12, 13, 14, 15, 16, 17, 18, 19, 20, 21, 22, 23, 24, 25, 26, 27, 28, 29, 30, 31, 32, 33, 34, 35, 36, 37, 38, 39, 40, 41, 42, 43, 44, 45, 46, 47, 48, 49, 50, 51, 52, 53, 54, 55, 56, 57, 58, 59, 60, 61, 62, 63, 64, 65, 66, 67, 68, 69, 70, 71, 72, 73, 74, 75, 76, 77, 78, 79, 80, 81, 82, 83, 84, 85, 86, 87, 88, 89, 90, 91, 92, 93, 94, 95, 96, 97, 98, 99, 100, 101, 102, 103, 104, 105, 106]
YNEW:[0, 0, 0, 0, 0, 0, 0, 0, 0, 0, 0, 0, 0, 0, 0, 0, 0, 0, 0, 0, 0, 0, 0, 0, 0, 0, 0, 0, 0, 0, 0, 0, 0, 0, 0, 0, 0, 0, 0, 0, 0, 0, 0, 0, 0, 0, 0, 2, 2, 2, 1, 1, 0, 2, 2, 2, 1, 3, 4, 4, 8, 6, 8, 22, 16, 37, 31, 34, 42, 56, 58, 63, 92, 74, 93, 114, 103, 122, 120, 102, 92, 123, 126, 158, 94, 102, 90, 100, 70, 90, 115, 115, 124, 156, 151, 108, 91, 85, 74, 63, 47, 33, 20, 16, 7, 2]
YTOT: [0, 0, 0, 0, 0, 0, 0, 0, 0, 0, 0, 0, 0, 0, 0, 0, 0, 0, 0, 0, 0, 0, 0, 0, 0, 0, 0, 0, 0, 0, 0, 0, 0, 0, 0, 0, 0, 0, 0, 0, 0, 0, 0, 0, 0, 0, 0, 2, 4, 6, 7, 8, 8, 10, 12, 14, 15, 18, 22, 26, 34, 40, 48, 70, 86, 123, 154, 188, 230, 286, 344, 407, 499, 573, 666, 780, 883, 1005, 1125, 1227, 1319, 1442, 1568, 1726, 1820, 1922, 2012, 2112, 2182, 2272, 2387, 2502, 2626, 2782, 2933, 3041, 3132, 3217, 3291, 3354, 3401, 3434, 3454, 3470, 3477, 3479]

INFO: Total Population: 2383286
INFO: R0: 2
INFO: Incubation Period: 5
INFO: Illness Period: 12
X:[0, 1, 2, 3, 4, 5, 6, 7, 8, 9, 10, 11, 12, 13, 14, 15, 16, 17, 18, 19, 20, 21, 22, 23, 24, 25, 26, 27, 28, 29, 30, 31, 32, 33, 34, 35, 36, 37, 38, 39, 40, 41, 42, 43, 44, 45, 46, 47, 48, 49, 50, 51, 52, 53, 54, 55, 56, 57, 58, 59, 60, 61, 62, 63, 64, 65, 66, 67, 68, 69, 70, 71, 72, 73, 74, 75, 76, 77, 78, 79, 80, 81, 82, 83, 84, 85, 86, 87, 88, 89, 90, 91, 92, 93, 94, 95, 96, 97, 98, 99, 100, 101, 102, 103, 104, 105, 106, 107]
YNEW:[0, 0, 0, 0, 0, 0, 0, 0, 0, 0, 0, 0, 0, 0, 0, 0, 0, 0, 0, 0, 0, 0, 0, 0, 0, 0, 0, 0, 0, 0, 0, 0, 0, 0, 0, 0, 0, 0, 0, 0, 0, 0, 0, 0, 0, 0, 0, 2, 2, 2, 1, 1, 0, 2, 2, 2, 1, 3, 4, 4, 8, 6, 8, 22, 16, 37, 31, 34, 42, 56, 58, 63, 92, 74, 93, 114, 103, 122, 120, 102, 92, 123, 126, 158, 113, 107, 91, 78, 84, 96, 128, 134, 138, 136, 134, 114, 95, 85, 78, 48, 47, 44, 29, 19, 6, 4, 1]
YTOT: [0, 0, 0, 0, 0, 0, 0, 0, 0, 0, 0, 0, 0, 0, 0, 0, 0, 0, 0, 0, 0, 0, 0, 0, 0, 0, 0, 0, 0, 0, 0, 0, 0, 0, 0, 0, 0, 0, 0, 0, 0, 0, 0, 0, 0, 0, 0, 2, 4, 6, 7, 8, 8, 10, 12, 14, 15, 18, 22, 26, 34, 40, 48, 70, 86, 123, 154, 188, 230, 286, 344, 407, 499, 573, 666, 780, 883, 1005, 1125, 1227, 1319, 1442, 1568, 1726, 1839, 1946, 2037, 2115, 2199, 2295, 2423, 2557, 2695, 2831, 2965, 3079, 3174, 3259, 3337, 3385, 3432, 3476, 3505, 3524, 3530, 3534, 3535]

INFO: Total Population: 2383286
INFO: R0: 2
INFO: Incubation Period: 5
INFO: Illness Period: 12
X:[0, 1, 2, 3, 4, 5, 6, 7, 8, 9, 10, 11, 12, 13, 14, 15, 16, 17, 18, 19, 20, 21, 22, 23, 24, 25, 26, 27, 28, 29, 30, 31, 32, 33, 34, 35, 36, 37, 38, 39, 40, 41, 42, 43, 44, 45, 46, 47, 48, 49, 50, 51, 52, 53, 54, 55, 56, 57, 58, 59, 60, 61, 62, 63, 64, 65, 66, 67, 68, 69, 70, 71, 72, 73, 74, 75, 76, 77, 78, 79, 80, 81, 82, 83, 84, 85, 86, 87, 88, 89, 90, 91, 92, 93, 94, 95, 96, 97, 98, 99, 100, 101, 102, 103, 104, 105, 106, 107]
YNEW:[0, 0, 0, 0, 0, 0, 0, 0, 0, 0, 0, 0, 0, 0, 0, 0, 0, 0, 0, 0, 0, 0, 0, 0, 0, 0, 0, 0, 0, 0, 0, 0, 0, 0, 0, 0, 0, 0, 0, 0, 0, 0, 0, 0, 0, 0, 0, 2, 2, 2, 1, 1, 0, 2, 2, 2, 1, 3, 4, 4, 8, 6, 8, 22, 16, 37, 31, 34, 42, 56, 58, 63, 92, 74, 93, 114, 103, 122, 120, 102, 92, 123, 126, 158, 119, 81, 86, 98, 86, 105, 117, 120, 125, 119, 152, 125, 84, 91, 63, 55, 44, 50, 26, 24, 12, 3, 1]
YTOT: [0, 0, 0, 0, 0, 0, 0, 0, 0, 0, 0, 0, 0, 0, 0, 0, 0, 0, 0, 0, 0, 0, 0, 0, 0, 0, 0, 0, 0, 0, 0, 0, 0, 0, 0, 0, 0, 0, 0, 0, 0, 0, 0, 0, 0, 0, 0, 2, 4, 6, 7, 8, 8, 10, 12, 14, 15, 18, 22, 26, 34, 40, 48, 70, 86, 123, 154, 188, 230, 286, 344, 407, 499, 573, 666, 780, 883, 1005, 1125, 1227, 1319, 1442, 1568, 1726, 1845, 1926, 2012, 2110, 2196, 2301, 2418, 2538, 2663, 2782, 2934, 3059, 3143, 3234, 3297, 3352, 3396, 3446, 3472, 3496, 3508, 3511, 3512]

INFO: Total Population: 2383286
INFO: R0: 2
INFO: Incubation Period: 5
INFO: Illness Period: 12
X:[0, 1, 2, 3, 4, 5, 6, 7, 8, 9, 10, 11, 12, 13, 14, 15, 16, 17, 18, 19, 20, 21, 22, 23, 24, 25, 26, 27, 28, 29, 30, 31, 32, 33, 34, 35, 36, 37, 38, 39, 40, 41, 42, 43, 44, 45, 46, 47, 48, 49, 50, 51, 52, 53, 54, 55, 56, 57, 58, 59, 60, 61, 62, 63, 64, 65, 66, 67, 68, 69, 70, 71, 72, 73, 74, 75, 76, 77, 78, 79, 80, 81, 82, 83, 84, 85, 86, 87, 88, 89, 90, 91, 92, 93, 94, 95, 96, 97, 98, 99, 100, 101, 102, 103, 104, 105, 106, 107]
YNEW:[0, 0, 0, 0, 0, 0, 0, 0, 0, 0, 0, 0, 0, 0, 0, 0, 0, 0, 0, 0, 0, 0, 0, 0, 0, 0, 0, 0, 0, 0, 0, 0, 0, 0, 0, 0, 0, 0, 0, 0, 0, 0, 0, 0, 0, 0, 0, 2, 2, 2, 1, 1, 0, 2, 2, 2, 1, 3, 4, 4, 8, 6, 8, 22, 16, 37, 31, 34, 42, 56, 58, 63, 92, 74, 93, 114, 103, 122, 120, 102, 92, 123, 126, 158, 121, 100, 92, 77, 75, 65, 134, 127, 134, 161, 103, 113, 88, 72, 73, 72, 39, 32, 19, 11, 5, 6, 2]
YTOT: [0, 0, 0, 0, 0, 0, 0, 0, 0, 0, 0, 0, 0, 0, 0, 0, 0, 0, 0, 0, 0, 0, 0, 0, 0, 0, 0, 0, 0, 0, 0, 0, 0, 0, 0, 0, 0, 0, 0, 0, 0, 0, 0, 0, 0, 0, 0, 2, 4, 6, 7, 8, 8, 10, 12, 14, 15, 18, 22, 26, 34, 40, 48, 70, 86, 123, 154, 188, 230, 286, 344, 407, 499, 573, 666, 780, 883, 1005, 1125, 1227, 1319, 1442, 1568, 1726, 1847, 1947, 2039, 2116, 2191, 2256, 2390, 2517, 2651, 2812, 2915, 3028, 3116, 3188, 3261, 3333, 3372, 3404, 3423, 3434, 3439, 3445, 3447]

INFO: Total Population: 2383286
INFO: R0: 2
INFO: Incubation Period: 5
INFO: Illness Period: 12
X:[0, 1, 2, 3, 4, 5, 6, 7, 8, 9, 10, 11, 12, 13, 14, 15, 16, 17, 18, 19, 20, 21, 22, 23, 24, 25, 26, 27, 28, 29, 30, 31, 32, 33, 34, 35, 36, 37, 38, 39, 40, 41, 42, 43, 44, 45, 46, 47, 48, 49, 50, 51, 52, 53, 54, 55, 56, 57, 58, 59, 60, 61, 62, 63, 64, 65, 66, 67, 68, 69, 70, 71, 72, 73, 74, 75, 76, 77, 78, 79, 80, 81, 82, 83, 84, 85, 86, 87, 88, 89, 90, 91, 92, 93, 94, 95, 96, 97, 98, 99, 100, 101, 102, 103, 104, 105, 106]
YNEW:[0, 0, 0, 0, 0, 0, 0, 0, 0, 0, 0, 0, 0, 0, 0, 0, 0, 0, 0, 0, 0, 0, 0, 0, 0, 0, 0, 0, 0, 0, 0, 0, 0, 0, 0, 0, 0, 0, 0, 0, 0, 0, 0, 0, 0, 0, 0, 2, 2, 2, 1, 1, 0, 2, 2, 2, 1, 3, 4, 4, 8, 6, 8, 22, 16, 37, 31, 34, 42, 56, 58, 63, 92, 74, 93, 114, 103, 122, 120, 102, 92, 123, 126, 158, 100, 98, 116, 88, 71, 95, 105, 133, 128, 139, 158, 114, 106, 76, 71, 56, 50, 43, 26, 15, 11, 4]
YTOT: [0, 0, 0, 0, 0, 0, 0, 0, 0, 0, 0, 0, 0, 0, 0, 0, 0, 0, 0, 0, 0, 0, 0, 0, 0, 0, 0, 0, 0, 0, 0, 0, 0, 0, 0, 0, 0, 0, 0, 0, 0, 0, 0, 0, 0, 0, 0, 2, 4, 6, 7, 8, 8, 10, 12, 14, 15, 18, 22, 26, 34, 40, 48, 70, 86, 123, 154, 188, 230, 286, 344, 407, 499, 573, 666, 780, 883, 1005, 1125, 1227, 1319, 1442, 1568, 1726, 1826, 1924, 2040, 2128, 2199, 2294, 2399, 2532, 2660, 2799, 2957, 3071, 3177, 3253, 3324, 3380, 3430, 3473, 3499, 3514, 3525, 3529]

INFO: Total Population: 2383286
INFO: R0: 2
INFO: Incubation Period: 5
INFO: Illness Period: 12
X:[0, 1, 2, 3, 4, 5, 6, 7, 8, 9, 10, 11, 12, 13, 14, 15, 16, 17, 18, 19, 20, 21, 22, 23, 24, 25, 26, 27, 28, 29, 30, 31, 32, 33, 34, 35, 36, 37, 38, 39, 40, 41, 42, 43, 44, 45, 46, 47, 48, 49, 50, 51, 52, 53, 54, 55, 56, 57, 58, 59, 60, 61, 62, 63, 64, 65, 66, 67, 68, 69, 70, 71, 72, 73, 74, 75, 76, 77, 78, 79, 80, 81, 82, 83, 84, 85, 86, 87, 88, 89, 90, 91, 92, 93, 94, 95, 96, 97, 98, 99, 100, 101, 102, 103, 104, 105, 106, 107]
YNEW:[0, 0, 0, 0, 0, 0, 0, 0, 0, 0, 0, 0, 0, 0, 0, 0, 0, 0, 0, 0, 0, 0, 0, 0, 0, 0, 0, 0, 0, 0, 0, 0, 0, 0, 0, 0, 0, 0, 0, 0, 0, 0, 0, 0, 0, 0, 0, 2, 2, 2, 1, 1, 0, 2, 2, 2, 1, 3, 4, 4, 8, 6, 8, 22, 16, 37, 31, 34, 42, 56, 58, 63, 92, 74, 93, 114, 103, 122, 120, 102, 92, 123, 126, 158, 112, 91, 98, 84, 89, 111, 126, 133, 154, 143, 135, 130, 89, 70, 76, 65, 57, 33, 31, 13, 12, 7, 2]
YTOT: [0, 0, 0, 0, 0, 0, 0, 0, 0, 0, 0, 0, 0, 0, 0, 0, 0, 0, 0, 0, 0, 0, 0, 0, 0, 0, 0, 0, 0, 0, 0, 0, 0, 0, 0, 0, 0, 0, 0, 0, 0, 0, 0, 0, 0, 0, 0, 2, 4, 6, 7, 8, 8, 10, 12, 14, 15, 18, 22, 26, 34, 40, 48, 70, 86, 123, 154, 188, 230, 286, 344, 407, 499, 573, 666, 780, 883, 1005, 1125, 1227, 1319, 1442, 1568, 1726, 1838, 1929, 2027, 2111, 2200, 2311, 2437, 2570, 2724, 2867, 3002, 3132, 3221, 3291, 3367, 3432, 3489, 3522, 3553, 3566, 3578, 3585, 3587]

INFO: Total Population: 2383286
INFO: R0: 2
INFO: Incubation Period: 5
INFO: Illness Period: 12
X:[0, 1, 2, 3, 4, 5, 6, 7, 8, 9, 10, 11, 12, 13, 14, 15, 16, 17, 18, 19, 20, 21, 22, 23, 24, 25, 26, 27, 28, 29, 30, 31, 32, 33, 34, 35, 36, 37, 38, 39, 40, 41, 42, 43, 44, 45, 46, 47, 48, 49, 50, 51, 52, 53, 54, 55, 56, 57, 58, 59, 60, 61, 62, 63, 64, 65, 66, 67, 68, 69, 70, 71, 72, 73, 74, 75, 76, 77, 78, 79, 80, 81, 82, 83, 84, 85, 86, 87, 88, 89, 90, 91, 92, 93, 94, 95, 96, 97, 98, 99, 100, 101, 102, 103, 104, 105, 106, 107]
YNEW:[0, 0, 0, 0, 0, 0, 0, 0, 0, 0, 0, 0, 0, 0, 0, 0, 0, 0, 0, 0, 0, 0, 0, 0, 0, 0, 0, 0, 0, 0, 0, 0, 0, 0, 0, 0, 0, 0, 0, 0, 0, 0, 0, 0, 0, 0, 0, 2, 2, 2, 1, 1, 0, 2, 2, 2, 1, 3, 4, 4, 8, 6, 8, 22, 16, 37, 31, 34, 42, 56, 58, 63, 92, 74, 93, 114, 103, 122, 120, 102, 92, 123, 126, 158, 103, 112, 93, 78, 66, 113, 114, 129, 138, 161, 125, 119, 108, 79, 62, 61, 46, 29, 32, 16, 11, 6, 2]
YTOT: [0, 0, 0, 0, 0, 0, 0, 0, 0, 0, 0, 0, 0, 0, 0, 0, 0, 0, 0, 0, 0, 0, 0, 0, 0, 0, 0, 0, 0, 0, 0, 0, 0, 0, 0, 0, 0, 0, 0, 0, 0, 0, 0, 0, 0, 0, 0, 2, 4, 6, 7, 8, 8, 10, 12, 14, 15, 18, 22, 26, 34, 40, 48, 70, 86, 123, 154, 188, 230, 286, 344, 407, 499, 573, 666, 780, 883, 1005, 1125, 1227, 1319, 1442, 1568, 1726, 1829, 1941, 2034, 2112, 2178, 2291, 2405, 2534, 2672, 2833, 2958, 3077, 3185, 3264, 3326, 3387, 3433, 3462, 3494, 3510, 3521, 3527, 3529]

INFO: Total Population: 2383286
INFO: R0: 2
INFO: Incubation Period: 5
INFO: Illness Period: 12
X:[0, 1, 2, 3, 4, 5, 6, 7, 8, 9, 10, 11, 12, 13, 14, 15, 16, 17, 18, 19, 20, 21, 22, 23, 24, 25, 26, 27, 28, 29, 30, 31, 32, 33, 34, 35, 36, 37, 38, 39, 40, 41, 42, 43, 44, 45, 46, 47, 48, 49, 50, 51, 52, 53, 54, 55, 56, 57, 58, 59, 60, 61, 62, 63, 64, 65, 66, 67, 68, 69, 70, 71, 72, 73, 74, 75, 76, 77, 78, 79, 80, 81, 82, 83, 84, 85, 86, 87, 88, 89, 90, 91, 92, 93, 94, 95, 96, 97, 98, 99, 100, 101, 102, 103, 104, 105, 106, 107]
YNEW:[0, 0, 0, 0, 0, 0, 0, 0, 0, 0, 0, 0, 0, 0, 0, 0, 0, 0, 0, 0, 0, 0, 0, 0, 0, 0, 0, 0, 0, 0, 0, 0, 0, 0, 0, 0, 0, 0, 0, 0, 0, 0, 0, 0, 0, 0, 0, 2, 2, 2, 1, 1, 0, 2, 2, 2, 1, 3, 4, 4, 8, 6, 8, 22, 16, 37, 31, 34, 42, 56, 58, 63, 92, 74, 93, 114, 103, 122, 120, 102, 92, 123, 126, 158, 107, 103, 100, 85, 68, 70, 119, 115, 144, 154, 138, 110, 87, 74, 86, 40, 43, 29, 16, 18, 14, 2, 1]
YTOT: [0, 0, 0, 0, 0, 0, 0, 0, 0, 0, 0, 0, 0, 0, 0, 0, 0, 0, 0, 0, 0, 0, 0, 0, 0, 0, 0, 0, 0, 0, 0, 0, 0, 0, 0, 0, 0, 0, 0, 0, 0, 0, 0, 0, 0, 0, 0, 2, 4, 6, 7, 8, 8, 10, 12, 14, 15, 18, 22, 26, 34, 40, 48, 70, 86, 123, 154, 188, 230, 286, 344, 407, 499, 573, 666, 780, 883, 1005, 1125, 1227, 1319, 1442, 1568, 1726, 1833, 1936, 2036, 2121, 2189, 2259, 2378, 2493, 2637, 2791, 2929, 3039, 3126, 3200, 3286, 3326, 3369, 3398, 3414, 3432, 3446, 3448, 3449]

INFO: Total Population: 2383286
INFO: R0: 2
INFO: Incubation Period: 5
INFO: Illness Period: 12
X:[0, 1, 2, 3, 4, 5, 6, 7, 8, 9, 10, 11, 12, 13, 14, 15, 16, 17, 18, 19, 20, 21, 22, 23, 24, 25, 26, 27, 28, 29, 30, 31, 32, 33, 34, 35, 36, 37, 38, 39, 40, 41, 42, 43, 44, 45, 46, 47, 48, 49, 50, 51, 52, 53, 54, 55, 56, 57, 58, 59, 60, 61, 62, 63, 64, 65, 66, 67, 68, 69, 70, 71, 72, 73, 74, 75, 76, 77, 78, 79, 80, 81, 82, 83, 84, 85, 86, 87, 88, 89, 90, 91, 92, 93, 94, 95, 96, 97, 98, 99, 100, 101, 102, 103, 104, 105, 106, 107]
YNEW:[0, 0, 0, 0, 0, 0, 0, 0, 0, 0, 0, 0, 0, 0, 0, 0, 0, 0, 0, 0, 0, 0, 0, 0, 0, 0, 0, 0, 0, 0, 0, 0, 0, 0, 0, 0, 0, 0, 0, 0, 0, 0, 0, 0, 0, 0, 0, 2, 2, 2, 1, 1, 0, 2, 2, 2, 1, 3, 4, 4, 8, 6, 8, 22, 16, 37, 31, 34, 42, 56, 58, 63, 92, 74, 93, 114, 103, 122, 120, 102, 92, 123, 126, 158, 103, 98, 90, 89, 74, 99, 116, 126, 157, 129, 145, 112, 86, 83, 54, 58, 54, 42, 26, 16, 12, 5, 3]
YTOT: [0, 0, 0, 0, 0, 0, 0, 0, 0, 0, 0, 0, 0, 0, 0, 0, 0, 0, 0, 0, 0, 0, 0, 0, 0, 0, 0, 0, 0, 0, 0, 0, 0, 0, 0, 0, 0, 0, 0, 0, 0, 0, 0, 0, 0, 0, 0, 2, 4, 6, 7, 8, 8, 10, 12, 14, 15, 18, 22, 26, 34, 40, 48, 70, 86, 123, 154, 188, 230, 286, 344, 407, 499, 573, 666, 780, 883, 1005, 1125, 1227, 1319, 1442, 1568, 1726, 1829, 1927, 2017, 2106, 2180, 2279, 2395, 2521, 2678, 2807, 2952, 3064, 3150, 3233, 3287, 3345, 3399, 3441, 3467, 3483, 3495, 3500, 3503]

INFO: Total Population: 2383286
INFO: R0: 2
INFO: Incubation Period: 5
INFO: Illness Period: 12
X:[0, 1, 2, 3, 4, 5, 6, 7, 8, 9, 10, 11, 12, 13, 14, 15, 16, 17, 18, 19, 20, 21, 22, 23, 24, 25, 26, 27, 28, 29, 30, 31, 32, 33, 34, 35, 36, 37, 38, 39, 40, 41, 42, 43, 44, 45, 46, 47, 48, 49, 50, 51, 52, 53, 54, 55, 56, 57, 58, 59, 60, 61, 62, 63, 64, 65, 66, 67, 68, 69, 70, 71, 72, 73, 74, 75, 76, 77, 78, 79, 80, 81, 82, 83, 84, 85, 86, 87, 88, 89, 90, 91, 92, 93, 94, 95, 96, 97, 98, 99, 100, 101, 102, 103, 104, 105, 106]
YNEW:[0, 0, 0, 0, 0, 0, 0, 0, 0, 0, 0, 0, 0, 0, 0, 0, 0, 0, 0, 0, 0, 0, 0, 0, 0, 0, 0, 0, 0, 0, 0, 0, 0, 0, 0, 0, 0, 0, 0, 0, 0, 0, 0, 0, 0, 0, 0, 2, 2, 2, 1, 1, 0, 2, 2, 2, 1, 3, 4, 4, 8, 6, 8, 22, 16, 37, 31, 34, 42, 56, 58, 63, 92, 74, 93, 114, 103, 122, 120, 102, 92, 123, 126, 158, 101, 103, 100, 83, 82, 72, 125, 117, 174, 135, 176, 117, 92, 74, 56, 50, 40, 41, 29, 14, 6, 6]
YTOT: [0, 0, 0, 0, 0, 0, 0, 0, 0, 0, 0, 0, 0, 0, 0, 0, 0, 0, 0, 0, 0, 0, 0, 0, 0, 0, 0, 0, 0, 0, 0, 0, 0, 0, 0, 0, 0, 0, 0, 0, 0, 0, 0, 0, 0, 0, 0, 2, 4, 6, 7, 8, 8, 10, 12, 14, 15, 18, 22, 26, 34, 40, 48, 70, 86, 123, 154, 188, 230, 286, 344, 407, 499, 573, 666, 780, 883, 1005, 1125, 1227, 1319, 1442, 1568, 1726, 1827, 1930, 2030, 2113, 2195, 2267, 2392, 2509, 2683, 2818, 2994, 3111, 3203, 3277, 3333, 3383, 3423, 3464, 3493, 3507, 3513, 3519]

INFO: Total Population: 2383286
INFO: R0: 2
INFO: Incubation Period: 5
INFO: Illness Period: 12
X:[0, 1, 2, 3, 4, 5, 6, 7, 8, 9, 10, 11, 12, 13, 14, 15, 16, 17, 18, 19, 20, 21, 22, 23, 24, 25, 26, 27, 28, 29, 30, 31, 32, 33, 34, 35, 36, 37, 38, 39, 40, 41, 42, 43, 44, 45, 46, 47, 48, 49, 50, 51, 52, 53, 54, 55, 56, 57, 58, 59, 60, 61, 62, 63, 64, 65, 66, 67, 68, 69, 70, 71, 72, 73, 74, 75, 76, 77, 78, 79, 80, 81, 82, 83, 84, 85, 86, 87, 88, 89, 90, 91, 92, 93, 94, 95, 96, 97, 98, 99, 100, 101, 102, 103, 104, 105, 106, 107]
YNEW:[0, 0, 0, 0, 0, 0, 0, 0, 0, 0, 0, 0, 0, 0, 0, 0, 0, 0, 0, 0, 0, 0, 0, 0, 0, 0, 0, 0, 0, 0, 0, 0, 0, 0, 0, 0, 0, 0, 0, 0, 0, 0, 0, 0, 0, 0, 0, 2, 2, 2, 1, 1, 0, 2, 2, 2, 1, 3, 4, 4, 8, 6, 8, 22, 16, 37, 31, 34, 42, 56, 58, 63, 92, 74, 93, 114, 103, 122, 120, 102, 92, 123, 126, 158, 100, 92, 81, 98, 79, 72, 119, 135, 128, 132, 144, 117, 80, 71, 64, 51, 56, 31, 20, 20, 14, 3, 1]
YTOT: [0, 0, 0, 0, 0, 0, 0, 0, 0, 0, 0, 0, 0, 0, 0, 0, 0, 0, 0, 0, 0, 0, 0, 0, 0, 0, 0, 0, 0, 0, 0, 0, 0, 0, 0, 0, 0, 0, 0, 0, 0, 0, 0, 0, 0, 0, 0, 2, 4, 6, 7, 8, 8, 10, 12, 14, 15, 18, 22, 26, 34, 40, 48, 70, 86, 123, 154, 188, 230, 286, 344, 407, 499, 573, 666, 780, 883, 1005, 1125, 1227, 1319, 1442, 1568, 1726, 1826, 1918, 1999, 2097, 2176, 2248, 2367, 2502, 2630, 2762, 2906, 3023, 3103, 3174, 3238, 3289, 3345, 3376, 3396, 3416, 3430, 3433, 3434]

INFO: Total Population: 2383286
INFO: R0: 2
INFO: Incubation Period: 5
INFO: Illness Period: 12
X:[0, 1, 2, 3, 4, 5, 6, 7, 8, 9, 10, 11, 12, 13, 14, 15, 16, 17, 18, 19, 20, 21, 22, 23, 24, 25, 26, 27, 28, 29, 30, 31, 32, 33, 34, 35, 36, 37, 38, 39, 40, 41, 42, 43, 44, 45, 46, 47, 48, 49, 50, 51, 52, 53, 54, 55, 56, 57, 58, 59, 60, 61, 62, 63, 64, 65, 66, 67, 68, 69, 70, 71, 72, 73, 74, 75, 76, 77, 78, 79, 80, 81, 82, 83, 84, 85, 86, 87, 88, 89, 90, 91, 92, 93, 94, 95, 96, 97, 98, 99, 100, 101, 102, 103, 104, 105, 106]
YNEW:[0, 0, 0, 0, 0, 0, 0, 0, 0, 0, 0, 0, 0, 0, 0, 0, 0, 0, 0, 0, 0, 0, 0, 0, 0, 0, 0, 0, 0, 0, 0, 0, 0, 0, 0, 0, 0, 0, 0, 0, 0, 0, 0, 0, 0, 0, 0, 2, 2, 2, 1, 1, 0, 2, 2, 2, 1, 3, 4, 4, 8, 6, 8, 22, 16, 37, 31, 34, 42, 56, 58, 63, 92, 74, 93, 114, 103, 122, 120, 102, 92, 123, 126, 158, 89, 110, 100, 76, 80, 70, 114, 127, 131, 158, 141, 109, 96, 70, 64, 59, 34, 37, 26, 12, 7, 3]
YTOT: [0, 0, 0, 0, 0, 0, 0, 0, 0, 0, 0, 0, 0, 0, 0, 0, 0, 0, 0, 0, 0, 0, 0, 0, 0, 0, 0, 0, 0, 0, 0, 0, 0, 0, 0, 0, 0, 0, 0, 0, 0, 0, 0, 0, 0, 0, 0, 2, 4, 6, 7, 8, 8, 10, 12, 14, 15, 18, 22, 26, 34, 40, 48, 70, 86, 123, 154, 188, 230, 286, 344, 407, 499, 573, 666, 780, 883, 1005, 1125, 1227, 1319, 1442, 1568, 1726, 1815, 1925, 2025, 2101, 2181, 2251, 2365, 2492, 2623, 2781, 2922, 3031, 3127, 3197, 3261, 3320, 3354, 3391, 3417, 3429, 3436, 3439]

INFO: Total Population: 2383286
INFO: R0: 2
INFO: Incubation Period: 5
INFO: Illness Period: 12
X:[0, 1, 2, 3, 4, 5, 6, 7, 8, 9, 10, 11, 12, 13, 14, 15, 16, 17, 18, 19, 20, 21, 22, 23, 24, 25, 26, 27, 28, 29, 30, 31, 32, 33, 34, 35, 36, 37, 38, 39, 40, 41, 42, 43, 44, 45, 46, 47, 48, 49, 50, 51, 52, 53, 54, 55, 56, 57, 58, 59, 60, 61, 62, 63, 64, 65, 66, 67, 68, 69, 70, 71, 72, 73, 74, 75, 76, 77, 78, 79, 80, 81, 82, 83, 84, 85, 86, 87, 88, 89, 90, 91, 92, 93, 94, 95, 96, 97, 98, 99, 100, 101, 102, 103, 104, 105, 106, 107]
YNEW:[0, 0, 0, 0, 0, 0, 0, 0, 0, 0, 0, 0, 0, 0, 0, 0, 0, 0, 0, 0, 0, 0, 0, 0, 0, 0, 0, 0, 0, 0, 0, 0, 0, 0, 0, 0, 0, 0, 0, 0, 0, 0, 0, 0, 0, 0, 0, 2, 2, 2, 1, 1, 0, 2, 2, 2, 1, 3, 4, 4, 8, 6, 8, 22, 16, 37, 31, 34, 42, 56, 58, 63, 92, 74, 93, 114, 103, 122, 120, 102, 92, 123, 126, 158, 100, 90, 94, 90, 85, 89, 123, 128, 136, 143, 149, 125, 78, 66, 73, 58, 57, 38, 19, 13, 6, 5, 3]
YTOT: [0, 0, 0, 0, 0, 0, 0, 0, 0, 0, 0, 0, 0, 0, 0, 0, 0, 0, 0, 0, 0, 0, 0, 0, 0, 0, 0, 0, 0, 0, 0, 0, 0, 0, 0, 0, 0, 0, 0, 0, 0, 0, 0, 0, 0, 0, 0, 2, 4, 6, 7, 8, 8, 10, 12, 14, 15, 18, 22, 26, 34, 40, 48, 70, 86, 123, 154, 188, 230, 286, 344, 407, 499, 573, 666, 780, 883, 1005, 1125, 1227, 1319, 1442, 1568, 1726, 1826, 1916, 2010, 2100, 2185, 2274, 2397, 2525, 2661, 2804, 2953, 3078, 3156, 3222, 3295, 3353, 3410, 3448, 3467, 3480, 3486, 3491, 3494]

INFO: Total Population: 2383286
INFO: R0: 2
INFO: Incubation Period: 5
INFO: Illness Period: 12
X:[0, 1, 2, 3, 4, 5, 6, 7, 8, 9, 10, 11, 12, 13, 14, 15, 16, 17, 18, 19, 20, 21, 22, 23, 24, 25, 26, 27, 28, 29, 30, 31, 32, 33, 34, 35, 36, 37, 38, 39, 40, 41, 42, 43, 44, 45, 46, 47, 48, 49, 50, 51, 52, 53, 54, 55, 56, 57, 58, 59, 60, 61, 62, 63, 64, 65, 66, 67, 68, 69, 70, 71, 72, 73, 74, 75, 76, 77, 78, 79, 80, 81, 82, 83, 84, 85, 86, 87, 88, 89, 90, 91, 92, 93, 94, 95, 96, 97, 98, 99, 100, 101, 102, 103, 104, 105, 106, 107]
YNEW:[0, 0, 0, 0, 0, 0, 0, 0, 0, 0, 0, 0, 0, 0, 0, 0, 0, 0, 0, 0, 0, 0, 0, 0, 0, 0, 0, 0, 0, 0, 0, 0, 0, 0, 0, 0, 0, 0, 0, 0, 0, 0, 0, 0, 0, 0, 0, 2, 2, 2, 1, 1, 0, 2, 2, 2, 1, 3, 4, 4, 8, 6, 8, 22, 16, 37, 31, 34, 42, 56, 58, 63, 92, 74, 93, 114, 103, 122, 120, 102, 92, 123, 126, 158, 114, 91, 100, 100, 74, 99, 121, 129, 137, 133, 139, 127, 77, 89, 71, 65, 46, 43, 21, 19, 10, 7, 3]
YTOT: [0, 0, 0, 0, 0, 0, 0, 0, 0, 0, 0, 0, 0, 0, 0, 0, 0, 0, 0, 0, 0, 0, 0, 0, 0, 0, 0, 0, 0, 0, 0, 0, 0, 0, 0, 0, 0, 0, 0, 0, 0, 0, 0, 0, 0, 0, 0, 2, 4, 6, 7, 8, 8, 10, 12, 14, 15, 18, 22, 26, 34, 40, 48, 70, 86, 123, 154, 188, 230, 286, 344, 407, 499, 573, 666, 780, 883, 1005, 1125, 1227, 1319, 1442, 1568, 1726, 1840, 1931, 2031, 2131, 2205, 2304, 2425, 2554, 2691, 2824, 2963, 3090, 3167, 3256, 3327, 3392, 3438, 3481, 3502, 3521, 3531, 3538, 3541]

INFO: Total Population: 2383286
INFO: R0: 2
INFO: Incubation Period: 5
INFO: Illness Period: 12
X:[0, 1, 2, 3, 4, 5, 6, 7, 8, 9, 10, 11, 12, 13, 14, 15, 16, 17, 18, 19, 20, 21, 22, 23, 24, 25, 26, 27, 28, 29, 30, 31, 32, 33, 34, 35, 36, 37, 38, 39, 40, 41, 42, 43, 44, 45, 46, 47, 48, 49, 50, 51, 52, 53, 54, 55, 56, 57, 58, 59, 60, 61, 62, 63, 64, 65, 66, 67, 68, 69, 70, 71, 72, 73, 74, 75, 76, 77, 78, 79, 80, 81, 82, 83, 84, 85, 86, 87, 88, 89, 90, 91, 92, 93, 94, 95, 96, 97, 98, 99, 100, 101, 102, 103, 104, 105, 106, 107]
YNEW:[0, 0, 0, 0, 0, 0, 0, 0, 0, 0, 0, 0, 0, 0, 0, 0, 0, 0, 0, 0, 0, 0, 0, 0, 0, 0, 0, 0, 0, 0, 0, 0, 0, 0, 0, 0, 0, 0, 0, 0, 0, 0, 0, 0, 0, 0, 0, 2, 2, 2, 1, 1, 0, 2, 2, 2, 1, 3, 4, 4, 8, 6, 8, 22, 16, 37, 31, 34, 42, 56, 58, 63, 92, 74, 93, 114, 103, 122, 120, 102, 92, 123, 126, 158, 126, 116, 89, 95, 97, 62, 127, 138, 154, 150, 152, 111, 90, 89, 84, 48, 54, 33, 25, 18, 8, 4, 3]
YTOT: [0, 0, 0, 0, 0, 0, 0, 0, 0, 0, 0, 0, 0, 0, 0, 0, 0, 0, 0, 0, 0, 0, 0, 0, 0, 0, 0, 0, 0, 0, 0, 0, 0, 0, 0, 0, 0, 0, 0, 0, 0, 0, 0, 0, 0, 0, 0, 2, 4, 6, 7, 8, 8, 10, 12, 14, 15, 18, 22, 26, 34, 40, 48, 70, 86, 123, 154, 188, 230, 286, 344, 407, 499, 573, 666, 780, 883, 1005, 1125, 1227, 1319, 1442, 1568, 1726, 1852, 1968, 2057, 2152, 2249, 2311, 2438, 2576, 2730, 2880, 3032, 3143, 3233, 3322, 3406, 3454, 3508, 3541, 3566, 3584, 3592, 3596, 3599]

INFO: Total Population: 2383286
INFO: R0: 2
INFO: Incubation Period: 5
INFO: Illness Period: 12
X:[0, 1, 2, 3, 4, 5, 6, 7, 8, 9, 10, 11, 12, 13, 14, 15, 16, 17, 18, 19, 20, 21, 22, 23, 24, 25, 26, 27, 28, 29, 30, 31, 32, 33, 34, 35, 36, 37, 38, 39, 40, 41, 42, 43, 44, 45, 46, 47, 48, 49, 50, 51, 52, 53, 54, 55, 56, 57, 58, 59, 60, 61, 62, 63, 64, 65, 66, 67, 68, 69, 70, 71, 72, 73, 74, 75, 76, 77, 78, 79, 80, 81, 82, 83, 84, 85, 86, 87, 88, 89, 90, 91, 92, 93, 94, 95, 96, 97, 98, 99, 100, 101, 102, 103, 104, 105, 106]
YNEW:[0, 0, 0, 0, 0, 0, 0, 0, 0, 0, 0, 0, 0, 0, 0, 0, 0, 0, 0, 0, 0, 0, 0, 0, 0, 0, 0, 0, 0, 0, 0, 0, 0, 0, 0, 0, 0, 0, 0, 0, 0, 0, 0, 0, 0, 0, 0, 2, 2, 2, 1, 1, 0, 2, 2, 2, 1, 3, 4, 4, 8, 6, 8, 22, 16, 37, 31, 34, 42, 56, 58, 63, 92, 74, 93, 114, 103, 122, 120, 102, 92, 123, 126, 158, 111, 116, 97, 89, 72, 64, 125, 142, 152, 144, 142, 119, 88, 88, 66, 61, 39, 40, 15, 10, 9, 3]
YTOT: [0, 0, 0, 0, 0, 0, 0, 0, 0, 0, 0, 0, 0, 0, 0, 0, 0, 0, 0, 0, 0, 0, 0, 0, 0, 0, 0, 0, 0, 0, 0, 0, 0, 0, 0, 0, 0, 0, 0, 0, 0, 0, 0, 0, 0, 0, 0, 2, 4, 6, 7, 8, 8, 10, 12, 14, 15, 18, 22, 26, 34, 40, 48, 70, 86, 123, 154, 188, 230, 286, 344, 407, 499, 573, 666, 780, 883, 1005, 1125, 1227, 1319, 1442, 1568, 1726, 1837, 1953, 2050, 2139, 2211, 2275, 2400, 2542, 2694, 2838, 2980, 3099, 3187, 3275, 3341, 3402, 3441, 3481, 3496, 3506, 3515, 3518]

INFO: Total Population: 2383286
INFO: R0: 2
INFO: Incubation Period: 5
INFO: Illness Period: 12
X:[0, 1, 2, 3, 4, 5, 6, 7, 8, 9, 10, 11, 12, 13, 14, 15, 16, 17, 18, 19, 20, 21, 22, 23, 24, 25, 26, 27, 28, 29, 30, 31, 32, 33, 34, 35, 36, 37, 38, 39, 40, 41, 42, 43, 44, 45, 46, 47, 48, 49, 50, 51, 52, 53, 54, 55, 56, 57, 58, 59, 60, 61, 62, 63, 64, 65, 66, 67, 68, 69, 70, 71, 72, 73, 74, 75, 76, 77, 78, 79, 80, 81, 82, 83, 84, 85, 86, 87, 88, 89, 90, 91, 92, 93, 94, 95, 96, 97, 98, 99, 100, 101, 102, 103, 104, 105, 106, 107]
YNEW:[0, 0, 0, 0, 0, 0, 0, 0, 0, 0, 0, 0, 0, 0, 0, 0, 0, 0, 0, 0, 0, 0, 0, 0, 0, 0, 0, 0, 0, 0, 0, 0, 0, 0, 0, 0, 0, 0, 0, 0, 0, 0, 0, 0, 0, 0, 0, 2, 2, 2, 1, 1, 0, 2, 2, 2, 1, 3, 4, 4, 8, 6, 8, 22, 16, 37, 31, 34, 42, 56, 58, 63, 92, 74, 93, 114, 103, 122, 120, 102, 92, 123, 126, 158, 96, 95, 94, 76, 81, 91, 120, 129, 124, 139, 126, 122, 91, 73, 68, 59, 45, 38, 27, 21, 9, 2, 1]
YTOT: [0, 0, 0, 0, 0, 0, 0, 0, 0, 0, 0, 0, 0, 0, 0, 0, 0, 0, 0, 0, 0, 0, 0, 0, 0, 0, 0, 0, 0, 0, 0, 0, 0, 0, 0, 0, 0, 0, 0, 0, 0, 0, 0, 0, 0, 0, 0, 2, 4, 6, 7, 8, 8, 10, 12, 14, 15, 18, 22, 26, 34, 40, 48, 70, 86, 123, 154, 188, 230, 286, 344, 407, 499, 573, 666, 780, 883, 1005, 1125, 1227, 1319, 1442, 1568, 1726, 1822, 1917, 2011, 2087, 2168, 2259, 2379, 2508, 2632, 2771, 2897, 3019, 3110, 3183, 3251, 3310, 3355, 3393, 3420, 3441, 3450, 3452, 3453]

INFO: Total Population: 2383286
INFO: R0: 2
INFO: Incubation Period: 5
INFO: Illness Period: 12
X:[0, 1, 2, 3, 4, 5, 6, 7, 8, 9, 10, 11, 12, 13, 14, 15, 16, 17, 18, 19, 20, 21, 22, 23, 24, 25, 26, 27, 28, 29, 30, 31, 32, 33, 34, 35, 36, 37, 38, 39, 40, 41, 42, 43, 44, 45, 46, 47, 48, 49, 50, 51, 52, 53, 54, 55, 56, 57, 58, 59, 60, 61, 62, 63, 64, 65, 66, 67, 68, 69, 70, 71, 72, 73, 74, 75, 76, 77, 78, 79, 80, 81, 82, 83, 84, 85, 86, 87, 88, 89, 90, 91, 92, 93, 94, 95, 96, 97, 98, 99, 100, 101, 102, 103, 104, 105, 106, 107]
YNEW:[0, 0, 0, 0, 0, 0, 0, 0, 0, 0, 0, 0, 0, 0, 0, 0, 0, 0, 0, 0, 0, 0, 0, 0, 0, 0, 0, 0, 0, 0, 0, 0, 0, 0, 0, 0, 0, 0, 0, 0, 0, 0, 0, 0, 0, 0, 0, 2, 2, 2, 1, 1, 0, 2, 2, 2, 1, 3, 4, 4, 8, 6, 8, 22, 16, 37, 31, 34, 42, 56, 58, 63, 92, 74, 93, 114, 103, 122, 120, 102, 92, 123, 126, 158, 101, 92, 110, 85, 79, 83, 107, 128, 129, 155, 143, 121, 86, 102, 73, 53, 47, 24, 30, 12, 9, 10, 1]
YTOT: [0, 0, 0, 0, 0, 0, 0, 0, 0, 0, 0, 0, 0, 0, 0, 0, 0, 0, 0, 0, 0, 0, 0, 0, 0, 0, 0, 0, 0, 0, 0, 0, 0, 0, 0, 0, 0, 0, 0, 0, 0, 0, 0, 0, 0, 0, 0, 2, 4, 6, 7, 8, 8, 10, 12, 14, 15, 18, 22, 26, 34, 40, 48, 70, 86, 123, 154, 188, 230, 286, 344, 407, 499, 573, 666, 780, 883, 1005, 1125, 1227, 1319, 1442, 1568, 1726, 1827, 1919, 2029, 2114, 2193, 2276, 2383, 2511, 2640, 2795, 2938, 3059, 3145, 3247, 3320, 3373, 3420, 3444, 3474, 3486, 3495, 3505, 3506]

INFO: Total Population: 2383286
INFO: R0: 2
INFO: Incubation Period: 5
INFO: Illness Period: 12
X:[0, 1, 2, 3, 4, 5, 6, 7, 8, 9, 10, 11, 12, 13, 14, 15, 16, 17, 18, 19, 20, 21, 22, 23, 24, 25, 26, 27, 28, 29, 30, 31, 32, 33, 34, 35, 36, 37, 38, 39, 40, 41, 42, 43, 44, 45, 46, 47, 48, 49, 50, 51, 52, 53, 54, 55, 56, 57, 58, 59, 60, 61, 62, 63, 64, 65, 66, 67, 68, 69, 70, 71, 72, 73, 74, 75, 76, 77, 78, 79, 80, 81, 82, 83, 84, 85, 86, 87, 88, 89, 90, 91, 92, 93, 94, 95, 96, 97, 98, 99, 100, 101, 102, 103, 104, 105, 106, 107]
YNEW:[0, 0, 0, 0, 0, 0, 0, 0, 0, 0, 0, 0, 0, 0, 0, 0, 0, 0, 0, 0, 0, 0, 0, 0, 0, 0, 0, 0, 0, 0, 0, 0, 0, 0, 0, 0, 0, 0, 0, 0, 0, 0, 0, 0, 0, 0, 0, 2, 2, 2, 1, 1, 0, 2, 2, 2, 1, 3, 4, 4, 8, 6, 8, 22, 16, 37, 31, 34, 42, 56, 58, 63, 92, 74, 93, 114, 103, 122, 120, 102, 92, 123, 126, 158, 95, 93, 101, 90, 88, 106, 106, 116, 145, 140, 155, 114, 75, 92, 88, 60, 51, 35, 31, 13, 9, 5, 1]
YTOT: [0, 0, 0, 0, 0, 0, 0, 0, 0, 0, 0, 0, 0, 0, 0, 0, 0, 0, 0, 0, 0, 0, 0, 0, 0, 0, 0, 0, 0, 0, 0, 0, 0, 0, 0, 0, 0, 0, 0, 0, 0, 0, 0, 0, 0, 0, 0, 2, 4, 6, 7, 8, 8, 10, 12, 14, 15, 18, 22, 26, 34, 40, 48, 70, 86, 123, 154, 188, 230, 286, 344, 407, 499, 573, 666, 780, 883, 1005, 1125, 1227, 1319, 1442, 1568, 1726, 1821, 1914, 2015, 2105, 2193, 2299, 2405, 2521, 2666, 2806, 2961, 3075, 3150, 3242, 3330, 3390, 3441, 3476, 3507, 3520, 3529, 3534, 3535]

INFO: Total Population: 2383286
INFO: R0: 2
INFO: Incubation Period: 5
INFO: Illness Period: 12
X:[0, 1, 2, 3, 4, 5, 6, 7, 8, 9, 10, 11, 12, 13, 14, 15, 16, 17, 18, 19, 20, 21, 22, 23, 24, 25, 26, 27, 28, 29, 30, 31, 32, 33, 34, 35, 36, 37, 38, 39, 40, 41, 42, 43, 44, 45, 46, 47, 48, 49, 50, 51, 52, 53, 54, 55, 56, 57, 58, 59, 60, 61, 62, 63, 64, 65, 66, 67, 68, 69, 70, 71, 72, 73, 74, 75, 76, 77, 78, 79, 80, 81, 82, 83, 84, 85, 86, 87, 88, 89, 90, 91, 92, 93, 94, 95, 96, 97, 98, 99, 100, 101, 102, 103, 104, 105, 106, 107]
YNEW:[0, 0, 0, 0, 0, 0, 0, 0, 0, 0, 0, 0, 0, 0, 0, 0, 0, 0, 0, 0, 0, 0, 0, 0, 0, 0, 0, 0, 0, 0, 0, 0, 0, 0, 0, 0, 0, 0, 0, 0, 0, 0, 0, 0, 0, 0, 0, 2, 2, 2, 1, 1, 0, 2, 2, 2, 1, 3, 4, 4, 8, 6, 8, 22, 16, 37, 31, 34, 42, 56, 58, 63, 92, 74, 93, 114, 103, 122, 120, 102, 92, 123, 126, 158, 108, 95, 102, 86, 77, 99, 97, 124, 154, 130, 148, 122, 105, 76, 69, 61, 51, 34, 24, 15, 14, 5, 3]
YTOT: [0, 0, 0, 0, 0, 0, 0, 0, 0, 0, 0, 0, 0, 0, 0, 0, 0, 0, 0, 0, 0, 0, 0, 0, 0, 0, 0, 0, 0, 0, 0, 0, 0, 0, 0, 0, 0, 0, 0, 0, 0, 0, 0, 0, 0, 0, 0, 2, 4, 6, 7, 8, 8, 10, 12, 14, 15, 18, 22, 26, 34, 40, 48, 70, 86, 123, 154, 188, 230, 286, 344, 407, 499, 573, 666, 780, 883, 1005, 1125, 1227, 1319, 1442, 1568, 1726, 1834, 1929, 2031, 2117, 2194, 2293, 2390, 2514, 2668, 2798, 2946, 3068, 3173, 3249, 3318, 3379, 3430, 3464, 3488, 3503, 3517, 3522, 3525]

INFO: Total Population: 2383286
INFO: R0: 2
INFO: Incubation Period: 5
INFO: Illness Period: 12
X:[0, 1, 2, 3, 4, 5, 6, 7, 8, 9, 10, 11, 12, 13, 14, 15, 16, 17, 18, 19, 20, 21, 22, 23, 24, 25, 26, 27, 28, 29, 30, 31, 32, 33, 34, 35, 36, 37, 38, 39, 40, 41, 42, 43, 44, 45, 46, 47, 48, 49, 50, 51, 52, 53, 54, 55, 56, 57, 58, 59, 60, 61, 62, 63, 64, 65, 66, 67, 68, 69, 70, 71, 72, 73, 74, 75, 76, 77, 78, 79, 80, 81, 82, 83, 84, 85, 86, 87, 88, 89, 90, 91, 92, 93, 94, 95, 96, 97, 98, 99, 100, 101, 102, 103, 104, 105, 106, 107]
YNEW:[0, 0, 0, 0, 0, 0, 0, 0, 0, 0, 0, 0, 0, 0, 0, 0, 0, 0, 0, 0, 0, 0, 0, 0, 0, 0, 0, 0, 0, 0, 0, 0, 0, 0, 0, 0, 0, 0, 0, 0, 0, 0, 0, 0, 0, 0, 0, 2, 2, 2, 1, 1, 0, 2, 2, 2, 1, 3, 4, 4, 8, 6, 8, 22, 16, 37, 31, 34, 42, 56, 58, 63, 92, 74, 93, 114, 103, 122, 120, 102, 92, 123, 126, 158, 101, 106, 93, 75, 87, 109, 110, 123, 146, 118, 147, 124, 84, 78, 90, 48, 45, 43, 34, 20, 20, 4, 1]
YTOT: [0, 0, 0, 0, 0, 0, 0, 0, 0, 0, 0, 0, 0, 0, 0, 0, 0, 0, 0, 0, 0, 0, 0, 0, 0, 0, 0, 0, 0, 0, 0, 0, 0, 0, 0, 0, 0, 0, 0, 0, 0, 0, 0, 0, 0, 0, 0, 2, 4, 6, 7, 8, 8, 10, 12, 14, 15, 18, 22, 26, 34, 40, 48, 70, 86, 123, 154, 188, 230, 286, 344, 407, 499, 573, 666, 780, 883, 1005, 1125, 1227, 1319, 1442, 1568, 1726, 1827, 1933, 2026, 2101, 2188, 2297, 2407, 2530, 2676, 2794, 2941, 3065, 3149, 3227, 3317, 3365, 3410, 3453, 3487, 3507, 3527, 3531, 3532]

INFO: Total Population: 2383286
INFO: R0: 2
INFO: Incubation Period: 5
INFO: Illness Period: 12
X:[0, 1, 2, 3, 4, 5, 6, 7, 8, 9, 10, 11, 12, 13, 14, 15, 16, 17, 18, 19, 20, 21, 22, 23, 24, 25, 26, 27, 28, 29, 30, 31, 32, 33, 34, 35, 36, 37, 38, 39, 40, 41, 42, 43, 44, 45, 46, 47, 48, 49, 50, 51, 52, 53, 54, 55, 56, 57, 58, 59, 60, 61, 62, 63, 64, 65, 66, 67, 68, 69, 70, 71, 72, 73, 74, 75, 76, 77, 78, 79, 80, 81, 82, 83, 84, 85, 86, 87, 88, 89, 90, 91, 92, 93, 94, 95, 96, 97, 98, 99, 100, 101, 102, 103, 104, 105, 106, 107]
YNEW:[0, 0, 0, 0, 0, 0, 0, 0, 0, 0, 0, 0, 0, 0, 0, 0, 0, 0, 0, 0, 0, 0, 0, 0, 0, 0, 0, 0, 0, 0, 0, 0, 0, 0, 0, 0, 0, 0, 0, 0, 0, 0, 0, 0, 0, 0, 0, 2, 2, 2, 1, 1, 0, 2, 2, 2, 1, 3, 4, 4, 8, 6, 8, 22, 16, 37, 31, 34, 42, 56, 58, 63, 92, 74, 93, 114, 103, 122, 120, 102, 92, 123, 126, 158, 92, 99, 93, 86, 80, 67, 121, 120, 129, 166, 132, 96, 87, 80, 71, 69, 34, 32, 21, 16, 14, 7, 2]
YTOT: [0, 0, 0, 0, 0, 0, 0, 0, 0, 0, 0, 0, 0, 0, 0, 0, 0, 0, 0, 0, 0, 0, 0, 0, 0, 0, 0, 0, 0, 0, 0, 0, 0, 0, 0, 0, 0, 0, 0, 0, 0, 0, 0, 0, 0, 0, 0, 2, 4, 6, 7, 8, 8, 10, 12, 14, 15, 18, 22, 26, 34, 40, 48, 70, 86, 123, 154, 188, 230, 286, 344, 407, 499, 573, 666, 780, 883, 1005, 1125, 1227, 1319, 1442, 1568, 1726, 1818, 1917, 2010, 2096, 2176, 2243, 2364, 2484, 2613, 2779, 2911, 3007, 3094, 3174, 3245, 3314, 3348, 3380, 3401, 3417, 3431, 3438, 3440]

INFO: Total Population: 2383286
INFO: R0: 2
INFO: Incubation Period: 5
INFO: Illness Period: 12
X:[0, 1, 2, 3, 4, 5, 6, 7, 8, 9, 10, 11, 12, 13, 14, 15, 16, 17, 18, 19, 20, 21, 22, 23, 24, 25, 26, 27, 28, 29, 30, 31, 32, 33, 34, 35, 36, 37, 38, 39, 40, 41, 42, 43, 44, 45, 46, 47, 48, 49, 50, 51, 52, 53, 54, 55, 56, 57, 58, 59, 60, 61, 62, 63, 64, 65, 66, 67, 68, 69, 70, 71, 72, 73, 74, 75, 76, 77, 78, 79, 80, 81, 82, 83, 84, 85, 86, 87, 88, 89, 90, 91, 92, 93, 94, 95, 96, 97, 98, 99, 100, 101, 102, 103, 104, 105, 106, 107]
YNEW:[0, 0, 0, 0, 0, 0, 0, 0, 0, 0, 0, 0, 0, 0, 0, 0, 0, 0, 0, 0, 0, 0, 0, 0, 0, 0, 0, 0, 0, 0, 0, 0, 0, 0, 0, 0, 0, 0, 0, 0, 0, 0, 0, 0, 0, 0, 0, 2, 2, 2, 1, 1, 0, 2, 2, 2, 1, 3, 4, 4, 8, 6, 8, 22, 16, 37, 31, 34, 42, 56, 58, 63, 92, 74, 93, 114, 103, 122, 120, 102, 92, 123, 126, 158, 98, 104, 89, 92, 70, 70, 118, 126, 146, 139, 149, 116, 84, 62, 68, 62, 43, 35, 23, 11, 5, 9, 1]
YTOT: [0, 0, 0, 0, 0, 0, 0, 0, 0, 0, 0, 0, 0, 0, 0, 0, 0, 0, 0, 0, 0, 0, 0, 0, 0, 0, 0, 0, 0, 0, 0, 0, 0, 0, 0, 0, 0, 0, 0, 0, 0, 0, 0, 0, 0, 0, 0, 2, 4, 6, 7, 8, 8, 10, 12, 14, 15, 18, 22, 26, 34, 40, 48, 70, 86, 123, 154, 188, 230, 286, 344, 407, 499, 573, 666, 780, 883, 1005, 1125, 1227, 1319, 1442, 1568, 1726, 1824, 1928, 2017, 2109, 2179, 2249, 2367, 2493, 2639, 2778, 2927, 3043, 3127, 3189, 3257, 3319, 3362, 3397, 3420, 3431, 3436, 3445, 3446]

END