

INFO: Total Population: 2383286
INFO: R0: 2
INFO: Incubation Period: 5
INFO: Illness Period: 12
X:[0, 1, 2, 3, 4, 5, 6, 7, 8, 9, 10, 11, 12, 13, 14, 15, 16, 17, 18, 19, 20, 21, 22, 23, 24, 25, 26, 27, 28, 29, 30, 31, 32, 33, 34, 35, 36, 37, 38, 39, 40, 41, 42, 43, 44, 45, 46, 47, 48, 49, 50, 51, 52, 53, 54, 55, 56, 57, 58, 59, 60, 61, 62, 63, 64, 65, 66, 67, 68, 69, 70, 71, 72, 73, 74, 75, 76, 77, 78, 79, 80, 81, 82, 83, 84, 85, 86, 87, 88, 89, 90, 91, 92, 93, 94, 95, 96, 97, 98, 99, 100, 101, 102, 103, 104, 105, 106]
YNEW:[0, 0, 0, 0, 0, 0, 0, 0, 0, 0, 0, 0, 0, 0, 0, 0, 0, 0, 0, 0, 0, 0, 0, 0, 0, 0, 0, 0, 0, 0, 0, 0, 0, 0, 0, 0, 0, 0, 0, 0, 0, 0, 0, 0, 0, 0, 0, 2, 2, 2, 1, 1, 0, 2, 2, 2, 1, 3, 4, 4, 8, 6, 8, 22, 16, 37, 31, 34, 42, 56, 58, 63, 92, 74, 93, 114, 103, 122, 120, 102, 92, 123, 126, 158, 122, 87, 121, 92, 80, 96, 89, 118, 130, 139, 151, 126, 86, 72, 64, 52, 38, 37, 23, 16, 15, 4]
YTOT: [0, 0, 0, 0, 0, 0, 0, 0, 0, 0, 0, 0, 0, 0, 0, 0, 0, 0, 0, 0, 0, 0, 0, 0, 0, 0, 0, 0, 0, 0, 0, 0, 0, 0, 0, 0, 0, 0, 0, 0, 0, 0, 0, 0, 0, 0, 0, 2, 4, 6, 7, 8, 8, 10, 12, 14, 15, 18, 22, 26, 34, 40, 48, 70, 86, 123, 154, 188, 230, 286, 344, 407, 499, 573, 666, 780, 883, 1005, 1125, 1227, 1319, 1442, 1568, 1726, 1848, 1935, 2056, 2148, 2228, 2324, 2413, 2531, 2661, 2800, 2951, 3077, 3163, 3235, 3299, 3351, 3389, 3426, 3449, 3465, 3480, 3484]

INFO: Total Population: 2383286
INFO: R0: 2
INFO: Incubation Period: 5
INFO: Illness Period: 12
X:[0, 1, 2, 3, 4, 5, 6, 7, 8, 9, 10, 11, 12, 13, 14, 15, 16, 17, 18, 19, 20, 21, 22, 23, 24, 25, 26, 27, 28, 29, 30, 31, 32, 33, 34, 35, 36, 37, 38, 39, 40, 41, 42, 43, 44, 45, 46, 47, 48, 49, 50, 51, 52, 53, 54, 55, 56, 57, 58, 59, 60, 61, 62, 63, 64, 65, 66, 67, 68, 69, 70, 71, 72, 73, 74, 75, 76, 77, 78, 79, 80, 81, 82, 83, 84, 85, 86, 87, 88, 89, 90, 91, 92, 93, 94, 95, 96, 97, 98, 99, 100, 101, 102, 103, 104, 105, 106, 107]
YNEW:[0, 0, 0, 0, 0, 0, 0, 0, 0, 0, 0, 0, 0, 0, 0, 0, 0, 0, 0, 0, 0, 0, 0, 0, 0, 0, 0, 0, 0, 0, 0, 0, 0, 0, 0, 0, 0, 0, 0, 0, 0, 0, 0, 0, 0, 0, 0, 2, 2, 2, 1, 1, 0, 2, 2, 2, 1, 3, 4, 4, 8, 6, 8, 22, 16, 37, 31, 34, 42, 56, 58, 63, 92, 74, 93, 114, 103, 122, 120, 102, 92, 123, 126, 158, 108, 101, 104, 89, 70, 94, 114, 108, 139, 141, 124, 98, 91, 66, 62, 47, 47, 44, 19, 12, 13, 5, 1]
YTOT: [0, 0, 0, 0, 0, 0, 0, 0, 0, 0, 0, 0, 0, 0, 0, 0, 0, 0, 0, 0, 0, 0, 0, 0, 0, 0, 0, 0, 0, 0, 0, 0, 0, 0, 0, 0, 0, 0, 0, 0, 0, 0, 0, 0, 0, 0, 0, 2, 4, 6, 7, 8, 8, 10, 12, 14, 15, 18, 22, 26, 34, 40, 48, 70, 86, 123, 154, 188, 230, 286, 344, 407, 499, 573, 666, 780, 883, 1005, 1125, 1227, 1319, 1442, 1568, 1726, 1834, 1935, 2039, 2128, 2198, 2292, 2406, 2514, 2653, 2794, 2918, 3016, 3107, 3173, 3235, 3282, 3329, 3373, 3392, 3404, 3417, 3422, 3423]

INFO: Total Population: 2383286
INFO: R0: 2
INFO: Incubation Period: 5
INFO: Illness Period: 12
X:[0, 1, 2, 3, 4, 5, 6, 7, 8, 9, 10, 11, 12, 13, 14, 15, 16, 17, 18, 19, 20, 21, 22, 23, 24, 25, 26, 27, 28, 29, 30, 31, 32, 33, 34, 35, 36, 37, 38, 39, 40, 41, 42, 43, 44, 45, 46, 47, 48, 49, 50, 51, 52, 53, 54, 55, 56, 57, 58, 59, 60, 61, 62, 63, 64, 65, 66, 67, 68, 69, 70, 71, 72, 73, 74, 75, 76, 77, 78, 79, 80, 81, 82, 83, 84, 85, 86, 87, 88, 89, 90, 91, 92, 93, 94, 95, 96, 97, 98, 99, 100, 101, 102, 103, 104, 105, 106, 107]
YNEW:[0, 0, 0, 0, 0, 0, 0, 0, 0, 0, 0, 0, 0, 0, 0, 0, 0, 0, 0, 0, 0, 0, 0, 0, 0, 0, 0, 0, 0, 0, 0, 0, 0, 0, 0, 0, 0, 0, 0, 0, 0, 0, 0, 0, 0, 0, 0, 2, 2, 2, 1, 1, 0, 2, 2, 2, 1, 3, 4, 4, 8, 6, 8, 22, 16, 37, 31, 34, 42, 56, 58, 63, 92, 74, 93, 114, 103, 122, 120, 102, 92, 123, 126, 158, 94, 107, 97, 79, 94, 83, 107, 117, 138, 129, 144, 104, 75, 60, 68, 51, 42, 36, 18, 18, 7, 3, 4]
YTOT: [0, 0, 0, 0, 0, 0, 0, 0, 0, 0, 0, 0, 0, 0, 0, 0, 0, 0, 0, 0, 0, 0, 0, 0, 0, 0, 0, 0, 0, 0, 0, 0, 0, 0, 0, 0, 0, 0, 0, 0, 0, 0, 0, 0, 0, 0, 0, 2, 4, 6, 7, 8, 8, 10, 12, 14, 15, 18, 22, 26, 34, 40, 48, 70, 86, 123, 154, 188, 230, 286, 344, 407, 499, 573, 666, 780, 883, 1005, 1125, 1227, 1319, 1442, 1568, 1726, 1820, 1927, 2024, 2103, 2197, 2280, 2387, 2504, 2642, 2771, 2915, 3019, 3094, 3154, 3222, 3273, 3315, 3351, 3369, 3387, 3394, 3397, 3401]

INFO: Total Population: 2383286
INFO: R0: 2
INFO: Incubation Period: 5
INFO: Illness Period: 12
X:[0, 1, 2, 3, 4, 5, 6, 7, 8, 9, 10, 11, 12, 13, 14, 15, 16, 17, 18, 19, 20, 21, 22, 23, 24, 25, 26, 27, 28, 29, 30, 31, 32, 33, 34, 35, 36, 37, 38, 39, 40, 41, 42, 43, 44, 45, 46, 47, 48, 49, 50, 51, 52, 53, 54, 55, 56, 57, 58, 59, 60, 61, 62, 63, 64, 65, 66, 67, 68, 69, 70, 71, 72, 73, 74, 75, 76, 77, 78, 79, 80, 81, 82, 83, 84, 85, 86, 87, 88, 89, 90, 91, 92, 93, 94, 95, 96, 97, 98, 99, 100, 101, 102, 103, 104, 105, 106, 107]
YNEW:[0, 0, 0, 0, 0, 0, 0, 0, 0, 0, 0, 0, 0, 0, 0, 0, 0, 0, 0, 0, 0, 0, 0, 0, 0, 0, 0, 0, 0, 0, 0, 0, 0, 0, 0, 0, 0, 0, 0, 0, 0, 0, 0, 0, 0, 0, 0, 2, 2, 2, 1, 1, 0, 2, 2, 2, 1, 3, 4, 4, 8, 6, 8, 22, 16, 37, 31, 34, 42, 56, 58, 63, 92, 74, 93, 114, 103, 122, 120, 102, 92, 123, 126, 158, 116, 105, 83, 91, 84, 113, 132, 117, 123, 141, 132, 117, 93, 72, 73, 48, 40, 33, 20, 18, 12, 5, 1]
YTOT: [0, 0, 0, 0, 0, 0, 0, 0, 0, 0, 0, 0, 0, 0, 0, 0, 0, 0, 0, 0, 0, 0, 0, 0, 0, 0, 0, 0, 0, 0, 0, 0, 0, 0, 0, 0, 0, 0, 0, 0, 0, 0, 0, 0, 0, 0, 0, 2, 4, 6, 7, 8, 8, 10, 12, 14, 15, 18, 22, 26, 34, 40, 48, 70, 86, 123, 154, 188, 230, 286, 344, 407, 499, 573, 666, 780, 883, 1005, 1125, 1227, 1319, 1442, 1568, 1726, 1842, 1947, 2030, 2121, 2205, 2318, 2450, 2567, 2690, 2831, 2963, 3080, 3173, 3245, 3318, 3366, 3406, 3439, 3459, 3477, 3489, 3494, 3495]

INFO: Total Population: 2383286
INFO: R0: 2
INFO: Incubation Period: 5
INFO: Illness Period: 12
X:[0, 1, 2, 3, 4, 5, 6, 7, 8, 9, 10, 11, 12, 13, 14, 15, 16, 17, 18, 19, 20, 21, 22, 23, 24, 25, 26, 27, 28, 29, 30, 31, 32, 33, 34, 35, 36, 37, 38, 39, 40, 41, 42, 43, 44, 45, 46, 47, 48, 49, 50, 51, 52, 53, 54, 55, 56, 57, 58, 59, 60, 61, 62, 63, 64, 65, 66, 67, 68, 69, 70, 71, 72, 73, 74, 75, 76, 77, 78, 79, 80, 81, 82, 83, 84, 85, 86, 87, 88, 89, 90, 91, 92, 93, 94, 95, 96, 97, 98, 99, 100, 101, 102, 103, 104, 105, 106]
YNEW:[0, 0, 0, 0, 0, 0, 0, 0, 0, 0, 0, 0, 0, 0, 0, 0, 0, 0, 0, 0, 0, 0, 0, 0, 0, 0, 0, 0, 0, 0, 0, 0, 0, 0, 0, 0, 0, 0, 0, 0, 0, 0, 0, 0, 0, 0, 0, 2, 2, 2, 1, 1, 0, 2, 2, 2, 1, 3, 4, 4, 8, 6, 8, 22, 16, 37, 31, 34, 42, 56, 58, 63, 92, 74, 93, 114, 103, 122, 120, 102, 92, 123, 126, 158, 106, 105, 94, 100, 79, 96, 115, 122, 121, 144, 125, 105, 83, 70, 74, 57, 48, 39, 23, 15, 8, 4]
YTOT: [0, 0, 0, 0, 0, 0, 0, 0, 0, 0, 0, 0, 0, 0, 0, 0, 0, 0, 0, 0, 0, 0, 0, 0, 0, 0, 0, 0, 0, 0, 0, 0, 0, 0, 0, 0, 0, 0, 0, 0, 0, 0, 0, 0, 0, 0, 0, 2, 4, 6, 7, 8, 8, 10, 12, 14, 15, 18, 22, 26, 34, 40, 48, 70, 86, 123, 154, 188, 230, 286, 344, 407, 499, 573, 666, 780, 883, 1005, 1125, 1227, 1319, 1442, 1568, 1726, 1832, 1937, 2031, 2131, 2210, 2306, 2421, 2543, 2664, 2808, 2933, 3038, 3121, 3191, 3265, 3322, 3370, 3409, 3432, 3447, 3455, 3459]

INFO: Total Population: 2383286
INFO: R0: 2
INFO: Incubation Period: 5
INFO: Illness Period: 12
X:[0, 1, 2, 3, 4, 5, 6, 7, 8, 9, 10, 11, 12, 13, 14, 15, 16, 17, 18, 19, 20, 21, 22, 23, 24, 25, 26, 27, 28, 29, 30, 31, 32, 33, 34, 35, 36, 37, 38, 39, 40, 41, 42, 43, 44, 45, 46, 47, 48, 49, 50, 51, 52, 53, 54, 55, 56, 57, 58, 59, 60, 61, 62, 63, 64, 65, 66, 67, 68, 69, 70, 71, 72, 73, 74, 75, 76, 77, 78, 79, 80, 81, 82, 83, 84, 85, 86, 87, 88, 89, 90, 91, 92, 93, 94, 95, 96, 97, 98, 99, 100, 101, 102, 103, 104, 105, 106]
YNEW:[0, 0, 0, 0, 0, 0, 0, 0, 0, 0, 0, 0, 0, 0, 0, 0, 0, 0, 0, 0, 0, 0, 0, 0, 0, 0, 0, 0, 0, 0, 0, 0, 0, 0, 0, 0, 0, 0, 0, 0, 0, 0, 0, 0, 0, 0, 0, 2, 2, 2, 1, 1, 0, 2, 2, 2, 1, 3, 4, 4, 8, 6, 8, 22, 16, 37, 31, 34, 42, 56, 58, 63, 92, 74, 93, 114, 103, 122, 120, 102, 92, 123, 126, 158, 101, 105, 115, 102, 76, 75, 111, 130, 154, 127, 146, 98, 95, 90, 56, 42, 44, 26, 22, 13, 7, 7]
YTOT: [0, 0, 0, 0, 0, 0, 0, 0, 0, 0, 0, 0, 0, 0, 0, 0, 0, 0, 0, 0, 0, 0, 0, 0, 0, 0, 0, 0, 0, 0, 0, 0, 0, 0, 0, 0, 0, 0, 0, 0, 0, 0, 0, 0, 0, 0, 0, 2, 4, 6, 7, 8, 8, 10, 12, 14, 15, 18, 22, 26, 34, 40, 48, 70, 86, 123, 154, 188, 230, 286, 344, 407, 499, 573, 666, 780, 883, 1005, 1125, 1227, 1319, 1442, 1568, 1726, 1827, 1932, 2047, 2149, 2225, 2300, 2411, 2541, 2695, 2822, 2968, 3066, 3161, 3251, 3307, 3349, 3393, 3419, 3441, 3454, 3461, 3468]

INFO: Total Population: 2383286
INFO: R0: 2
INFO: Incubation Period: 5
INFO: Illness Period: 12
X:[0, 1, 2, 3, 4, 5, 6, 7, 8, 9, 10, 11, 12, 13, 14, 15, 16, 17, 18, 19, 20, 21, 22, 23, 24, 25, 26, 27, 28, 29, 30, 31, 32, 33, 34, 35, 36, 37, 38, 39, 40, 41, 42, 43, 44, 45, 46, 47, 48, 49, 50, 51, 52, 53, 54, 55, 56, 57, 58, 59, 60, 61, 62, 63, 64, 65, 66, 67, 68, 69, 70, 71, 72, 73, 74, 75, 76, 77, 78, 79, 80, 81, 82, 83, 84, 85, 86, 87, 88, 89, 90, 91, 92, 93, 94, 95, 96, 97, 98, 99, 100, 101, 102, 103, 104, 105, 106, 107]
YNEW:[0, 0, 0, 0, 0, 0, 0, 0, 0, 0, 0, 0, 0, 0, 0, 0, 0, 0, 0, 0, 0, 0, 0, 0, 0, 0, 0, 0, 0, 0, 0, 0, 0, 0, 0, 0, 0, 0, 0, 0, 0, 0, 0, 0, 0, 0, 0, 2, 2, 2, 1, 1, 0, 2, 2, 2, 1, 3, 4, 4, 8, 6, 8, 22, 16, 37, 31, 34, 42, 56, 58, 63, 92, 74, 93, 114, 103, 122, 120, 102, 92, 123, 126, 158, 97, 108, 94, 80, 80, 59, 108, 127, 114, 161, 127, 111, 76, 59, 68, 42, 40, 28, 23, 8, 3, 4, 1]
YTOT: [0, 0, 0, 0, 0, 0, 0, 0, 0, 0, 0, 0, 0, 0, 0, 0, 0, 0, 0, 0, 0, 0, 0, 0, 0, 0, 0, 0, 0, 0, 0, 0, 0, 0, 0, 0, 0, 0, 0, 0, 0, 0, 0, 0, 0, 0, 0, 2, 4, 6, 7, 8, 8, 10, 12, 14, 15, 18, 22, 26, 34, 40, 48, 70, 86, 123, 154, 188, 230, 286, 344, 407, 499, 573, 666, 780, 883, 1005, 1125, 1227, 1319, 1442, 1568, 1726, 1823, 1931, 2025, 2105, 2185, 2244, 2352, 2479, 2593, 2754, 2881, 2992, 3068, 3127, 3195, 3237, 3277, 3305, 3328, 3336, 3339, 3343, 3344]

INFO: Total Population: 2383286
INFO: R0: 2
INFO: Incubation Period: 5
INFO: Illness Period: 12
X:[0, 1, 2, 3, 4, 5, 6, 7, 8, 9, 10, 11, 12, 13, 14, 15, 16, 17, 18, 19, 20, 21, 22, 23, 24, 25, 26, 27, 28, 29, 30, 31, 32, 33, 34, 35, 36, 37, 38, 39, 40, 41, 42, 43, 44, 45, 46, 47, 48, 49, 50, 51, 52, 53, 54, 55, 56, 57, 58, 59, 60, 61, 62, 63, 64, 65, 66, 67, 68, 69, 70, 71, 72, 73, 74, 75, 76, 77, 78, 79, 80, 81, 82, 83, 84, 85, 86, 87, 88, 89, 90, 91, 92, 93, 94, 95, 96, 97, 98, 99, 100, 101, 102, 103, 104, 105, 106]
YNEW:[0, 0, 0, 0, 0, 0, 0, 0, 0, 0, 0, 0, 0, 0, 0, 0, 0, 0, 0, 0, 0, 0, 0, 0, 0, 0, 0, 0, 0, 0, 0, 0, 0, 0, 0, 0, 0, 0, 0, 0, 0, 0, 0, 0, 0, 0, 0, 2, 2, 2, 1, 1, 0, 2, 2, 2, 1, 3, 4, 4, 8, 6, 8, 22, 16, 37, 31, 34, 42, 56, 58, 63, 92, 74, 93, 114, 103, 122, 120, 102, 92, 123, 126, 158, 106, 103, 97, 89, 75, 76, 127, 121, 111, 120, 126, 102, 87, 74, 59, 55, 53, 27, 20, 8, 7, 2]
YTOT: [0, 0, 0, 0, 0, 0, 0, 0, 0, 0, 0, 0, 0, 0, 0, 0, 0, 0, 0, 0, 0, 0, 0, 0, 0, 0, 0, 0, 0, 0, 0, 0, 0, 0, 0, 0, 0, 0, 0, 0, 0, 0, 0, 0, 0, 0, 0, 2, 4, 6, 7, 8, 8, 10, 12, 14, 15, 18, 22, 26, 34, 40, 48, 70, 86, 123, 154, 188, 230, 286, 344, 407, 499, 573, 666, 780, 883, 1005, 1125, 1227, 1319, 1442, 1568, 1726, 1832, 1935, 2032, 2121, 2196, 2272, 2399, 2520, 2631, 2751, 2877, 2979, 3066, 3140, 3199, 3254, 3307, 3334, 3354, 3362, 3369, 3371]

INFO: Total Population: 2383286
INFO: R0: 2
INFO: Incubation Period: 5
INFO: Illness Period: 12
X:[0, 1, 2, 3, 4, 5, 6, 7, 8, 9, 10, 11, 12, 13, 14, 15, 16, 17, 18, 19, 20, 21, 22, 23, 24, 25, 26, 27, 28, 29, 30, 31, 32, 33, 34, 35, 36, 37, 38, 39, 40, 41, 42, 43, 44, 45, 46, 47, 48, 49, 50, 51, 52, 53, 54, 55, 56, 57, 58, 59, 60, 61, 62, 63, 64, 65, 66, 67, 68, 69, 70, 71, 72, 73, 74, 75, 76, 77, 78, 79, 80, 81, 82, 83, 84, 85, 86, 87, 88, 89, 90, 91, 92, 93, 94, 95, 96, 97, 98, 99, 100, 101, 102, 103, 104, 105, 106, 107]
YNEW:[0, 0, 0, 0, 0, 0, 0, 0, 0, 0, 0, 0, 0, 0, 0, 0, 0, 0, 0, 0, 0, 0, 0, 0, 0, 0, 0, 0, 0, 0, 0, 0, 0, 0, 0, 0, 0, 0, 0, 0, 0, 0, 0, 0, 0, 0, 0, 2, 2, 2, 1, 1, 0, 2, 2, 2, 1, 3, 4, 4, 8, 6, 8, 22, 16, 37, 31, 34, 42, 56, 58, 63, 92, 74, 93, 114, 103, 122, 120, 102, 92, 123, 126, 158, 103, 104, 110, 77, 71, 107, 88, 117, 134, 130, 134, 120, 77, 73, 77, 48, 48, 25, 25, 18, 8, 4, 2]
YTOT: [0, 0, 0, 0, 0, 0, 0, 0, 0, 0, 0, 0, 0, 0, 0, 0, 0, 0, 0, 0, 0, 0, 0, 0, 0, 0, 0, 0, 0, 0, 0, 0, 0, 0, 0, 0, 0, 0, 0, 0, 0, 0, 0, 0, 0, 0, 0, 2, 4, 6, 7, 8, 8, 10, 12, 14, 15, 18, 22, 26, 34, 40, 48, 70, 86, 123, 154, 188, 230, 286, 344, 407, 499, 573, 666, 780, 883, 1005, 1125, 1227, 1319, 1442, 1568, 1726, 1829, 1933, 2043, 2120, 2191, 2298, 2386, 2503, 2637, 2767, 2901, 3021, 3098, 3171, 3248, 3296, 3344, 3369, 3394, 3412, 3420, 3424, 3426]

INFO: Total Population: 2383286
INFO: R0: 2
INFO: Incubation Period: 5
INFO: Illness Period: 12
X:[0, 1, 2, 3, 4, 5, 6, 7, 8, 9, 10, 11, 12, 13, 14, 15, 16, 17, 18, 19, 20, 21, 22, 23, 24, 25, 26, 27, 28, 29, 30, 31, 32, 33, 34, 35, 36, 37, 38, 39, 40, 41, 42, 43, 44, 45, 46, 47, 48, 49, 50, 51, 52, 53, 54, 55, 56, 57, 58, 59, 60, 61, 62, 63, 64, 65, 66, 67, 68, 69, 70, 71, 72, 73, 74, 75, 76, 77, 78, 79, 80, 81, 82, 83, 84, 85, 86, 87, 88, 89, 90, 91, 92, 93, 94, 95, 96, 97, 98, 99, 100, 101, 102, 103, 104, 105, 106]
YNEW:[0, 0, 0, 0, 0, 0, 0, 0, 0, 0, 0, 0, 0, 0, 0, 0, 0, 0, 0, 0, 0, 0, 0, 0, 0, 0, 0, 0, 0, 0, 0, 0, 0, 0, 0, 0, 0, 0, 0, 0, 0, 0, 0, 0, 0, 0, 0, 2, 2, 2, 1, 1, 0, 2, 2, 2, 1, 3, 4, 4, 8, 6, 8, 22, 16, 37, 31, 34, 42, 56, 58, 63, 92, 74, 93, 114, 103, 122, 120, 102, 92, 123, 126, 158, 88, 108, 114, 88, 81, 88, 92, 155, 134, 127, 112, 113, 78, 77, 59, 53, 61, 32, 24, 14, 7, 5]
YTOT: [0, 0, 0, 0, 0, 0, 0, 0, 0, 0, 0, 0, 0, 0, 0, 0, 0, 0, 0, 0, 0, 0, 0, 0, 0, 0, 0, 0, 0, 0, 0, 0, 0, 0, 0, 0, 0, 0, 0, 0, 0, 0, 0, 0, 0, 0, 0, 2, 4, 6, 7, 8, 8, 10, 12, 14, 15, 18, 22, 26, 34, 40, 48, 70, 86, 123, 154, 188, 230, 286, 344, 407, 499, 573, 666, 780, 883, 1005, 1125, 1227, 1319, 1442, 1568, 1726, 1814, 1922, 2036, 2124, 2205, 2293, 2385, 2540, 2674, 2801, 2913, 3026, 3104, 3181, 3240, 3293, 3354, 3386, 3410, 3424, 3431, 3436]

INFO: Total Population: 2383286
INFO: R0: 2
INFO: Incubation Period: 5
INFO: Illness Period: 12
X:[0, 1, 2, 3, 4, 5, 6, 7, 8, 9, 10, 11, 12, 13, 14, 15, 16, 17, 18, 19, 20, 21, 22, 23, 24, 25, 26, 27, 28, 29, 30, 31, 32, 33, 34, 35, 36, 37, 38, 39, 40, 41, 42, 43, 44, 45, 46, 47, 48, 49, 50, 51, 52, 53, 54, 55, 56, 57, 58, 59, 60, 61, 62, 63, 64, 65, 66, 67, 68, 69, 70, 71, 72, 73, 74, 75, 76, 77, 78, 79, 80, 81, 82, 83, 84, 85, 86, 87, 88, 89, 90, 91, 92, 93, 94, 95, 96, 97, 98, 99, 100, 101, 102, 103, 104, 105, 106, 107]
YNEW:[0, 0, 0, 0, 0, 0, 0, 0, 0, 0, 0, 0, 0, 0, 0, 0, 0, 0, 0, 0, 0, 0, 0, 0, 0, 0, 0, 0, 0, 0, 0, 0, 0, 0, 0, 0, 0, 0, 0, 0, 0, 0, 0, 0, 0, 0, 0, 2, 2, 2, 1, 1, 0, 2, 2, 2, 1, 3, 4, 4, 8, 6, 8, 22, 16, 37, 31, 34, 42, 56, 58, 63, 92, 74, 93, 114, 103, 122, 120, 102, 92, 123, 126, 158, 110, 96, 102, 88, 89, 99, 95, 132, 130, 118, 163, 97, 77, 82, 63, 52, 42, 42, 30, 18, 9, 8, 3]
YTOT: [0, 0, 0, 0, 0, 0, 0, 0, 0, 0, 0, 0, 0, 0, 0, 0, 0, 0, 0, 0, 0, 0, 0, 0, 0, 0, 0, 0, 0, 0, 0, 0, 0, 0, 0, 0, 0, 0, 0, 0, 0, 0, 0, 0, 0, 0, 0, 2, 4, 6, 7, 8, 8, 10, 12, 14, 15, 18, 22, 26, 34, 40, 48, 70, 86, 123, 154, 188, 230, 286, 344, 407, 499, 573, 666, 780, 883, 1005, 1125, 1227, 1319, 1442, 1568, 1726, 1836, 1932, 2034, 2122, 2211, 2310, 2405, 2537, 2667, 2785, 2948, 3045, 3122, 3204, 3267, 3319, 3361, 3403, 3433, 3451, 3460, 3468, 3471]

INFO: Total Population: 2383286
INFO: R0: 2
INFO: Incubation Period: 5
INFO: Illness Period: 12
X:[0, 1, 2, 3, 4, 5, 6, 7, 8, 9, 10, 11, 12, 13, 14, 15, 16, 17, 18, 19, 20, 21, 22, 23, 24, 25, 26, 27, 28, 29, 30, 31, 32, 33, 34, 35, 36, 37, 38, 39, 40, 41, 42, 43, 44, 45, 46, 47, 48, 49, 50, 51, 52, 53, 54, 55, 56, 57, 58, 59, 60, 61, 62, 63, 64, 65, 66, 67, 68, 69, 70, 71, 72, 73, 74, 75, 76, 77, 78, 79, 80, 81, 82, 83, 84, 85, 86, 87, 88, 89, 90, 91, 92, 93, 94, 95, 96, 97, 98, 99, 100, 101, 102, 103, 104, 105, 106]
YNEW:[0, 0, 0, 0, 0, 0, 0, 0, 0, 0, 0, 0, 0, 0, 0, 0, 0, 0, 0, 0, 0, 0, 0, 0, 0, 0, 0, 0, 0, 0, 0, 0, 0, 0, 0, 0, 0, 0, 0, 0, 0, 0, 0, 0, 0, 0, 0, 2, 2, 2, 1, 1, 0, 2, 2, 2, 1, 3, 4, 4, 8, 6, 8, 22, 16, 37, 31, 34, 42, 56, 58, 63, 92, 74, 93, 114, 103, 122, 120, 102, 92, 123, 126, 158, 86, 113, 91, 94, 76, 78, 102, 116, 127, 135, 141, 100, 76, 79, 67, 49, 41, 26, 20, 8, 7, 3]
YTOT: [0, 0, 0, 0, 0, 0, 0, 0, 0, 0, 0, 0, 0, 0, 0, 0, 0, 0, 0, 0, 0, 0, 0, 0, 0, 0, 0, 0, 0, 0, 0, 0, 0, 0, 0, 0, 0, 0, 0, 0, 0, 0, 0, 0, 0, 0, 0, 2, 4, 6, 7, 8, 8, 10, 12, 14, 15, 18, 22, 26, 34, 40, 48, 70, 86, 123, 154, 188, 230, 286, 344, 407, 499, 573, 666, 780, 883, 1005, 1125, 1227, 1319, 1442, 1568, 1726, 1812, 1925, 2016, 2110, 2186, 2264, 2366, 2482, 2609, 2744, 2885, 2985, 3061, 3140, 3207, 3256, 3297, 3323, 3343, 3351, 3358, 3361]

INFO: Total Population: 2383286
INFO: R0: 2
INFO: Incubation Period: 5
INFO: Illness Period: 12
X:[0, 1, 2, 3, 4, 5, 6, 7, 8, 9, 10, 11, 12, 13, 14, 15, 16, 17, 18, 19, 20, 21, 22, 23, 24, 25, 26, 27, 28, 29, 30, 31, 32, 33, 34, 35, 36, 37, 38, 39, 40, 41, 42, 43, 44, 45, 46, 47, 48, 49, 50, 51, 52, 53, 54, 55, 56, 57, 58, 59, 60, 61, 62, 63, 64, 65, 66, 67, 68, 69, 70, 71, 72, 73, 74, 75, 76, 77, 78, 79, 80, 81, 82, 83, 84, 85, 86, 87, 88, 89, 90, 91, 92, 93, 94, 95, 96, 97, 98, 99, 100, 101, 102, 103, 104, 105, 106, 107]
YNEW:[0, 0, 0, 0, 0, 0, 0, 0, 0, 0, 0, 0, 0, 0, 0, 0, 0, 0, 0, 0, 0, 0, 0, 0, 0, 0, 0, 0, 0, 0, 0, 0, 0, 0, 0, 0, 0, 0, 0, 0, 0, 0, 0, 0, 0, 0, 0, 2, 2, 2, 1, 1, 0, 2, 2, 2, 1, 3, 4, 4, 8, 6, 8, 22, 16, 37, 31, 34, 42, 56, 58, 63, 92, 74, 93, 114, 103, 122, 120, 102, 92, 123, 126, 158, 108, 91, 97, 77, 88, 66, 102, 133, 102, 139, 106, 111, 87, 70, 71, 40, 54, 27, 22, 16, 9, 5, 1]
YTOT: [0, 0, 0, 0, 0, 0, 0, 0, 0, 0, 0, 0, 0, 0, 0, 0, 0, 0, 0, 0, 0, 0, 0, 0, 0, 0, 0, 0, 0, 0, 0, 0, 0, 0, 0, 0, 0, 0, 0, 0, 0, 0, 0, 0, 0, 0, 0, 2, 4, 6, 7, 8, 8, 10, 12, 14, 15, 18, 22, 26, 34, 40, 48, 70, 86, 123, 154, 188, 230, 286, 344, 407, 499, 573, 666, 780, 883, 1005, 1125, 1227, 1319, 1442, 1568, 1726, 1834, 1925, 2022, 2099, 2187, 2253, 2355, 2488, 2590, 2729, 2835, 2946, 3033, 3103, 3174, 3214, 3268, 3295, 3317, 3333, 3342, 3347, 3348]

INFO: Total Population: 2383286
INFO: R0: 2
INFO: Incubation Period: 5
INFO: Illness Period: 12
X:[0, 1, 2, 3, 4, 5, 6, 7, 8, 9, 10, 11, 12, 13, 14, 15, 16, 17, 18, 19, 20, 21, 22, 23, 24, 25, 26, 27, 28, 29, 30, 31, 32, 33, 34, 35, 36, 37, 38, 39, 40, 41, 42, 43, 44, 45, 46, 47, 48, 49, 50, 51, 52, 53, 54, 55, 56, 57, 58, 59, 60, 61, 62, 63, 64, 65, 66, 67, 68, 69, 70, 71, 72, 73, 74, 75, 76, 77, 78, 79, 80, 81, 82, 83, 84, 85, 86, 87, 88, 89, 90, 91, 92, 93, 94, 95, 96, 97, 98, 99, 100, 101, 102, 103, 104, 105, 106]
YNEW:[0, 0, 0, 0, 0, 0, 0, 0, 0, 0, 0, 0, 0, 0, 0, 0, 0, 0, 0, 0, 0, 0, 0, 0, 0, 0, 0, 0, 0, 0, 0, 0, 0, 0, 0, 0, 0, 0, 0, 0, 0, 0, 0, 0, 0, 0, 0, 2, 2, 2, 1, 1, 0, 2, 2, 2, 1, 3, 4, 4, 8, 6, 8, 22, 16, 37, 31, 34, 42, 56, 58, 63, 92, 74, 93, 114, 103, 122, 120, 102, 92, 123, 126, 158, 97, 110, 96, 76, 73, 95, 102, 128, 148, 131, 114, 116, 71, 74, 51, 57, 33, 33, 24, 10, 9, 4]
YTOT: [0, 0, 0, 0, 0, 0, 0, 0, 0, 0, 0, 0, 0, 0, 0, 0, 0, 0, 0, 0, 0, 0, 0, 0, 0, 0, 0, 0, 0, 0, 0, 0, 0, 0, 0, 0, 0, 0, 0, 0, 0, 0, 0, 0, 0, 0, 0, 2, 4, 6, 7, 8, 8, 10, 12, 14, 15, 18, 22, 26, 34, 40, 48, 70, 86, 123, 154, 188, 230, 286, 344, 407, 499, 573, 666, 780, 883, 1005, 1125, 1227, 1319, 1442, 1568, 1726, 1823, 1933, 2029, 2105, 2178, 2273, 2375, 2503, 2651, 2782, 2896, 3012, 3083, 3157, 3208, 3265, 3298, 3331, 3355, 3365, 3374, 3378]

INFO: Total Population: 2383286
INFO: R0: 2
INFO: Incubation Period: 5
INFO: Illness Period: 12
X:[0, 1, 2, 3, 4, 5, 6, 7, 8, 9, 10, 11, 12, 13, 14, 15, 16, 17, 18, 19, 20, 21, 22, 23, 24, 25, 26, 27, 28, 29, 30, 31, 32, 33, 34, 35, 36, 37, 38, 39, 40, 41, 42, 43, 44, 45, 46, 47, 48, 49, 50, 51, 52, 53, 54, 55, 56, 57, 58, 59, 60, 61, 62, 63, 64, 65, 66, 67, 68, 69, 70, 71, 72, 73, 74, 75, 76, 77, 78, 79, 80, 81, 82, 83, 84, 85, 86, 87, 88, 89, 90, 91, 92, 93, 94, 95, 96, 97, 98, 99, 100, 101, 102, 103, 104, 105, 106, 107]
YNEW:[0, 0, 0, 0, 0, 0, 0, 0, 0, 0, 0, 0, 0, 0, 0, 0, 0, 0, 0, 0, 0, 0, 0, 0, 0, 0, 0, 0, 0, 0, 0, 0, 0, 0, 0, 0, 0, 0, 0, 0, 0, 0, 0, 0, 0, 0, 0, 2, 2, 2, 1, 1, 0, 2, 2, 2, 1, 3, 4, 4, 8, 6, 8, 22, 16, 37, 31, 34, 42, 56, 58, 63, 92, 74, 93, 114, 103, 122, 120, 102, 92, 123, 126, 158, 94, 97, 104, 110, 84, 58, 117, 121, 117, 142, 120, 121, 90, 60, 59, 51, 45, 44, 20, 11, 1, 4, 1]
YTOT: [0, 0, 0, 0, 0, 0, 0, 0, 0, 0, 0, 0, 0, 0, 0, 0, 0, 0, 0, 0, 0, 0, 0, 0, 0, 0, 0, 0, 0, 0, 0, 0, 0, 0, 0, 0, 0, 0, 0, 0, 0, 0, 0, 0, 0, 0, 0, 2, 4, 6, 7, 8, 8, 10, 12, 14, 15, 18, 22, 26, 34, 40, 48, 70, 86, 123, 154, 188, 230, 286, 344, 407, 499, 573, 666, 780, 883, 1005, 1125, 1227, 1319, 1442, 1568, 1726, 1820, 1917, 2021, 2131, 2215, 2273, 2390, 2511, 2628, 2770, 2890, 3011, 3101, 3161, 3220, 3271, 3316, 3360, 3380, 3391, 3392, 3396, 3397]

INFO: Total Population: 2383286
INFO: R0: 2
INFO: Incubation Period: 5
INFO: Illness Period: 12
X:[0, 1, 2, 3, 4, 5, 6, 7, 8, 9, 10, 11, 12, 13, 14, 15, 16, 17, 18, 19, 20, 21, 22, 23, 24, 25, 26, 27, 28, 29, 30, 31, 32, 33, 34, 35, 36, 37, 38, 39, 40, 41, 42, 43, 44, 45, 46, 47, 48, 49, 50, 51, 52, 53, 54, 55, 56, 57, 58, 59, 60, 61, 62, 63, 64, 65, 66, 67, 68, 69, 70, 71, 72, 73, 74, 75, 76, 77, 78, 79, 80, 81, 82, 83, 84, 85, 86, 87, 88, 89, 90, 91, 92, 93, 94, 95, 96, 97, 98, 99, 100, 101, 102, 103, 104, 105, 106]
YNEW:[0, 0, 0, 0, 0, 0, 0, 0, 0, 0, 0, 0, 0, 0, 0, 0, 0, 0, 0, 0, 0, 0, 0, 0, 0, 0, 0, 0, 0, 0, 0, 0, 0, 0, 0, 0, 0, 0, 0, 0, 0, 0, 0, 0, 0, 0, 0, 2, 2, 2, 1, 1, 0, 2, 2, 2, 1, 3, 4, 4, 8, 6, 8, 22, 16, 37, 31, 34, 42, 56, 58, 63, 92, 74, 93, 114, 103, 122, 120, 102, 92, 123, 126, 158, 111, 90, 93, 88, 84, 112, 92, 123, 127, 150, 137, 109, 91, 87, 59, 45, 42, 33, 23, 11, 10, 6]
YTOT: [0, 0, 0, 0, 0, 0, 0, 0, 0, 0, 0, 0, 0, 0, 0, 0, 0, 0, 0, 0, 0, 0, 0, 0, 0, 0, 0, 0, 0, 0, 0, 0, 0, 0, 0, 0, 0, 0, 0, 0, 0, 0, 0, 0, 0, 0, 0, 2, 4, 6, 7, 8, 8, 10, 12, 14, 15, 18, 22, 26, 34, 40, 48, 70, 86, 123, 154, 188, 230, 286, 344, 407, 499, 573, 666, 780, 883, 1005, 1125, 1227, 1319, 1442, 1568, 1726, 1837, 1927, 2020, 2108, 2192, 2304, 2396, 2519, 2646, 2796, 2933, 3042, 3133, 3220, 3279, 3324, 3366, 3399, 3422, 3433, 3443, 3449]

INFO: Total Population: 2383286
INFO: R0: 2
INFO: Incubation Period: 5
INFO: Illness Period: 12
X:[0, 1, 2, 3, 4, 5, 6, 7, 8, 9, 10, 11, 12, 13, 14, 15, 16, 17, 18, 19, 20, 21, 22, 23, 24, 25, 26, 27, 28, 29, 30, 31, 32, 33, 34, 35, 36, 37, 38, 39, 40, 41, 42, 43, 44, 45, 46, 47, 48, 49, 50, 51, 52, 53, 54, 55, 56, 57, 58, 59, 60, 61, 62, 63, 64, 65, 66, 67, 68, 69, 70, 71, 72, 73, 74, 75, 76, 77, 78, 79, 80, 81, 82, 83, 84, 85, 86, 87, 88, 89, 90, 91, 92, 93, 94, 95, 96, 97, 98, 99, 100, 101, 102, 103, 104, 105, 106, 107]
YNEW:[0, 0, 0, 0, 0, 0, 0, 0, 0, 0, 0, 0, 0, 0, 0, 0, 0, 0, 0, 0, 0, 0, 0, 0, 0, 0, 0, 0, 0, 0, 0, 0, 0, 0, 0, 0, 0, 0, 0, 0, 0, 0, 0, 0, 0, 0, 0, 2, 2, 2, 1, 1, 0, 2, 2, 2, 1, 3, 4, 4, 8, 6, 8, 22, 16, 37, 31, 34, 42, 56, 58, 63, 92, 74, 93, 114, 103, 122, 120, 102, 92, 123, 126, 158, 111, 106, 87, 90, 74, 99, 115, 129, 129, 126, 140, 97, 106, 68, 47, 48, 40, 25, 25, 13, 11, 4, 1]
YTOT: [0, 0, 0, 0, 0, 0, 0, 0, 0, 0, 0, 0, 0, 0, 0, 0, 0, 0, 0, 0, 0, 0, 0, 0, 0, 0, 0, 0, 0, 0, 0, 0, 0, 0, 0, 0, 0, 0, 0, 0, 0, 0, 0, 0, 0, 0, 0, 2, 4, 6, 7, 8, 8, 10, 12, 14, 15, 18, 22, 26, 34, 40, 48, 70, 86, 123, 154, 188, 230, 286, 344, 407, 499, 573, 666, 780, 883, 1005, 1125, 1227, 1319, 1442, 1568, 1726, 1837, 1943, 2030, 2120, 2194, 2293, 2408, 2537, 2666, 2792, 2932, 3029, 3135, 3203, 3250, 3298, 3338, 3363, 3388, 3401, 3412, 3416, 3417]

INFO: Total Population: 2383286
INFO: R0: 2
INFO: Incubation Period: 5
INFO: Illness Period: 12
X:[0, 1, 2, 3, 4, 5, 6, 7, 8, 9, 10, 11, 12, 13, 14, 15, 16, 17, 18, 19, 20, 21, 22, 23, 24, 25, 26, 27, 28, 29, 30, 31, 32, 33, 34, 35, 36, 37, 38, 39, 40, 41, 42, 43, 44, 45, 46, 47, 48, 49, 50, 51, 52, 53, 54, 55, 56, 57, 58, 59, 60, 61, 62, 63, 64, 65, 66, 67, 68, 69, 70, 71, 72, 73, 74, 75, 76, 77, 78, 79, 80, 81, 82, 83, 84, 85, 86, 87, 88, 89, 90, 91, 92, 93, 94, 95, 96, 97, 98, 99, 100, 101, 102, 103, 104, 105, 106, 107]
YNEW:[0, 0, 0, 0, 0, 0, 0, 0, 0, 0, 0, 0, 0, 0, 0, 0, 0, 0, 0, 0, 0, 0, 0, 0, 0, 0, 0, 0, 0, 0, 0, 0, 0, 0, 0, 0, 0, 0, 0, 0, 0, 0, 0, 0, 0, 0, 0, 2, 2, 2, 1, 1, 0, 2, 2, 2, 1, 3, 4, 4, 8, 6, 8, 22, 16, 37, 31, 34, 42, 56, 58, 63, 92, 74, 93, 114, 103, 122, 120, 102, 92, 123, 126, 158, 112, 103, 95, 86, 64, 94, 98, 109, 117, 139, 129, 119, 74, 59, 60, 56, 39, 37, 27, 12, 14, 2, 1]
YTOT: [0, 0, 0, 0, 0, 0, 0, 0, 0, 0, 0, 0, 0, 0, 0, 0, 0, 0, 0, 0, 0, 0, 0, 0, 0, 0, 0, 0, 0, 0, 0, 0, 0, 0, 0, 0, 0, 0, 0, 0, 0, 0, 0, 0, 0, 0, 0, 2, 4, 6, 7, 8, 8, 10, 12, 14, 15, 18, 22, 26, 34, 40, 48, 70, 86, 123, 154, 188, 230, 286, 344, 407, 499, 573, 666, 780, 883, 1005, 1125, 1227, 1319, 1442, 1568, 1726, 1838, 1941, 2036, 2122, 2186, 2280, 2378, 2487, 2604, 2743, 2872, 2991, 3065, 3124, 3184, 3240, 3279, 3316, 3343, 3355, 3369, 3371, 3372]

INFO: Total Population: 2383286
INFO: R0: 2
INFO: Incubation Period: 5
INFO: Illness Period: 12
X:[0, 1, 2, 3, 4, 5, 6, 7, 8, 9, 10, 11, 12, 13, 14, 15, 16, 17, 18, 19, 20, 21, 22, 23, 24, 25, 26, 27, 28, 29, 30, 31, 32, 33, 34, 35, 36, 37, 38, 39, 40, 41, 42, 43, 44, 45, 46, 47, 48, 49, 50, 51, 52, 53, 54, 55, 56, 57, 58, 59, 60, 61, 62, 63, 64, 65, 66, 67, 68, 69, 70, 71, 72, 73, 74, 75, 76, 77, 78, 79, 80, 81, 82, 83, 84, 85, 86, 87, 88, 89, 90, 91, 92, 93, 94, 95, 96, 97, 98, 99, 100, 101, 102, 103, 104, 105, 106]
YNEW:[0, 0, 0, 0, 0, 0, 0, 0, 0, 0, 0, 0, 0, 0, 0, 0, 0, 0, 0, 0, 0, 0, 0, 0, 0, 0, 0, 0, 0, 0, 0, 0, 0, 0, 0, 0, 0, 0, 0, 0, 0, 0, 0, 0, 0, 0, 0, 2, 2, 2, 1, 1, 0, 2, 2, 2, 1, 3, 4, 4, 8, 6, 8, 22, 16, 37, 31, 34, 42, 56, 58, 63, 92, 74, 93, 114, 103, 122, 120, 102, 92, 123, 126, 158, 114, 101, 105, 93, 72, 103, 88, 119, 139, 128, 140, 106, 93, 72, 73, 55, 44, 38, 20, 17, 10, 1]
YTOT: [0, 0, 0, 0, 0, 0, 0, 0, 0, 0, 0, 0, 0, 0, 0, 0, 0, 0, 0, 0, 0, 0, 0, 0, 0, 0, 0, 0, 0, 0, 0, 0, 0, 0, 0, 0, 0, 0, 0, 0, 0, 0, 0, 0, 0, 0, 0, 2, 4, 6, 7, 8, 8, 10, 12, 14, 15, 18, 22, 26, 34, 40, 48, 70, 86, 123, 154, 188, 230, 286, 344, 407, 499, 573, 666, 780, 883, 1005, 1125, 1227, 1319, 1442, 1568, 1726, 1840, 1941, 2046, 2139, 2211, 2314, 2402, 2521, 2660, 2788, 2928, 3034, 3127, 3199, 3272, 3327, 3371, 3409, 3429, 3446, 3456, 3457]

INFO: Total Population: 2383286
INFO: R0: 2
INFO: Incubation Period: 5
INFO: Illness Period: 12
X:[0, 1, 2, 3, 4, 5, 6, 7, 8, 9, 10, 11, 12, 13, 14, 15, 16, 17, 18, 19, 20, 21, 22, 23, 24, 25, 26, 27, 28, 29, 30, 31, 32, 33, 34, 35, 36, 37, 38, 39, 40, 41, 42, 43, 44, 45, 46, 47, 48, 49, 50, 51, 52, 53, 54, 55, 56, 57, 58, 59, 60, 61, 62, 63, 64, 65, 66, 67, 68, 69, 70, 71, 72, 73, 74, 75, 76, 77, 78, 79, 80, 81, 82, 83, 84, 85, 86, 87, 88, 89, 90, 91, 92, 93, 94, 95, 96, 97, 98, 99, 100, 101, 102, 103, 104, 105, 106, 107]
YNEW:[0, 0, 0, 0, 0, 0, 0, 0, 0, 0, 0, 0, 0, 0, 0, 0, 0, 0, 0, 0, 0, 0, 0, 0, 0, 0, 0, 0, 0, 0, 0, 0, 0, 0, 0, 0, 0, 0, 0, 0, 0, 0, 0, 0, 0, 0, 0, 2, 2, 2, 1, 1, 0, 2, 2, 2, 1, 3, 4, 4, 8, 6, 8, 22, 16, 37, 31, 34, 42, 56, 58, 63, 92, 74, 93, 114, 103, 122, 120, 102, 92, 123, 126, 158, 95, 106, 94, 86, 79, 67, 115, 125, 120, 145, 122, 99, 86, 75, 72, 54, 27, 28, 28, 10, 8, 4, 1]
YTOT: [0, 0, 0, 0, 0, 0, 0, 0, 0, 0, 0, 0, 0, 0, 0, 0, 0, 0, 0, 0, 0, 0, 0, 0, 0, 0, 0, 0, 0, 0, 0, 0, 0, 0, 0, 0, 0, 0, 0, 0, 0, 0, 0, 0, 0, 0, 0, 2, 4, 6, 7, 8, 8, 10, 12, 14, 15, 18, 22, 26, 34, 40, 48, 70, 86, 123, 154, 188, 230, 286, 344, 407, 499, 573, 666, 780, 883, 1005, 1125, 1227, 1319, 1442, 1568, 1726, 1821, 1927, 2021, 2107, 2186, 2253, 2368, 2493, 2613, 2758, 2880, 2979, 3065, 3140, 3212, 3266, 3293, 3321, 3349, 3359, 3367, 3371, 3372]

INFO: Total Population: 2383286
INFO: R0: 2
INFO: Incubation Period: 5
INFO: Illness Period: 12
X:[0, 1, 2, 3, 4, 5, 6, 7, 8, 9, 10, 11, 12, 13, 14, 15, 16, 17, 18, 19, 20, 21, 22, 23, 24, 25, 26, 27, 28, 29, 30, 31, 32, 33, 34, 35, 36, 37, 38, 39, 40, 41, 42, 43, 44, 45, 46, 47, 48, 49, 50, 51, 52, 53, 54, 55, 56, 57, 58, 59, 60, 61, 62, 63, 64, 65, 66, 67, 68, 69, 70, 71, 72, 73, 74, 75, 76, 77, 78, 79, 80, 81, 82, 83, 84, 85, 86, 87, 88, 89, 90, 91, 92, 93, 94, 95, 96, 97, 98, 99, 100, 101, 102, 103, 104, 105, 106]
YNEW:[0, 0, 0, 0, 0, 0, 0, 0, 0, 0, 0, 0, 0, 0, 0, 0, 0, 0, 0, 0, 0, 0, 0, 0, 0, 0, 0, 0, 0, 0, 0, 0, 0, 0, 0, 0, 0, 0, 0, 0, 0, 0, 0, 0, 0, 0, 0, 2, 2, 2, 1, 1, 0, 2, 2, 2, 1, 3, 4, 4, 8, 6, 8, 22, 16, 37, 31, 34, 42, 56, 58, 63, 92, 74, 93, 114, 103, 122, 120, 102, 92, 123, 126, 158, 101, 103, 96, 97, 81, 64, 114, 126, 134, 127, 142, 91, 77, 80, 58, 58, 34, 24, 20, 14, 9, 5]
YTOT: [0, 0, 0, 0, 0, 0, 0, 0, 0, 0, 0, 0, 0, 0, 0, 0, 0, 0, 0, 0, 0, 0, 0, 0, 0, 0, 0, 0, 0, 0, 0, 0, 0, 0, 0, 0, 0, 0, 0, 0, 0, 0, 0, 0, 0, 0, 0, 2, 4, 6, 7, 8, 8, 10, 12, 14, 15, 18, 22, 26, 34, 40, 48, 70, 86, 123, 154, 188, 230, 286, 344, 407, 499, 573, 666, 780, 883, 1005, 1125, 1227, 1319, 1442, 1568, 1726, 1827, 1930, 2026, 2123, 2204, 2268, 2382, 2508, 2642, 2769, 2911, 3002, 3079, 3159, 3217, 3275, 3309, 3333, 3353, 3367, 3376, 3381]

INFO: Total Population: 2383286
INFO: R0: 2
INFO: Incubation Period: 5
INFO: Illness Period: 12
X:[0, 1, 2, 3, 4, 5, 6, 7, 8, 9, 10, 11, 12, 13, 14, 15, 16, 17, 18, 19, 20, 21, 22, 23, 24, 25, 26, 27, 28, 29, 30, 31, 32, 33, 34, 35, 36, 37, 38, 39, 40, 41, 42, 43, 44, 45, 46, 47, 48, 49, 50, 51, 52, 53, 54, 55, 56, 57, 58, 59, 60, 61, 62, 63, 64, 65, 66, 67, 68, 69, 70, 71, 72, 73, 74, 75, 76, 77, 78, 79, 80, 81, 82, 83, 84, 85, 86, 87, 88, 89, 90, 91, 92, 93, 94, 95, 96, 97, 98, 99, 100, 101, 102, 103, 104, 105, 106, 107]
YNEW:[0, 0, 0, 0, 0, 0, 0, 0, 0, 0, 0, 0, 0, 0, 0, 0, 0, 0, 0, 0, 0, 0, 0, 0, 0, 0, 0, 0, 0, 0, 0, 0, 0, 0, 0, 0, 0, 0, 0, 0, 0, 0, 0, 0, 0, 0, 0, 2, 2, 2, 1, 1, 0, 2, 2, 2, 1, 3, 4, 4, 8, 6, 8, 22, 16, 37, 31, 34, 42, 56, 58, 63, 92, 74, 93, 114, 103, 122, 120, 102, 92, 123, 126, 158, 95, 97, 82, 91, 90, 92, 99, 120, 123, 136, 136, 118, 94, 69, 51, 40, 36, 31, 20, 22, 6, 7, 3]
YTOT: [0, 0, 0, 0, 0, 0, 0, 0, 0, 0, 0, 0, 0, 0, 0, 0, 0, 0, 0, 0, 0, 0, 0, 0, 0, 0, 0, 0, 0, 0, 0, 0, 0, 0, 0, 0, 0, 0, 0, 0, 0, 0, 0, 0, 0, 0, 0, 2, 4, 6, 7, 8, 8, 10, 12, 14, 15, 18, 22, 26, 34, 40, 48, 70, 86, 123, 154, 188, 230, 286, 344, 407, 499, 573, 666, 780, 883, 1005, 1125, 1227, 1319, 1442, 1568, 1726, 1821, 1918, 2000, 2091, 2181, 2273, 2372, 2492, 2615, 2751, 2887, 3005, 3099, 3168, 3219, 3259, 3295, 3326, 3346, 3368, 3374, 3381, 3384]

INFO: Total Population: 2383286
INFO: R0: 2
INFO: Incubation Period: 5
INFO: Illness Period: 12
X:[0, 1, 2, 3, 4, 5, 6, 7, 8, 9, 10, 11, 12, 13, 14, 15, 16, 17, 18, 19, 20, 21, 22, 23, 24, 25, 26, 27, 28, 29, 30, 31, 32, 33, 34, 35, 36, 37, 38, 39, 40, 41, 42, 43, 44, 45, 46, 47, 48, 49, 50, 51, 52, 53, 54, 55, 56, 57, 58, 59, 60, 61, 62, 63, 64, 65, 66, 67, 68, 69, 70, 71, 72, 73, 74, 75, 76, 77, 78, 79, 80, 81, 82, 83, 84, 85, 86, 87, 88, 89, 90, 91, 92, 93, 94, 95, 96, 97, 98, 99, 100, 101, 102, 103, 104, 105, 106]
YNEW:[0, 0, 0, 0, 0, 0, 0, 0, 0, 0, 0, 0, 0, 0, 0, 0, 0, 0, 0, 0, 0, 0, 0, 0, 0, 0, 0, 0, 0, 0, 0, 0, 0, 0, 0, 0, 0, 0, 0, 0, 0, 0, 0, 0, 0, 0, 0, 2, 2, 2, 1, 1, 0, 2, 2, 2, 1, 3, 4, 4, 8, 6, 8, 22, 16, 37, 31, 34, 42, 56, 58, 63, 92, 74, 93, 114, 103, 122, 120, 102, 92, 123, 126, 158, 103, 97, 89, 103, 71, 104, 89, 123, 115, 130, 130, 93, 90, 72, 77, 60, 45, 43, 24, 9, 8, 4]
YTOT: [0, 0, 0, 0, 0, 0, 0, 0, 0, 0, 0, 0, 0, 0, 0, 0, 0, 0, 0, 0, 0, 0, 0, 0, 0, 0, 0, 0, 0, 0, 0, 0, 0, 0, 0, 0, 0, 0, 0, 0, 0, 0, 0, 0, 0, 0, 0, 2, 4, 6, 7, 8, 8, 10, 12, 14, 15, 18, 22, 26, 34, 40, 48, 70, 86, 123, 154, 188, 230, 286, 344, 407, 499, 573, 666, 780, 883, 1005, 1125, 1227, 1319, 1442, 1568, 1726, 1829, 1926, 2015, 2118, 2189, 2293, 2382, 2505, 2620, 2750, 2880, 2973, 3063, 3135, 3212, 3272, 3317, 3360, 3384, 3393, 3401, 3405]

INFO: Total Population: 2383286
INFO: R0: 2
INFO: Incubation Period: 5
INFO: Illness Period: 12
X:[0, 1, 2, 3, 4, 5, 6, 7, 8, 9, 10, 11, 12, 13, 14, 15, 16, 17, 18, 19, 20, 21, 22, 23, 24, 25, 26, 27, 28, 29, 30, 31, 32, 33, 34, 35, 36, 37, 38, 39, 40, 41, 42, 43, 44, 45, 46, 47, 48, 49, 50, 51, 52, 53, 54, 55, 56, 57, 58, 59, 60, 61, 62, 63, 64, 65, 66, 67, 68, 69, 70, 71, 72, 73, 74, 75, 76, 77, 78, 79, 80, 81, 82, 83, 84, 85, 86, 87, 88, 89, 90, 91, 92, 93, 94, 95, 96, 97, 98, 99, 100, 101, 102, 103, 104, 105, 106]
YNEW:[0, 0, 0, 0, 0, 0, 0, 0, 0, 0, 0, 0, 0, 0, 0, 0, 0, 0, 0, 0, 0, 0, 0, 0, 0, 0, 0, 0, 0, 0, 0, 0, 0, 0, 0, 0, 0, 0, 0, 0, 0, 0, 0, 0, 0, 0, 0, 2, 2, 2, 1, 1, 0, 2, 2, 2, 1, 3, 4, 4, 8, 6, 8, 22, 16, 37, 31, 34, 42, 56, 58, 63, 92, 74, 93, 114, 103, 122, 120, 102, 92, 123, 126, 158, 94, 103, 104, 82, 69, 82, 104, 124, 137, 131, 119, 84, 65, 74, 83, 50, 37, 35, 27, 18, 7, 1]
YTOT: [0, 0, 0, 0, 0, 0, 0, 0, 0, 0, 0, 0, 0, 0, 0, 0, 0, 0, 0, 0, 0, 0, 0, 0, 0, 0, 0, 0, 0, 0, 0, 0, 0, 0, 0, 0, 0, 0, 0, 0, 0, 0, 0, 0, 0, 0, 0, 2, 4, 6, 7, 8, 8, 10, 12, 14, 15, 18, 22, 26, 34, 40, 48, 70, 86, 123, 154, 188, 230, 286, 344, 407, 499, 573, 666, 780, 883, 1005, 1125, 1227, 1319, 1442, 1568, 1726, 1820, 1923, 2027, 2109, 2178, 2260, 2364, 2488, 2625, 2756, 2875, 2959, 3024, 3098, 3181, 3231, 3268, 3303, 3330, 3348, 3355, 3356]

INFO: Total Population: 2383286
INFO: R0: 2
INFO: Incubation Period: 5
INFO: Illness Period: 12
X:[0, 1, 2, 3, 4, 5, 6, 7, 8, 9, 10, 11, 12, 13, 14, 15, 16, 17, 18, 19, 20, 21, 22, 23, 24, 25, 26, 27, 28, 29, 30, 31, 32, 33, 34, 35, 36, 37, 38, 39, 40, 41, 42, 43, 44, 45, 46, 47, 48, 49, 50, 51, 52, 53, 54, 55, 56, 57, 58, 59, 60, 61, 62, 63, 64, 65, 66, 67, 68, 69, 70, 71, 72, 73, 74, 75, 76, 77, 78, 79, 80, 81, 82, 83, 84, 85, 86, 87, 88, 89, 90, 91, 92, 93, 94, 95, 96, 97, 98, 99, 100, 101, 102, 103, 104, 105, 106, 107]
YNEW:[0, 0, 0, 0, 0, 0, 0, 0, 0, 0, 0, 0, 0, 0, 0, 0, 0, 0, 0, 0, 0, 0, 0, 0, 0, 0, 0, 0, 0, 0, 0, 0, 0, 0, 0, 0, 0, 0, 0, 0, 0, 0, 0, 0, 0, 0, 0, 2, 2, 2, 1, 1, 0, 2, 2, 2, 1, 3, 4, 4, 8, 6, 8, 22, 16, 37, 31, 34, 42, 56, 58, 63, 92, 74, 93, 114, 103, 122, 120, 102, 92, 123, 126, 158, 97, 92, 110, 80, 82, 74, 108, 120, 130, 113, 127, 117, 86, 59, 65, 49, 35, 35, 12, 13, 13, 4, 2]
YTOT: [0, 0, 0, 0, 0, 0, 0, 0, 0, 0, 0, 0, 0, 0, 0, 0, 0, 0, 0, 0, 0, 0, 0, 0, 0, 0, 0, 0, 0, 0, 0, 0, 0, 0, 0, 0, 0, 0, 0, 0, 0, 0, 0, 0, 0, 0, 0, 2, 4, 6, 7, 8, 8, 10, 12, 14, 15, 18, 22, 26, 34, 40, 48, 70, 86, 123, 154, 188, 230, 286, 344, 407, 499, 573, 666, 780, 883, 1005, 1125, 1227, 1319, 1442, 1568, 1726, 1823, 1915, 2025, 2105, 2187, 2261, 2369, 2489, 2619, 2732, 2859, 2976, 3062, 3121, 3186, 3235, 3270, 3305, 3317, 3330, 3343, 3347, 3349]

INFO: Total Population: 2383286
INFO: R0: 2
INFO: Incubation Period: 5
INFO: Illness Period: 12
X:[0, 1, 2, 3, 4, 5, 6, 7, 8, 9, 10, 11, 12, 13, 14, 15, 16, 17, 18, 19, 20, 21, 22, 23, 24, 25, 26, 27, 28, 29, 30, 31, 32, 33, 34, 35, 36, 37, 38, 39, 40, 41, 42, 43, 44, 45, 46, 47, 48, 49, 50, 51, 52, 53, 54, 55, 56, 57, 58, 59, 60, 61, 62, 63, 64, 65, 66, 67, 68, 69, 70, 71, 72, 73, 74, 75, 76, 77, 78, 79, 80, 81, 82, 83, 84, 85, 86, 87, 88, 89, 90, 91, 92, 93, 94, 95, 96, 97, 98, 99, 100, 101, 102, 103, 104, 105, 106, 107]
YNEW:[0, 0, 0, 0, 0, 0, 0, 0, 0, 0, 0, 0, 0, 0, 0, 0, 0, 0, 0, 0, 0, 0, 0, 0, 0, 0, 0, 0, 0, 0, 0, 0, 0, 0, 0, 0, 0, 0, 0, 0, 0, 0, 0, 0, 0, 0, 0, 2, 2, 2, 1, 1, 0, 2, 2, 2, 1, 3, 4, 4, 8, 6, 8, 22, 16, 37, 31, 34, 42, 56, 58, 63, 92, 74, 93, 114, 103, 122, 120, 102, 92, 123, 126, 158, 114, 116, 94, 85, 78, 57, 124, 122, 129, 145, 136, 107, 73, 68, 58, 49, 44, 31, 29, 13, 2, 6, 2]
YTOT: [0, 0, 0, 0, 0, 0, 0, 0, 0, 0, 0, 0, 0, 0, 0, 0, 0, 0, 0, 0, 0, 0, 0, 0, 0, 0, 0, 0, 0, 0, 0, 0, 0, 0, 0, 0, 0, 0, 0, 0, 0, 0, 0, 0, 0, 0, 0, 2, 4, 6, 7, 8, 8, 10, 12, 14, 15, 18, 22, 26, 34, 40, 48, 70, 86, 123, 154, 188, 230, 286, 344, 407, 499, 573, 666, 780, 883, 1005, 1125, 1227, 1319, 1442, 1568, 1726, 1840, 1956, 2050, 2135, 2213, 2270, 2394, 2516, 2645, 2790, 2926, 3033, 3106, 3174, 3232, 3281, 3325, 3356, 3385, 3398, 3400, 3406, 3408]

INFO: Total Population: 2383286
INFO: R0: 2
INFO: Incubation Period: 5
INFO: Illness Period: 12
X:[0, 1, 2, 3, 4, 5, 6, 7, 8, 9, 10, 11, 12, 13, 14, 15, 16, 17, 18, 19, 20, 21, 22, 23, 24, 25, 26, 27, 28, 29, 30, 31, 32, 33, 34, 35, 36, 37, 38, 39, 40, 41, 42, 43, 44, 45, 46, 47, 48, 49, 50, 51, 52, 53, 54, 55, 56, 57, 58, 59, 60, 61, 62, 63, 64, 65, 66, 67, 68, 69, 70, 71, 72, 73, 74, 75, 76, 77, 78, 79, 80, 81, 82, 83, 84, 85, 86, 87, 88, 89, 90, 91, 92, 93, 94, 95, 96, 97, 98, 99, 100, 101, 102, 103, 104, 105, 106, 107]
YNEW:[0, 0, 0, 0, 0, 0, 0, 0, 0, 0, 0, 0, 0, 0, 0, 0, 0, 0, 0, 0, 0, 0, 0, 0, 0, 0, 0, 0, 0, 0, 0, 0, 0, 0, 0, 0, 0, 0, 0, 0, 0, 0, 0, 0, 0, 0, 0, 2, 2, 2, 1, 1, 0, 2, 2, 2, 1, 3, 4, 4, 8, 6, 8, 22, 16, 37, 31, 34, 42, 56, 58, 63, 92, 74, 93, 114, 103, 122, 120, 102, 92, 123, 126, 158, 94, 97, 102, 95, 73, 94, 114, 118, 124, 137, 142, 105, 77, 83, 64, 38, 40, 36, 23, 10, 10, 6, 3]
YTOT: [0, 0, 0, 0, 0, 0, 0, 0, 0, 0, 0, 0, 0, 0, 0, 0, 0, 0, 0, 0, 0, 0, 0, 0, 0, 0, 0, 0, 0, 0, 0, 0, 0, 0, 0, 0, 0, 0, 0, 0, 0, 0, 0, 0, 0, 0, 0, 2, 4, 6, 7, 8, 8, 10, 12, 14, 15, 18, 22, 26, 34, 40, 48, 70, 86, 123, 154, 188, 230, 286, 344, 407, 499, 573, 666, 780, 883, 1005, 1125, 1227, 1319, 1442, 1568, 1726, 1820, 1917, 2019, 2114, 2187, 2281, 2395, 2513, 2637, 2774, 2916, 3021, 3098, 3181, 3245, 3283, 3323, 3359, 3382, 3392, 3402, 3408, 3411]

INFO: Total Population: 2383286
INFO: R0: 2
INFO: Incubation Period: 5
INFO: Illness Period: 12
X:[0, 1, 2, 3, 4, 5, 6, 7, 8, 9, 10, 11, 12, 13, 14, 15, 16, 17, 18, 19, 20, 21, 22, 23, 24, 25, 26, 27, 28, 29, 30, 31, 32, 33, 34, 35, 36, 37, 38, 39, 40, 41, 42, 43, 44, 45, 46, 47, 48, 49, 50, 51, 52, 53, 54, 55, 56, 57, 58, 59, 60, 61, 62, 63, 64, 65, 66, 67, 68, 69, 70, 71, 72, 73, 74, 75, 76, 77, 78, 79, 80, 81, 82, 83, 84, 85, 86, 87, 88, 89, 90, 91, 92, 93, 94, 95, 96, 97, 98, 99, 100, 101, 102, 103, 104, 105, 106, 107]
YNEW:[0, 0, 0, 0, 0, 0, 0, 0, 0, 0, 0, 0, 0, 0, 0, 0, 0, 0, 0, 0, 0, 0, 0, 0, 0, 0, 0, 0, 0, 0, 0, 0, 0, 0, 0, 0, 0, 0, 0, 0, 0, 0, 0, 0, 0, 0, 0, 2, 2, 2, 1, 1, 0, 2, 2, 2, 1, 3, 4, 4, 8, 6, 8, 22, 16, 37, 31, 34, 42, 56, 58, 63, 92, 74, 93, 114, 103, 122, 120, 102, 92, 123, 126, 158, 100, 117, 92, 85, 96, 70, 112, 129, 117, 124, 151, 104, 88, 60, 66, 44, 52, 25, 20, 8, 13, 5, 1]
YTOT: [0, 0, 0, 0, 0, 0, 0, 0, 0, 0, 0, 0, 0, 0, 0, 0, 0, 0, 0, 0, 0, 0, 0, 0, 0, 0, 0, 0, 0, 0, 0, 0, 0, 0, 0, 0, 0, 0, 0, 0, 0, 0, 0, 0, 0, 0, 0, 2, 4, 6, 7, 8, 8, 10, 12, 14, 15, 18, 22, 26, 34, 40, 48, 70, 86, 123, 154, 188, 230, 286, 344, 407, 499, 573, 666, 780, 883, 1005, 1125, 1227, 1319, 1442, 1568, 1726, 1826, 1943, 2035, 2120, 2216, 2286, 2398, 2527, 2644, 2768, 2919, 3023, 3111, 3171, 3237, 3281, 3333, 3358, 3378, 3386, 3399, 3404, 3405]

INFO: Total Population: 2383286
INFO: R0: 2
INFO: Incubation Period: 5
INFO: Illness Period: 12
X:[0, 1, 2, 3, 4, 5, 6, 7, 8, 9, 10, 11, 12, 13, 14, 15, 16, 17, 18, 19, 20, 21, 22, 23, 24, 25, 26, 27, 28, 29, 30, 31, 32, 33, 34, 35, 36, 37, 38, 39, 40, 41, 42, 43, 44, 45, 46, 47, 48, 49, 50, 51, 52, 53, 54, 55, 56, 57, 58, 59, 60, 61, 62, 63, 64, 65, 66, 67, 68, 69, 70, 71, 72, 73, 74, 75, 76, 77, 78, 79, 80, 81, 82, 83, 84, 85, 86, 87, 88, 89, 90, 91, 92, 93, 94, 95, 96, 97, 98, 99, 100, 101, 102, 103, 104, 105, 106, 107]
YNEW:[0, 0, 0, 0, 0, 0, 0, 0, 0, 0, 0, 0, 0, 0, 0, 0, 0, 0, 0, 0, 0, 0, 0, 0, 0, 0, 0, 0, 0, 0, 0, 0, 0, 0, 0, 0, 0, 0, 0, 0, 0, 0, 0, 0, 0, 0, 0, 2, 2, 2, 1, 1, 0, 2, 2, 2, 1, 3, 4, 4, 8, 6, 8, 22, 16, 37, 31, 34, 42, 56, 58, 63, 92, 74, 93, 114, 103, 122, 120, 102, 92, 123, 126, 158, 99, 102, 94, 102, 66, 70, 109, 116, 124, 120, 131, 111, 82, 73, 68, 54, 42, 32, 13, 19, 3, 6, 1]
YTOT: [0, 0, 0, 0, 0, 0, 0, 0, 0, 0, 0, 0, 0, 0, 0, 0, 0, 0, 0, 0, 0, 0, 0, 0, 0, 0, 0, 0, 0, 0, 0, 0, 0, 0, 0, 0, 0, 0, 0, 0, 0, 0, 0, 0, 0, 0, 0, 2, 4, 6, 7, 8, 8, 10, 12, 14, 15, 18, 22, 26, 34, 40, 48, 70, 86, 123, 154, 188, 230, 286, 344, 407, 499, 573, 666, 780, 883, 1005, 1125, 1227, 1319, 1442, 1568, 1726, 1825, 1927, 2021, 2123, 2189, 2259, 2368, 2484, 2608, 2728, 2859, 2970, 3052, 3125, 3193, 3247, 3289, 3321, 3334, 3353, 3356, 3362, 3363]

INFO: Total Population: 2383286
INFO: R0: 2
INFO: Incubation Period: 5
INFO: Illness Period: 12
X:[0, 1, 2, 3, 4, 5, 6, 7, 8, 9, 10, 11, 12, 13, 14, 15, 16, 17, 18, 19, 20, 21, 22, 23, 24, 25, 26, 27, 28, 29, 30, 31, 32, 33, 34, 35, 36, 37, 38, 39, 40, 41, 42, 43, 44, 45, 46, 47, 48, 49, 50, 51, 52, 53, 54, 55, 56, 57, 58, 59, 60, 61, 62, 63, 64, 65, 66, 67, 68, 69, 70, 71, 72, 73, 74, 75, 76, 77, 78, 79, 80, 81, 82, 83, 84, 85, 86, 87, 88, 89, 90, 91, 92, 93, 94, 95, 96, 97, 98, 99, 100, 101, 102, 103, 104, 105, 106, 107]
YNEW:[0, 0, 0, 0, 0, 0, 0, 0, 0, 0, 0, 0, 0, 0, 0, 0, 0, 0, 0, 0, 0, 0, 0, 0, 0, 0, 0, 0, 0, 0, 0, 0, 0, 0, 0, 0, 0, 0, 0, 0, 0, 0, 0, 0, 0, 0, 0, 2, 2, 2, 1, 1, 0, 2, 2, 2, 1, 3, 4, 4, 8, 6, 8, 22, 16, 37, 31, 34, 42, 56, 58, 63, 92, 74, 93, 114, 103, 122, 120, 102, 92, 123, 126, 158, 104, 112, 104, 90, 79, 89, 98, 139, 125, 125, 143, 106, 75, 78, 56, 70, 45, 25, 18, 13, 11, 4, 2]
YTOT: [0, 0, 0, 0, 0, 0, 0, 0, 0, 0, 0, 0, 0, 0, 0, 0, 0, 0, 0, 0, 0, 0, 0, 0, 0, 0, 0, 0, 0, 0, 0, 0, 0, 0, 0, 0, 0, 0, 0, 0, 0, 0, 0, 0, 0, 0, 0, 2, 4, 6, 7, 8, 8, 10, 12, 14, 15, 18, 22, 26, 34, 40, 48, 70, 86, 123, 154, 188, 230, 286, 344, 407, 499, 573, 666, 780, 883, 1005, 1125, 1227, 1319, 1442, 1568, 1726, 1830, 1942, 2046, 2136, 2215, 2304, 2402, 2541, 2666, 2791, 2934, 3040, 3115, 3193, 3249, 3319, 3364, 3389, 3407, 3420, 3431, 3435, 3437]

INFO: Total Population: 2383286
INFO: R0: 2
INFO: Incubation Period: 5
INFO: Illness Period: 12
X:[0, 1, 2, 3, 4, 5, 6, 7, 8, 9, 10, 11, 12, 13, 14, 15, 16, 17, 18, 19, 20, 21, 22, 23, 24, 25, 26, 27, 28, 29, 30, 31, 32, 33, 34, 35, 36, 37, 38, 39, 40, 41, 42, 43, 44, 45, 46, 47, 48, 49, 50, 51, 52, 53, 54, 55, 56, 57, 58, 59, 60, 61, 62, 63, 64, 65, 66, 67, 68, 69, 70, 71, 72, 73, 74, 75, 76, 77, 78, 79, 80, 81, 82, 83, 84, 85, 86, 87, 88, 89, 90, 91, 92, 93, 94, 95, 96, 97, 98, 99, 100, 101, 102, 103, 104, 105, 106, 107]
YNEW:[0, 0, 0, 0, 0, 0, 0, 0, 0, 0, 0, 0, 0, 0, 0, 0, 0, 0, 0, 0, 0, 0, 0, 0, 0, 0, 0, 0, 0, 0, 0, 0, 0, 0, 0, 0, 0, 0, 0, 0, 0, 0, 0, 0, 0, 0, 0, 2, 2, 2, 1, 1, 0, 2, 2, 2, 1, 3, 4, 4, 8, 6, 8, 22, 16, 37, 31, 34, 42, 56, 58, 63, 92, 74, 93, 114, 103, 122, 120, 102, 92, 123, 126, 158, 102, 95, 85, 99, 90, 102, 115, 116, 124, 116, 153, 112, 99, 70, 56, 40, 56, 20, 23, 21, 10, 6, 1]
YTOT: [0, 0, 0, 0, 0, 0, 0, 0, 0, 0, 0, 0, 0, 0, 0, 0, 0, 0, 0, 0, 0, 0, 0, 0, 0, 0, 0, 0, 0, 0, 0, 0, 0, 0, 0, 0, 0, 0, 0, 0, 0, 0, 0, 0, 0, 0, 0, 2, 4, 6, 7, 8, 8, 10, 12, 14, 15, 18, 22, 26, 34, 40, 48, 70, 86, 123, 154, 188, 230, 286, 344, 407, 499, 573, 666, 780, 883, 1005, 1125, 1227, 1319, 1442, 1568, 1726, 1828, 1923, 2008, 2107, 2197, 2299, 2414, 2530, 2654, 2770, 2923, 3035, 3134, 3204, 3260, 3300, 3356, 3376, 3399, 3420, 3430, 3436, 3437]

INFO: Total Population: 2383286
INFO: R0: 2
INFO: Incubation Period: 5
INFO: Illness Period: 12
X:[0, 1, 2, 3, 4, 5, 6, 7, 8, 9, 10, 11, 12, 13, 14, 15, 16, 17, 18, 19, 20, 21, 22, 23, 24, 25, 26, 27, 28, 29, 30, 31, 32, 33, 34, 35, 36, 37, 38, 39, 40, 41, 42, 43, 44, 45, 46, 47, 48, 49, 50, 51, 52, 53, 54, 55, 56, 57, 58, 59, 60, 61, 62, 63, 64, 65, 66, 67, 68, 69, 70, 71, 72, 73, 74, 75, 76, 77, 78, 79, 80, 81, 82, 83, 84, 85, 86, 87, 88, 89, 90, 91, 92, 93, 94, 95, 96, 97, 98, 99, 100, 101, 102, 103, 104, 105, 106, 107]
YNEW:[0, 0, 0, 0, 0, 0, 0, 0, 0, 0, 0, 0, 0, 0, 0, 0, 0, 0, 0, 0, 0, 0, 0, 0, 0, 0, 0, 0, 0, 0, 0, 0, 0, 0, 0, 0, 0, 0, 0, 0, 0, 0, 0, 0, 0, 0, 0, 2, 2, 2, 1, 1, 0, 2, 2, 2, 1, 3, 4, 4, 8, 6, 8, 22, 16, 37, 31, 34, 42, 56, 58, 63, 92, 74, 93, 114, 103, 122, 120, 102, 92, 123, 126, 158, 103, 106, 95, 88, 81, 93, 102, 115, 153, 131, 137, 107, 71, 76, 70, 49, 38, 33, 16, 19, 7, 3, 2]
YTOT: [0, 0, 0, 0, 0, 0, 0, 0, 0, 0, 0, 0, 0, 0, 0, 0, 0, 0, 0, 0, 0, 0, 0, 0, 0, 0, 0, 0, 0, 0, 0, 0, 0, 0, 0, 0, 0, 0, 0, 0, 0, 0, 0, 0, 0, 0, 0, 2, 4, 6, 7, 8, 8, 10, 12, 14, 15, 18, 22, 26, 34, 40, 48, 70, 86, 123, 154, 188, 230, 286, 344, 407, 499, 573, 666, 780, 883, 1005, 1125, 1227, 1319, 1442, 1568, 1726, 1829, 1935, 2030, 2118, 2199, 2292, 2394, 2509, 2662, 2793, 2930, 3037, 3108, 3184, 3254, 3303, 3341, 3374, 3390, 3409, 3416, 3419, 3421]

INFO: Total Population: 2383286
INFO: R0: 2
INFO: Incubation Period: 5
INFO: Illness Period: 12
X:[0, 1, 2, 3, 4, 5, 6, 7, 8, 9, 10, 11, 12, 13, 14, 15, 16, 17, 18, 19, 20, 21, 22, 23, 24, 25, 26, 27, 28, 29, 30, 31, 32, 33, 34, 35, 36, 37, 38, 39, 40, 41, 42, 43, 44, 45, 46, 47, 48, 49, 50, 51, 52, 53, 54, 55, 56, 57, 58, 59, 60, 61, 62, 63, 64, 65, 66, 67, 68, 69, 70, 71, 72, 73, 74, 75, 76, 77, 78, 79, 80, 81, 82, 83, 84, 85, 86, 87, 88, 89, 90, 91, 92, 93, 94, 95, 96, 97, 98, 99, 100, 101, 102, 103, 104, 105, 106, 107]
YNEW:[0, 0, 0, 0, 0, 0, 0, 0, 0, 0, 0, 0, 0, 0, 0, 0, 0, 0, 0, 0, 0, 0, 0, 0, 0, 0, 0, 0, 0, 0, 0, 0, 0, 0, 0, 0, 0, 0, 0, 0, 0, 0, 0, 0, 0, 0, 0, 2, 2, 2, 1, 1, 0, 2, 2, 2, 1, 3, 4, 4, 8, 6, 8, 22, 16, 37, 31, 34, 42, 56, 58, 63, 92, 74, 93, 114, 103, 122, 120, 102, 92, 123, 126, 158, 101, 113, 81, 82, 98, 65, 100, 134, 136, 126, 147, 103, 81, 70, 54, 36, 37, 31, 19, 20, 8, 5, 2]
YTOT: [0, 0, 0, 0, 0, 0, 0, 0, 0, 0, 0, 0, 0, 0, 0, 0, 0, 0, 0, 0, 0, 0, 0, 0, 0, 0, 0, 0, 0, 0, 0, 0, 0, 0, 0, 0, 0, 0, 0, 0, 0, 0, 0, 0, 0, 0, 0, 2, 4, 6, 7, 8, 8, 10, 12, 14, 15, 18, 22, 26, 34, 40, 48, 70, 86, 123, 154, 188, 230, 286, 344, 407, 499, 573, 666, 780, 883, 1005, 1125, 1227, 1319, 1442, 1568, 1726, 1827, 1940, 2021, 2103, 2201, 2266, 2366, 2500, 2636, 2762, 2909, 3012, 3093, 3163, 3217, 3253, 3290, 3321, 3340, 3360, 3368, 3373, 3375]

INFO: Total Population: 2383286
INFO: R0: 2
INFO: Incubation Period: 5
INFO: Illness Period: 12
X:[0, 1, 2, 3, 4, 5, 6, 7, 8, 9, 10, 11, 12, 13, 14, 15, 16, 17, 18, 19, 20, 21, 22, 23, 24, 25, 26, 27, 28, 29, 30, 31, 32, 33, 34, 35, 36, 37, 38, 39, 40, 41, 42, 43, 44, 45, 46, 47, 48, 49, 50, 51, 52, 53, 54, 55, 56, 57, 58, 59, 60, 61, 62, 63, 64, 65, 66, 67, 68, 69, 70, 71, 72, 73, 74, 75, 76, 77, 78, 79, 80, 81, 82, 83, 84, 85, 86, 87, 88, 89, 90, 91, 92, 93, 94, 95, 96, 97, 98, 99, 100, 101, 102, 103, 104, 105, 106]
YNEW:[0, 0, 0, 0, 0, 0, 0, 0, 0, 0, 0, 0, 0, 0, 0, 0, 0, 0, 0, 0, 0, 0, 0, 0, 0, 0, 0, 0, 0, 0, 0, 0, 0, 0, 0, 0, 0, 0, 0, 0, 0, 0, 0, 0, 0, 0, 0, 2, 2, 2, 1, 1, 0, 2, 2, 2, 1, 3, 4, 4, 8, 6, 8, 22, 16, 37, 31, 34, 42, 56, 58, 63, 92, 74, 93, 114, 103, 122, 120, 102, 92, 123, 126, 158, 90, 117, 96, 100, 90, 77, 103, 115, 143, 125, 165, 108, 80, 65, 50, 58, 49, 35, 17, 20, 6, 6]
YTOT: [0, 0, 0, 0, 0, 0, 0, 0, 0, 0, 0, 0, 0, 0, 0, 0, 0, 0, 0, 0, 0, 0, 0, 0, 0, 0, 0, 0, 0, 0, 0, 0, 0, 0, 0, 0, 0, 0, 0, 0, 0, 0, 0, 0, 0, 0, 0, 2, 4, 6, 7, 8, 8, 10, 12, 14, 15, 18, 22, 26, 34, 40, 48, 70, 86, 123, 154, 188, 230, 286, 344, 407, 499, 573, 666, 780, 883, 1005, 1125, 1227, 1319, 1442, 1568, 1726, 1816, 1933, 2029, 2129, 2219, 2296, 2399, 2514, 2657, 2782, 2947, 3055, 3135, 3200, 3250, 3308, 3357, 3392, 3409, 3429, 3435, 3441]

INFO: Total Population: 2383286
INFO: R0: 2
INFO: Incubation Period: 5
INFO: Illness Period: 12
X:[0, 1, 2, 3, 4, 5, 6, 7, 8, 9, 10, 11, 12, 13, 14, 15, 16, 17, 18, 19, 20, 21, 22, 23, 24, 25, 26, 27, 28, 29, 30, 31, 32, 33, 34, 35, 36, 37, 38, 39, 40, 41, 42, 43, 44, 45, 46, 47, 48, 49, 50, 51, 52, 53, 54, 55, 56, 57, 58, 59, 60, 61, 62, 63, 64, 65, 66, 67, 68, 69, 70, 71, 72, 73, 74, 75, 76, 77, 78, 79, 80, 81, 82, 83, 84, 85, 86, 87, 88, 89, 90, 91, 92, 93, 94, 95, 96, 97, 98, 99, 100, 101, 102, 103, 104, 105, 106]
YNEW:[0, 0, 0, 0, 0, 0, 0, 0, 0, 0, 0, 0, 0, 0, 0, 0, 0, 0, 0, 0, 0, 0, 0, 0, 0, 0, 0, 0, 0, 0, 0, 0, 0, 0, 0, 0, 0, 0, 0, 0, 0, 0, 0, 0, 0, 0, 0, 2, 2, 2, 1, 1, 0, 2, 2, 2, 1, 3, 4, 4, 8, 6, 8, 22, 16, 37, 31, 34, 42, 56, 58, 63, 92, 74, 93, 114, 103, 122, 120, 102, 92, 123, 126, 158, 97, 99, 83, 89, 86, 78, 108, 117, 116, 129, 114, 111, 95, 75, 57, 52, 57, 44, 15, 7, 14, 1]
YTOT: [0, 0, 0, 0, 0, 0, 0, 0, 0, 0, 0, 0, 0, 0, 0, 0, 0, 0, 0, 0, 0, 0, 0, 0, 0, 0, 0, 0, 0, 0, 0, 0, 0, 0, 0, 0, 0, 0, 0, 0, 0, 0, 0, 0, 0, 0, 0, 2, 4, 6, 7, 8, 8, 10, 12, 14, 15, 18, 22, 26, 34, 40, 48, 70, 86, 123, 154, 188, 230, 286, 344, 407, 499, 573, 666, 780, 883, 1005, 1125, 1227, 1319, 1442, 1568, 1726, 1823, 1922, 2005, 2094, 2180, 2258, 2366, 2483, 2599, 2728, 2842, 2953, 3048, 3123, 3180, 3232, 3289, 3333, 3348, 3355, 3369, 3370]

INFO: Total Population: 2383286
INFO: R0: 2
INFO: Incubation Period: 5
INFO: Illness Period: 12
X:[0, 1, 2, 3, 4, 5, 6, 7, 8, 9, 10, 11, 12, 13, 14, 15, 16, 17, 18, 19, 20, 21, 22, 23, 24, 25, 26, 27, 28, 29, 30, 31, 32, 33, 34, 35, 36, 37, 38, 39, 40, 41, 42, 43, 44, 45, 46, 47, 48, 49, 50, 51, 52, 53, 54, 55, 56, 57, 58, 59, 60, 61, 62, 63, 64, 65, 66, 67, 68, 69, 70, 71, 72, 73, 74, 75, 76, 77, 78, 79, 80, 81, 82, 83, 84, 85, 86, 87, 88, 89, 90, 91, 92, 93, 94, 95, 96, 97, 98, 99, 100, 101, 102, 103, 104, 105, 106, 107]
YNEW:[0, 0, 0, 0, 0, 0, 0, 0, 0, 0, 0, 0, 0, 0, 0, 0, 0, 0, 0, 0, 0, 0, 0, 0, 0, 0, 0, 0, 0, 0, 0, 0, 0, 0, 0, 0, 0, 0, 0, 0, 0, 0, 0, 0, 0, 0, 0, 2, 2, 2, 1, 1, 0, 2, 2, 2, 1, 3, 4, 4, 8, 6, 8, 22, 16, 37, 31, 34, 42, 56, 58, 63, 92, 74, 93, 114, 103, 122, 120, 102, 92, 123, 126, 158, 99, 99, 110, 81, 74, 100, 107, 127, 132, 113, 126, 105, 67, 77, 62, 65, 49, 36, 33, 15, 13, 7, 3]
YTOT: [0, 0, 0, 0, 0, 0, 0, 0, 0, 0, 0, 0, 0, 0, 0, 0, 0, 0, 0, 0, 0, 0, 0, 0, 0, 0, 0, 0, 0, 0, 0, 0, 0, 0, 0, 0, 0, 0, 0, 0, 0, 0, 0, 0, 0, 0, 0, 2, 4, 6, 7, 8, 8, 10, 12, 14, 15, 18, 22, 26, 34, 40, 48, 70, 86, 123, 154, 188, 230, 286, 344, 407, 499, 573, 666, 780, 883, 1005, 1125, 1227, 1319, 1442, 1568, 1726, 1825, 1924, 2034, 2115, 2189, 2289, 2396, 2523, 2655, 2768, 2894, 2999, 3066, 3143, 3205, 3270, 3319, 3355, 3388, 3403, 3416, 3423, 3426]

INFO: Total Population: 2383286
INFO: R0: 2
INFO: Incubation Period: 5
INFO: Illness Period: 12
X:[0, 1, 2, 3, 4, 5, 6, 7, 8, 9, 10, 11, 12, 13, 14, 15, 16, 17, 18, 19, 20, 21, 22, 23, 24, 25, 26, 27, 28, 29, 30, 31, 32, 33, 34, 35, 36, 37, 38, 39, 40, 41, 42, 43, 44, 45, 46, 47, 48, 49, 50, 51, 52, 53, 54, 55, 56, 57, 58, 59, 60, 61, 62, 63, 64, 65, 66, 67, 68, 69, 70, 71, 72, 73, 74, 75, 76, 77, 78, 79, 80, 81, 82, 83, 84, 85, 86, 87, 88, 89, 90, 91, 92, 93, 94, 95, 96, 97, 98, 99, 100, 101, 102, 103, 104, 105, 106, 107]
YNEW:[0, 0, 0, 0, 0, 0, 0, 0, 0, 0, 0, 0, 0, 0, 0, 0, 0, 0, 0, 0, 0, 0, 0, 0, 0, 0, 0, 0, 0, 0, 0, 0, 0, 0, 0, 0, 0, 0, 0, 0, 0, 0, 0, 0, 0, 0, 0, 2, 2, 2, 1, 1, 0, 2, 2, 2, 1, 3, 4, 4, 8, 6, 8, 22, 16, 37, 31, 34, 42, 56, 58, 63, 92, 74, 93, 114, 103, 122, 120, 102, 92, 123, 126, 158, 89, 90, 80, 83, 68, 64, 104, 125, 113, 128, 113, 105, 82, 66, 44, 44, 51, 23, 14, 15, 7, 2, 3]
YTOT: [0, 0, 0, 0, 0, 0, 0, 0, 0, 0, 0, 0, 0, 0, 0, 0, 0, 0, 0, 0, 0, 0, 0, 0, 0, 0, 0, 0, 0, 0, 0, 0, 0, 0, 0, 0, 0, 0, 0, 0, 0, 0, 0, 0, 0, 0, 0, 2, 4, 6, 7, 8, 8, 10, 12, 14, 15, 18, 22, 26, 34, 40, 48, 70, 86, 123, 154, 188, 230, 286, 344, 407, 499, 573, 666, 780, 883, 1005, 1125, 1227, 1319, 1442, 1568, 1726, 1815, 1905, 1985, 2068, 2136, 2200, 2304, 2429, 2542, 2670, 2783, 2888, 2970, 3036, 3080, 3124, 3175, 3198, 3212, 3227, 3234, 3236, 3239]

INFO: Total Population: 2383286
INFO: R0: 2
INFO: Incubation Period: 5
INFO: Illness Period: 12
X:[0, 1, 2, 3, 4, 5, 6, 7, 8, 9, 10, 11, 12, 13, 14, 15, 16, 17, 18, 19, 20, 21, 22, 23, 24, 25, 26, 27, 28, 29, 30, 31, 32, 33, 34, 35, 36, 37, 38, 39, 40, 41, 42, 43, 44, 45, 46, 47, 48, 49, 50, 51, 52, 53, 54, 55, 56, 57, 58, 59, 60, 61, 62, 63, 64, 65, 66, 67, 68, 69, 70, 71, 72, 73, 74, 75, 76, 77, 78, 79, 80, 81, 82, 83, 84, 85, 86, 87, 88, 89, 90, 91, 92, 93, 94, 95, 96, 97, 98, 99, 100, 101, 102, 103, 104, 105, 106, 107]
YNEW:[0, 0, 0, 0, 0, 0, 0, 0, 0, 0, 0, 0, 0, 0, 0, 0, 0, 0, 0, 0, 0, 0, 0, 0, 0, 0, 0, 0, 0, 0, 0, 0, 0, 0, 0, 0, 0, 0, 0, 0, 0, 0, 0, 0, 0, 0, 0, 2, 2, 2, 1, 1, 0, 2, 2, 2, 1, 3, 4, 4, 8, 6, 8, 22, 16, 37, 31, 34, 42, 56, 58, 63, 92, 74, 93, 114, 103, 122, 120, 102, 92, 123, 126, 158, 105, 91, 94, 102, 85, 88, 106, 106, 107, 123, 130, 112, 90, 67, 73, 54, 53, 33, 18, 13, 9, 4, 4]
YTOT: [0, 0, 0, 0, 0, 0, 0, 0, 0, 0, 0, 0, 0, 0, 0, 0, 0, 0, 0, 0, 0, 0, 0, 0, 0, 0, 0, 0, 0, 0, 0, 0, 0, 0, 0, 0, 0, 0, 0, 0, 0, 0, 0, 0, 0, 0, 0, 2, 4, 6, 7, 8, 8, 10, 12, 14, 15, 18, 22, 26, 34, 40, 48, 70, 86, 123, 154, 188, 230, 286, 344, 407, 499, 573, 666, 780, 883, 1005, 1125, 1227, 1319, 1442, 1568, 1726, 1831, 1922, 2016, 2118, 2203, 2291, 2397, 2503, 2610, 2733, 2863, 2975, 3065, 3132, 3205, 3259, 3312, 3345, 3363, 3376, 3385, 3389, 3393]

INFO: Total Population: 2383286
INFO: R0: 2
INFO: Incubation Period: 5
INFO: Illness Period: 12
X:[0, 1, 2, 3, 4, 5, 6, 7, 8, 9, 10, 11, 12, 13, 14, 15, 16, 17, 18, 19, 20, 21, 22, 23, 24, 25, 26, 27, 28, 29, 30, 31, 32, 33, 34, 35, 36, 37, 38, 39, 40, 41, 42, 43, 44, 45, 46, 47, 48, 49, 50, 51, 52, 53, 54, 55, 56, 57, 58, 59, 60, 61, 62, 63, 64, 65, 66, 67, 68, 69, 70, 71, 72, 73, 74, 75, 76, 77, 78, 79, 80, 81, 82, 83, 84, 85, 86, 87, 88, 89, 90, 91, 92, 93, 94, 95, 96, 97, 98, 99, 100, 101, 102, 103, 104, 105, 106]
YNEW:[0, 0, 0, 0, 0, 0, 0, 0, 0, 0, 0, 0, 0, 0, 0, 0, 0, 0, 0, 0, 0, 0, 0, 0, 0, 0, 0, 0, 0, 0, 0, 0, 0, 0, 0, 0, 0, 0, 0, 0, 0, 0, 0, 0, 0, 0, 0, 2, 2, 2, 1, 1, 0, 2, 2, 2, 1, 3, 4, 4, 8, 6, 8, 22, 16, 37, 31, 34, 42, 56, 58, 63, 92, 74, 93, 114, 103, 122, 120, 102, 92, 123, 126, 158, 93, 113, 104, 77, 90, 66, 108, 114, 126, 114, 119, 104, 101, 73, 65, 47, 37, 27, 25, 16, 6, 2]
YTOT: [0, 0, 0, 0, 0, 0, 0, 0, 0, 0, 0, 0, 0, 0, 0, 0, 0, 0, 0, 0, 0, 0, 0, 0, 0, 0, 0, 0, 0, 0, 0, 0, 0, 0, 0, 0, 0, 0, 0, 0, 0, 0, 0, 0, 0, 0, 0, 2, 4, 6, 7, 8, 8, 10, 12, 14, 15, 18, 22, 26, 34, 40, 48, 70, 86, 123, 154, 188, 230, 286, 344, 407, 499, 573, 666, 780, 883, 1005, 1125, 1227, 1319, 1442, 1568, 1726, 1819, 1932, 2036, 2113, 2203, 2269, 2377, 2491, 2617, 2731, 2850, 2954, 3055, 3128, 3193, 3240, 3277, 3304, 3329, 3345, 3351, 3353]

INFO: Total Population: 2383286
INFO: R0: 2
INFO: Incubation Period: 5
INFO: Illness Period: 12
X:[0, 1, 2, 3, 4, 5, 6, 7, 8, 9, 10, 11, 12, 13, 14, 15, 16, 17, 18, 19, 20, 21, 22, 23, 24, 25, 26, 27, 28, 29, 30, 31, 32, 33, 34, 35, 36, 37, 38, 39, 40, 41, 42, 43, 44, 45, 46, 47, 48, 49, 50, 51, 52, 53, 54, 55, 56, 57, 58, 59, 60, 61, 62, 63, 64, 65, 66, 67, 68, 69, 70, 71, 72, 73, 74, 75, 76, 77, 78, 79, 80, 81, 82, 83, 84, 85, 86, 87, 88, 89, 90, 91, 92, 93, 94, 95, 96, 97, 98, 99, 100, 101, 102, 103, 104, 105, 106, 107]
YNEW:[0, 0, 0, 0, 0, 0, 0, 0, 0, 0, 0, 0, 0, 0, 0, 0, 0, 0, 0, 0, 0, 0, 0, 0, 0, 0, 0, 0, 0, 0, 0, 0, 0, 0, 0, 0, 0, 0, 0, 0, 0, 0, 0, 0, 0, 0, 0, 2, 2, 2, 1, 1, 0, 2, 2, 2, 1, 3, 4, 4, 8, 6, 8, 22, 16, 37, 31, 34, 42, 56, 58, 63, 92, 74, 93, 114, 103, 122, 120, 102, 92, 123, 126, 158, 96, 102, 85, 85, 99, 80, 108, 126, 117, 134, 122, 93, 84, 74, 66, 55, 45, 28, 23, 17, 10, 2, 3]
YTOT: [0, 0, 0, 0, 0, 0, 0, 0, 0, 0, 0, 0, 0, 0, 0, 0, 0, 0, 0, 0, 0, 0, 0, 0, 0, 0, 0, 0, 0, 0, 0, 0, 0, 0, 0, 0, 0, 0, 0, 0, 0, 0, 0, 0, 0, 0, 0, 2, 4, 6, 7, 8, 8, 10, 12, 14, 15, 18, 22, 26, 34, 40, 48, 70, 86, 123, 154, 188, 230, 286, 344, 407, 499, 573, 666, 780, 883, 1005, 1125, 1227, 1319, 1442, 1568, 1726, 1822, 1924, 2009, 2094, 2193, 2273, 2381, 2507, 2624, 2758, 2880, 2973, 3057, 3131, 3197, 3252, 3297, 3325, 3348, 3365, 3375, 3377, 3380]

INFO: Total Population: 2383286
INFO: R0: 2
INFO: Incubation Period: 5
INFO: Illness Period: 12
X:[0, 1, 2, 3, 4, 5, 6, 7, 8, 9, 10, 11, 12, 13, 14, 15, 16, 17, 18, 19, 20, 21, 22, 23, 24, 25, 26, 27, 28, 29, 30, 31, 32, 33, 34, 35, 36, 37, 38, 39, 40, 41, 42, 43, 44, 45, 46, 47, 48, 49, 50, 51, 52, 53, 54, 55, 56, 57, 58, 59, 60, 61, 62, 63, 64, 65, 66, 67, 68, 69, 70, 71, 72, 73, 74, 75, 76, 77, 78, 79, 80, 81, 82, 83, 84, 85, 86, 87, 88, 89, 90, 91, 92, 93, 94, 95, 96, 97, 98, 99, 100, 101, 102, 103, 104, 105, 106, 107]
YNEW:[0, 0, 0, 0, 0, 0, 0, 0, 0, 0, 0, 0, 0, 0, 0, 0, 0, 0, 0, 0, 0, 0, 0, 0, 0, 0, 0, 0, 0, 0, 0, 0, 0, 0, 0, 0, 0, 0, 0, 0, 0, 0, 0, 0, 0, 0, 0, 2, 2, 2, 1, 1, 0, 2, 2, 2, 1, 3, 4, 4, 8, 6, 8, 22, 16, 37, 31, 34, 42, 56, 58, 63, 92, 74, 93, 114, 103, 122, 120, 102, 92, 123, 126, 158, 97, 117, 98, 83, 62, 81, 118, 118, 123, 129, 141, 117, 65, 78, 64, 47, 39, 33, 21, 16, 8, 3, 2]
YTOT: [0, 0, 0, 0, 0, 0, 0, 0, 0, 0, 0, 0, 0, 0, 0, 0, 0, 0, 0, 0, 0, 0, 0, 0, 0, 0, 0, 0, 0, 0, 0, 0, 0, 0, 0, 0, 0, 0, 0, 0, 0, 0, 0, 0, 0, 0, 0, 2, 4, 6, 7, 8, 8, 10, 12, 14, 15, 18, 22, 26, 34, 40, 48, 70, 86, 123, 154, 188, 230, 286, 344, 407, 499, 573, 666, 780, 883, 1005, 1125, 1227, 1319, 1442, 1568, 1726, 1823, 1940, 2038, 2121, 2183, 2264, 2382, 2500, 2623, 2752, 2893, 3010, 3075, 3153, 3217, 3264, 3303, 3336, 3357, 3373, 3381, 3384, 3386]

INFO: Total Population: 2383286
INFO: R0: 2
INFO: Incubation Period: 5
INFO: Illness Period: 12
X:[0, 1, 2, 3, 4, 5, 6, 7, 8, 9, 10, 11, 12, 13, 14, 15, 16, 17, 18, 19, 20, 21, 22, 23, 24, 25, 26, 27, 28, 29, 30, 31, 32, 33, 34, 35, 36, 37, 38, 39, 40, 41, 42, 43, 44, 45, 46, 47, 48, 49, 50, 51, 52, 53, 54, 55, 56, 57, 58, 59, 60, 61, 62, 63, 64, 65, 66, 67, 68, 69, 70, 71, 72, 73, 74, 75, 76, 77, 78, 79, 80, 81, 82, 83, 84, 85, 86, 87, 88, 89, 90, 91, 92, 93, 94, 95, 96, 97, 98, 99, 100, 101, 102, 103, 104, 105, 106, 107]
YNEW:[0, 0, 0, 0, 0, 0, 0, 0, 0, 0, 0, 0, 0, 0, 0, 0, 0, 0, 0, 0, 0, 0, 0, 0, 0, 0, 0, 0, 0, 0, 0, 0, 0, 0, 0, 0, 0, 0, 0, 0, 0, 0, 0, 0, 0, 0, 0, 2, 2, 2, 1, 1, 0, 2, 2, 2, 1, 3, 4, 4, 8, 6, 8, 22, 16, 37, 31, 34, 42, 56, 58, 63, 92, 74, 93, 114, 103, 122, 120, 102, 92, 123, 126, 158, 108, 112, 96, 93, 75, 91, 110, 111, 112, 153, 144, 103, 90, 86, 67, 47, 40, 33, 17, 10, 15, 8, 1]
YTOT: [0, 0, 0, 0, 0, 0, 0, 0, 0, 0, 0, 0, 0, 0, 0, 0, 0, 0, 0, 0, 0, 0, 0, 0, 0, 0, 0, 0, 0, 0, 0, 0, 0, 0, 0, 0, 0, 0, 0, 0, 0, 0, 0, 0, 0, 0, 0, 2, 4, 6, 7, 8, 8, 10, 12, 14, 15, 18, 22, 26, 34, 40, 48, 70, 86, 123, 154, 188, 230, 286, 344, 407, 499, 573, 666, 780, 883, 1005, 1125, 1227, 1319, 1442, 1568, 1726, 1834, 1946, 2042, 2135, 2210, 2301, 2411, 2522, 2634, 2787, 2931, 3034, 3124, 3210, 3277, 3324, 3364, 3397, 3414, 3424, 3439, 3447, 3448]

INFO: Total Population: 2383286
INFO: R0: 2
INFO: Incubation Period: 5
INFO: Illness Period: 12
X:[0, 1, 2, 3, 4, 5, 6, 7, 8, 9, 10, 11, 12, 13, 14, 15, 16, 17, 18, 19, 20, 21, 22, 23, 24, 25, 26, 27, 28, 29, 30, 31, 32, 33, 34, 35, 36, 37, 38, 39, 40, 41, 42, 43, 44, 45, 46, 47, 48, 49, 50, 51, 52, 53, 54, 55, 56, 57, 58, 59, 60, 61, 62, 63, 64, 65, 66, 67, 68, 69, 70, 71, 72, 73, 74, 75, 76, 77, 78, 79, 80, 81, 82, 83, 84, 85, 86, 87, 88, 89, 90, 91, 92, 93, 94, 95, 96, 97, 98, 99, 100, 101, 102, 103, 104, 105, 106, 107]
YNEW:[0, 0, 0, 0, 0, 0, 0, 0, 0, 0, 0, 0, 0, 0, 0, 0, 0, 0, 0, 0, 0, 0, 0, 0, 0, 0, 0, 0, 0, 0, 0, 0, 0, 0, 0, 0, 0, 0, 0, 0, 0, 0, 0, 0, 0, 0, 0, 2, 2, 2, 1, 1, 0, 2, 2, 2, 1, 3, 4, 4, 8, 6, 8, 22, 16, 37, 31, 34, 42, 56, 58, 63, 92, 74, 93, 114, 103, 122, 120, 102, 92, 123, 126, 158, 88, 104, 106, 99, 92, 63, 99, 118, 145, 127, 135, 104, 84, 67, 65, 47, 36, 28, 24, 15, 14, 1, 1]
YTOT: [0, 0, 0, 0, 0, 0, 0, 0, 0, 0, 0, 0, 0, 0, 0, 0, 0, 0, 0, 0, 0, 0, 0, 0, 0, 0, 0, 0, 0, 0, 0, 0, 0, 0, 0, 0, 0, 0, 0, 0, 0, 0, 0, 0, 0, 0, 0, 2, 4, 6, 7, 8, 8, 10, 12, 14, 15, 18, 22, 26, 34, 40, 48, 70, 86, 123, 154, 188, 230, 286, 344, 407, 499, 573, 666, 780, 883, 1005, 1125, 1227, 1319, 1442, 1568, 1726, 1814, 1918, 2024, 2123, 2215, 2278, 2377, 2495, 2640, 2767, 2902, 3006, 3090, 3157, 3222, 3269, 3305, 3333, 3357, 3372, 3386, 3387, 3388]

INFO: Total Population: 2383286
INFO: R0: 2
INFO: Incubation Period: 5
INFO: Illness Period: 12
X:[0, 1, 2, 3, 4, 5, 6, 7, 8, 9, 10, 11, 12, 13, 14, 15, 16, 17, 18, 19, 20, 21, 22, 23, 24, 25, 26, 27, 28, 29, 30, 31, 32, 33, 34, 35, 36, 37, 38, 39, 40, 41, 42, 43, 44, 45, 46, 47, 48, 49, 50, 51, 52, 53, 54, 55, 56, 57, 58, 59, 60, 61, 62, 63, 64, 65, 66, 67, 68, 69, 70, 71, 72, 73, 74, 75, 76, 77, 78, 79, 80, 81, 82, 83, 84, 85, 86, 87, 88, 89, 90, 91, 92, 93, 94, 95, 96, 97, 98, 99, 100, 101, 102, 103, 104, 105, 106, 107]
YNEW:[0, 0, 0, 0, 0, 0, 0, 0, 0, 0, 0, 0, 0, 0, 0, 0, 0, 0, 0, 0, 0, 0, 0, 0, 0, 0, 0, 0, 0, 0, 0, 0, 0, 0, 0, 0, 0, 0, 0, 0, 0, 0, 0, 0, 0, 0, 0, 2, 2, 2, 1, 1, 0, 2, 2, 2, 1, 3, 4, 4, 8, 6, 8, 22, 16, 37, 31, 34, 42, 56, 58, 63, 92, 74, 93, 114, 103, 122, 120, 102, 92, 123, 126, 158, 106, 104, 113, 76, 83, 112, 102, 144, 117, 134, 130, 120, 86, 75, 59, 50, 43, 33, 27, 15, 11, 6, 2]
YTOT: [0, 0, 0, 0, 0, 0, 0, 0, 0, 0, 0, 0, 0, 0, 0, 0, 0, 0, 0, 0, 0, 0, 0, 0, 0, 0, 0, 0, 0, 0, 0, 0, 0, 0, 0, 0, 0, 0, 0, 0, 0, 0, 0, 0, 0, 0, 0, 2, 4, 6, 7, 8, 8, 10, 12, 14, 15, 18, 22, 26, 34, 40, 48, 70, 86, 123, 154, 188, 230, 286, 344, 407, 499, 573, 666, 780, 883, 1005, 1125, 1227, 1319, 1442, 1568, 1726, 1832, 1936, 2049, 2125, 2208, 2320, 2422, 2566, 2683, 2817, 2947, 3067, 3153, 3228, 3287, 3337, 3380, 3413, 3440, 3455, 3466, 3472, 3474]

INFO: Total Population: 2383286
INFO: R0: 2
INFO: Incubation Period: 5
INFO: Illness Period: 12
X:[0, 1, 2, 3, 4, 5, 6, 7, 8, 9, 10, 11, 12, 13, 14, 15, 16, 17, 18, 19, 20, 21, 22, 23, 24, 25, 26, 27, 28, 29, 30, 31, 32, 33, 34, 35, 36, 37, 38, 39, 40, 41, 42, 43, 44, 45, 46, 47, 48, 49, 50, 51, 52, 53, 54, 55, 56, 57, 58, 59, 60, 61, 62, 63, 64, 65, 66, 67, 68, 69, 70, 71, 72, 73, 74, 75, 76, 77, 78, 79, 80, 81, 82, 83, 84, 85, 86, 87, 88, 89, 90, 91, 92, 93, 94, 95, 96, 97, 98, 99, 100, 101, 102, 103, 104, 105, 106]
YNEW:[0, 0, 0, 0, 0, 0, 0, 0, 0, 0, 0, 0, 0, 0, 0, 0, 0, 0, 0, 0, 0, 0, 0, 0, 0, 0, 0, 0, 0, 0, 0, 0, 0, 0, 0, 0, 0, 0, 0, 0, 0, 0, 0, 0, 0, 0, 0, 2, 2, 2, 1, 1, 0, 2, 2, 2, 1, 3, 4, 4, 8, 6, 8, 22, 16, 37, 31, 34, 42, 56, 58, 63, 92, 74, 93, 114, 103, 122, 120, 102, 92, 123, 126, 158, 104, 89, 89, 93, 92, 92, 106, 134, 103, 133, 130, 121, 90, 78, 66, 54, 47, 43, 25, 17, 8, 1]
YTOT: [0, 0, 0, 0, 0, 0, 0, 0, 0, 0, 0, 0, 0, 0, 0, 0, 0, 0, 0, 0, 0, 0, 0, 0, 0, 0, 0, 0, 0, 0, 0, 0, 0, 0, 0, 0, 0, 0, 0, 0, 0, 0, 0, 0, 0, 0, 0, 2, 4, 6, 7, 8, 8, 10, 12, 14, 15, 18, 22, 26, 34, 40, 48, 70, 86, 123, 154, 188, 230, 286, 344, 407, 499, 573, 666, 780, 883, 1005, 1125, 1227, 1319, 1442, 1568, 1726, 1830, 1919, 2008, 2101, 2193, 2285, 2391, 2525, 2628, 2761, 2891, 3012, 3102, 3180, 3246, 3300, 3347, 3390, 3415, 3432, 3440, 3441]

INFO: Total Population: 2383286
INFO: R0: 2
INFO: Incubation Period: 5
INFO: Illness Period: 12
X:[0, 1, 2, 3, 4, 5, 6, 7, 8, 9, 10, 11, 12, 13, 14, 15, 16, 17, 18, 19, 20, 21, 22, 23, 24, 25, 26, 27, 28, 29, 30, 31, 32, 33, 34, 35, 36, 37, 38, 39, 40, 41, 42, 43, 44, 45, 46, 47, 48, 49, 50, 51, 52, 53, 54, 55, 56, 57, 58, 59, 60, 61, 62, 63, 64, 65, 66, 67, 68, 69, 70, 71, 72, 73, 74, 75, 76, 77, 78, 79, 80, 81, 82, 83, 84, 85, 86, 87, 88, 89, 90, 91, 92, 93, 94, 95, 96, 97, 98, 99, 100, 101, 102, 103, 104, 105, 106, 107]
YNEW:[0, 0, 0, 0, 0, 0, 0, 0, 0, 0, 0, 0, 0, 0, 0, 0, 0, 0, 0, 0, 0, 0, 0, 0, 0, 0, 0, 0, 0, 0, 0, 0, 0, 0, 0, 0, 0, 0, 0, 0, 0, 0, 0, 0, 0, 0, 0, 2, 2, 2, 1, 1, 0, 2, 2, 2, 1, 3, 4, 4, 8, 6, 8, 22, 16, 37, 31, 34, 42, 56, 58, 63, 92, 74, 93, 114, 103, 122, 120, 102, 92, 123, 126, 158, 99, 108, 85, 91, 83, 66, 118, 100, 138, 124, 117, 104, 88, 70, 55, 57, 39, 34, 22, 8, 8, 8, 2]
YTOT: [0, 0, 0, 0, 0, 0, 0, 0, 0, 0, 0, 0, 0, 0, 0, 0, 0, 0, 0, 0, 0, 0, 0, 0, 0, 0, 0, 0, 0, 0, 0, 0, 0, 0, 0, 0, 0, 0, 0, 0, 0, 0, 0, 0, 0, 0, 0, 2, 4, 6, 7, 8, 8, 10, 12, 14, 15, 18, 22, 26, 34, 40, 48, 70, 86, 123, 154, 188, 230, 286, 344, 407, 499, 573, 666, 780, 883, 1005, 1125, 1227, 1319, 1442, 1568, 1726, 1825, 1933, 2018, 2109, 2192, 2258, 2376, 2476, 2614, 2738, 2855, 2959, 3047, 3117, 3172, 3229, 3268, 3302, 3324, 3332, 3340, 3348, 3350]

INFO: Total Population: 2383286
INFO: R0: 2
INFO: Incubation Period: 5
INFO: Illness Period: 12
X:[0, 1, 2, 3, 4, 5, 6, 7, 8, 9, 10, 11, 12, 13, 14, 15, 16, 17, 18, 19, 20, 21, 22, 23, 24, 25, 26, 27, 28, 29, 30, 31, 32, 33, 34, 35, 36, 37, 38, 39, 40, 41, 42, 43, 44, 45, 46, 47, 48, 49, 50, 51, 52, 53, 54, 55, 56, 57, 58, 59, 60, 61, 62, 63, 64, 65, 66, 67, 68, 69, 70, 71, 72, 73, 74, 75, 76, 77, 78, 79, 80, 81, 82, 83, 84, 85, 86, 87, 88, 89, 90, 91, 92, 93, 94, 95, 96, 97, 98, 99, 100, 101, 102, 103, 104, 105, 106]
YNEW:[0, 0, 0, 0, 0, 0, 0, 0, 0, 0, 0, 0, 0, 0, 0, 0, 0, 0, 0, 0, 0, 0, 0, 0, 0, 0, 0, 0, 0, 0, 0, 0, 0, 0, 0, 0, 0, 0, 0, 0, 0, 0, 0, 0, 0, 0, 0, 2, 2, 2, 1, 1, 0, 2, 2, 2, 1, 3, 4, 4, 8, 6, 8, 22, 16, 37, 31, 34, 42, 56, 58, 63, 92, 74, 93, 114, 103, 122, 120, 102, 92, 123, 126, 158, 94, 90, 102, 81, 75, 99, 110, 108, 138, 121, 123, 109, 91, 76, 54, 43, 42, 25, 23, 20, 4, 9]
YTOT: [0, 0, 0, 0, 0, 0, 0, 0, 0, 0, 0, 0, 0, 0, 0, 0, 0, 0, 0, 0, 0, 0, 0, 0, 0, 0, 0, 0, 0, 0, 0, 0, 0, 0, 0, 0, 0, 0, 0, 0, 0, 0, 0, 0, 0, 0, 0, 2, 4, 6, 7, 8, 8, 10, 12, 14, 15, 18, 22, 26, 34, 40, 48, 70, 86, 123, 154, 188, 230, 286, 344, 407, 499, 573, 666, 780, 883, 1005, 1125, 1227, 1319, 1442, 1568, 1726, 1820, 1910, 2012, 2093, 2168, 2267, 2377, 2485, 2623, 2744, 2867, 2976, 3067, 3143, 3197, 3240, 3282, 3307, 3330, 3350, 3354, 3363]

INFO: Total Population: 2383286
INFO: R0: 2
INFO: Incubation Period: 5
INFO: Illness Period: 12
X:[0, 1, 2, 3, 4, 5, 6, 7, 8, 9, 10, 11, 12, 13, 14, 15, 16, 17, 18, 19, 20, 21, 22, 23, 24, 25, 26, 27, 28, 29, 30, 31, 32, 33, 34, 35, 36, 37, 38, 39, 40, 41, 42, 43, 44, 45, 46, 47, 48, 49, 50, 51, 52, 53, 54, 55, 56, 57, 58, 59, 60, 61, 62, 63, 64, 65, 66, 67, 68, 69, 70, 71, 72, 73, 74, 75, 76, 77, 78, 79, 80, 81, 82, 83, 84, 85, 86, 87, 88, 89, 90, 91, 92, 93, 94, 95, 96, 97, 98, 99, 100, 101, 102, 103, 104, 105, 106]
YNEW:[0, 0, 0, 0, 0, 0, 0, 0, 0, 0, 0, 0, 0, 0, 0, 0, 0, 0, 0, 0, 0, 0, 0, 0, 0, 0, 0, 0, 0, 0, 0, 0, 0, 0, 0, 0, 0, 0, 0, 0, 0, 0, 0, 0, 0, 0, 0, 2, 2, 2, 1, 1, 0, 2, 2, 2, 1, 3, 4, 4, 8, 6, 8, 22, 16, 37, 31, 34, 42, 56, 58, 63, 92, 74, 93, 114, 103, 122, 120, 102, 92, 123, 126, 158, 97, 103, 100, 95, 68, 71, 114, 124, 135, 129, 123, 101, 90, 62, 61, 48, 35, 25, 23, 14, 7, 5]
YTOT: [0, 0, 0, 0, 0, 0, 0, 0, 0, 0, 0, 0, 0, 0, 0, 0, 0, 0, 0, 0, 0, 0, 0, 0, 0, 0, 0, 0, 0, 0, 0, 0, 0, 0, 0, 0, 0, 0, 0, 0, 0, 0, 0, 0, 0, 0, 0, 2, 4, 6, 7, 8, 8, 10, 12, 14, 15, 18, 22, 26, 34, 40, 48, 70, 86, 123, 154, 188, 230, 286, 344, 407, 499, 573, 666, 780, 883, 1005, 1125, 1227, 1319, 1442, 1568, 1726, 1823, 1926, 2026, 2121, 2189, 2260, 2374, 2498, 2633, 2762, 2885, 2986, 3076, 3138, 3199, 3247, 3282, 3307, 3330, 3344, 3351, 3356]

INFO: Total Population: 2383286
INFO: R0: 2
INFO: Incubation Period: 5
INFO: Illness Period: 12
X:[0, 1, 2, 3, 4, 5, 6, 7, 8, 9, 10, 11, 12, 13, 14, 15, 16, 17, 18, 19, 20, 21, 22, 23, 24, 25, 26, 27, 28, 29, 30, 31, 32, 33, 34, 35, 36, 37, 38, 39, 40, 41, 42, 43, 44, 45, 46, 47, 48, 49, 50, 51, 52, 53, 54, 55, 56, 57, 58, 59, 60, 61, 62, 63, 64, 65, 66, 67, 68, 69, 70, 71, 72, 73, 74, 75, 76, 77, 78, 79, 80, 81, 82, 83, 84, 85, 86, 87, 88, 89, 90, 91, 92, 93, 94, 95, 96, 97, 98, 99, 100, 101, 102, 103, 104, 105, 106]
YNEW:[0, 0, 0, 0, 0, 0, 0, 0, 0, 0, 0, 0, 0, 0, 0, 0, 0, 0, 0, 0, 0, 0, 0, 0, 0, 0, 0, 0, 0, 0, 0, 0, 0, 0, 0, 0, 0, 0, 0, 0, 0, 0, 0, 0, 0, 0, 0, 2, 2, 2, 1, 1, 0, 2, 2, 2, 1, 3, 4, 4, 8, 6, 8, 22, 16, 37, 31, 34, 42, 56, 58, 63, 92, 74, 93, 114, 103, 122, 120, 102, 92, 123, 126, 158, 97, 91, 90, 92, 78, 66, 89, 107, 126, 129, 126, 130, 87, 70, 42, 42, 43, 46, 16, 12, 11, 3]
YTOT: [0, 0, 0, 0, 0, 0, 0, 0, 0, 0, 0, 0, 0, 0, 0, 0, 0, 0, 0, 0, 0, 0, 0, 0, 0, 0, 0, 0, 0, 0, 0, 0, 0, 0, 0, 0, 0, 0, 0, 0, 0, 0, 0, 0, 0, 0, 0, 2, 4, 6, 7, 8, 8, 10, 12, 14, 15, 18, 22, 26, 34, 40, 48, 70, 86, 123, 154, 188, 230, 286, 344, 407, 499, 573, 666, 780, 883, 1005, 1125, 1227, 1319, 1442, 1568, 1726, 1823, 1914, 2004, 2096, 2174, 2240, 2329, 2436, 2562, 2691, 2817, 2947, 3034, 3104, 3146, 3188, 3231, 3277, 3293, 3305, 3316, 3319]

INFO: Total Population: 2383286
INFO: R0: 2
INFO: Incubation Period: 5
INFO: Illness Period: 12
X:[0, 1, 2, 3, 4, 5, 6, 7, 8, 9, 10, 11, 12, 13, 14, 15, 16, 17, 18, 19, 20, 21, 22, 23, 24, 25, 26, 27, 28, 29, 30, 31, 32, 33, 34, 35, 36, 37, 38, 39, 40, 41, 42, 43, 44, 45, 46, 47, 48, 49, 50, 51, 52, 53, 54, 55, 56, 57, 58, 59, 60, 61, 62, 63, 64, 65, 66, 67, 68, 69, 70, 71, 72, 73, 74, 75, 76, 77, 78, 79, 80, 81, 82, 83, 84, 85, 86, 87, 88, 89, 90, 91, 92, 93, 94, 95, 96, 97, 98, 99, 100, 101, 102, 103, 104, 105, 106]
YNEW:[0, 0, 0, 0, 0, 0, 0, 0, 0, 0, 0, 0, 0, 0, 0, 0, 0, 0, 0, 0, 0, 0, 0, 0, 0, 0, 0, 0, 0, 0, 0, 0, 0, 0, 0, 0, 0, 0, 0, 0, 0, 0, 0, 0, 0, 0, 0, 2, 2, 2, 1, 1, 0, 2, 2, 2, 1, 3, 4, 4, 8, 6, 8, 22, 16, 37, 31, 34, 42, 56, 58, 63, 92, 74, 93, 114, 103, 122, 120, 102, 92, 123, 126, 158, 105, 82, 105, 86, 69, 104, 113, 119, 129, 119, 126, 112, 83, 65, 72, 51, 42, 33, 19, 20, 11, 4]
YTOT: [0, 0, 0, 0, 0, 0, 0, 0, 0, 0, 0, 0, 0, 0, 0, 0, 0, 0, 0, 0, 0, 0, 0, 0, 0, 0, 0, 0, 0, 0, 0, 0, 0, 0, 0, 0, 0, 0, 0, 0, 0, 0, 0, 0, 0, 0, 0, 2, 4, 6, 7, 8, 8, 10, 12, 14, 15, 18, 22, 26, 34, 40, 48, 70, 86, 123, 154, 188, 230, 286, 344, 407, 499, 573, 666, 780, 883, 1005, 1125, 1227, 1319, 1442, 1568, 1726, 1831, 1913, 2018, 2104, 2173, 2277, 2390, 2509, 2638, 2757, 2883, 2995, 3078, 3143, 3215, 3266, 3308, 3341, 3360, 3380, 3391, 3395]

END