

INFO: Total Population: 3164182
INFO: R0: 2
INFO: Incubation Period: 5
INFO: Illness Period: 7
X:[0, 1, 2, 3, 4, 5, 6, 7, 8, 9, 10, 11, 12, 13, 14, 15, 16, 17, 18, 19, 20, 21, 22, 23, 24, 25, 26, 27, 28, 29, 30, 31, 32, 33, 34, 35, 36, 37, 38, 39, 40, 41, 42, 43, 44, 45, 46, 47, 48, 49, 50, 51, 52, 53, 54, 55, 56, 57, 58, 59, 60, 61, 62, 63, 64, 65, 66, 67, 68, 69, 70, 71, 72, 73, 74, 75, 76, 77, 78, 79, 80, 81, 82, 83, 84, 85, 86, 87, 88, 89, 90, 91, 92, 93, 94, 95, 96, 97, 98, 99, 100, 101, 102, 103, 104, 105, 106, 107, 108, 109, 110, 111, 112, 113, 114, 115, 116, 117, 118]
YNEW:[0, 0, 0, 0, 0, 0, 0, 0, 0, 0, 0, 0, 0, 0, 0, 0, 0, 0, 0, 0, 0, 0, 0, 0, 0, 0, 0, 0, 0, 0, 0, 0, 0, 0, 0, 0, 0, 0, 0, 0, 0, 0, 1, 1, 0, 0, 0, 1, 1, 1, 1, 3, 2, 3, 4, 5, 8, 9, 11, 12, 14, 19, 23, 28, 43, 53, 65, 56, 48, 42, 61, 58, 60, 66, 61, 54, 52, 62, 63, 63, 71, 67, 46, 33, 44, 45, 56, 60, 68, 59, 44, 47, 55, 43, 70, 46, 46, 48, 49, 39, 59, 65, 58, 66, 79, 88, 80, 58, 42, 47, 42, 29, 18, 13, 5, 5, 1, 1]
YTOT: [0, 0, 0, 0, 0, 0, 0, 0, 0, 0, 0, 0, 0, 0, 0, 0, 0, 0, 0, 0, 0, 0, 0, 0, 0, 0, 0, 0, 0, 0, 0, 0, 0, 0, 0, 0, 0, 0, 0, 0, 0, 0, 1, 2, 2, 2, 2, 3, 4, 5, 6, 9, 11, 14, 18, 23, 31, 40, 51, 63, 77, 96, 119, 147, 190, 243, 308, 364, 412, 454, 515, 573, 633, 699, 760, 814, 866, 928, 991, 1054, 1125, 1192, 1238, 1271, 1315, 1360, 1416, 1476, 1544, 1603, 1647, 1694, 1749, 1792, 1862, 1908, 1954, 2002, 2051, 2090, 2149, 2214, 2272, 2338, 2417, 2505, 2585, 2643, 2685, 2732, 2774, 2803, 2821, 2834, 2839, 2844, 2845, 2846]

INFO: Total Population: 3164182
INFO: R0: 2
INFO: Incubation Period: 5
INFO: Illness Period: 7
X:[0, 1, 2, 3, 4, 5, 6, 7, 8, 9, 10, 11, 12, 13, 14, 15, 16, 17, 18, 19, 20, 21, 22, 23, 24, 25, 26, 27, 28, 29, 30, 31, 32, 33, 34, 35, 36, 37, 38, 39, 40, 41, 42, 43, 44, 45, 46, 47, 48, 49, 50, 51, 52, 53, 54, 55, 56, 57, 58, 59, 60, 61, 62, 63, 64, 65, 66, 67, 68, 69, 70, 71, 72, 73, 74, 75, 76, 77, 78, 79, 80, 81, 82, 83, 84, 85, 86, 87, 88, 89, 90, 91, 92, 93, 94, 95, 96, 97, 98, 99, 100, 101, 102, 103, 104, 105, 106, 107, 108, 109, 110, 111, 112, 113, 114, 115, 116, 117]
YNEW:[0, 0, 0, 0, 0, 0, 0, 0, 0, 0, 0, 0, 0, 0, 0, 0, 0, 0, 0, 0, 0, 0, 0, 0, 0, 0, 0, 0, 0, 0, 0, 0, 0, 0, 0, 0, 0, 0, 0, 0, 0, 0, 1, 1, 0, 0, 0, 1, 1, 1, 1, 3, 2, 3, 4, 5, 8, 9, 11, 12, 14, 19, 23, 28, 43, 53, 65, 56, 48, 42, 61, 58, 60, 66, 61, 54, 52, 62, 63, 63, 71, 67, 46, 33, 44, 45, 56, 60, 68, 59, 44, 47, 55, 43, 70, 42, 54, 54, 51, 38, 26, 61, 71, 83, 82, 87, 68, 44, 41, 44, 29, 21, 22, 15, 6, 5, 2]
YTOT: [0, 0, 0, 0, 0, 0, 0, 0, 0, 0, 0, 0, 0, 0, 0, 0, 0, 0, 0, 0, 0, 0, 0, 0, 0, 0, 0, 0, 0, 0, 0, 0, 0, 0, 0, 0, 0, 0, 0, 0, 0, 0, 1, 2, 2, 2, 2, 3, 4, 5, 6, 9, 11, 14, 18, 23, 31, 40, 51, 63, 77, 96, 119, 147, 190, 243, 308, 364, 412, 454, 515, 573, 633, 699, 760, 814, 866, 928, 991, 1054, 1125, 1192, 1238, 1271, 1315, 1360, 1416, 1476, 1544, 1603, 1647, 1694, 1749, 1792, 1862, 1904, 1958, 2012, 2063, 2101, 2127, 2188, 2259, 2342, 2424, 2511, 2579, 2623, 2664, 2708, 2737, 2758, 2780, 2795, 2801, 2806, 2808]

INFO: Total Population: 3164182
INFO: R0: 2
INFO: Incubation Period: 5
INFO: Illness Period: 7
X:[0, 1, 2, 3, 4, 5, 6, 7, 8, 9, 10, 11, 12, 13, 14, 15, 16, 17, 18, 19, 20, 21, 22, 23, 24, 25, 26, 27, 28, 29, 30, 31, 32, 33, 34, 35, 36, 37, 38, 39, 40, 41, 42, 43, 44, 45, 46, 47, 48, 49, 50, 51, 52, 53, 54, 55, 56, 57, 58, 59, 60, 61, 62, 63, 64, 65, 66, 67, 68, 69, 70, 71, 72, 73, 74, 75, 76, 77, 78, 79, 80, 81, 82, 83, 84, 85, 86, 87, 88, 89, 90, 91, 92, 93, 94, 95, 96, 97, 98, 99, 100, 101, 102, 103, 104, 105, 106, 107, 108, 109, 110, 111, 112, 113, 114, 115, 116, 117, 118]
YNEW:[0, 0, 0, 0, 0, 0, 0, 0, 0, 0, 0, 0, 0, 0, 0, 0, 0, 0, 0, 0, 0, 0, 0, 0, 0, 0, 0, 0, 0, 0, 0, 0, 0, 0, 0, 0, 0, 0, 0, 0, 0, 0, 1, 1, 0, 0, 0, 1, 1, 1, 1, 3, 2, 3, 4, 5, 8, 9, 11, 12, 14, 19, 23, 28, 43, 53, 65, 56, 48, 42, 61, 58, 60, 66, 61, 54, 52, 62, 63, 63, 71, 67, 46, 33, 44, 45, 56, 60, 68, 59, 44, 47, 55, 43, 70, 53, 55, 45, 35, 43, 26, 61, 64, 71, 65, 70, 73, 58, 51, 39, 33, 24, 23, 17, 9, 3, 4, 2]
YTOT: [0, 0, 0, 0, 0, 0, 0, 0, 0, 0, 0, 0, 0, 0, 0, 0, 0, 0, 0, 0, 0, 0, 0, 0, 0, 0, 0, 0, 0, 0, 0, 0, 0, 0, 0, 0, 0, 0, 0, 0, 0, 0, 1, 2, 2, 2, 2, 3, 4, 5, 6, 9, 11, 14, 18, 23, 31, 40, 51, 63, 77, 96, 119, 147, 190, 243, 308, 364, 412, 454, 515, 573, 633, 699, 760, 814, 866, 928, 991, 1054, 1125, 1192, 1238, 1271, 1315, 1360, 1416, 1476, 1544, 1603, 1647, 1694, 1749, 1792, 1862, 1915, 1970, 2015, 2050, 2093, 2119, 2180, 2244, 2315, 2380, 2450, 2523, 2581, 2632, 2671, 2704, 2728, 2751, 2768, 2777, 2780, 2784, 2786]

INFO: Total Population: 3164182
INFO: R0: 2
INFO: Incubation Period: 5
INFO: Illness Period: 7
X:[0, 1, 2, 3, 4, 5, 6, 7, 8, 9, 10, 11, 12, 13, 14, 15, 16, 17, 18, 19, 20, 21, 22, 23, 24, 25, 26, 27, 28, 29, 30, 31, 32, 33, 34, 35, 36, 37, 38, 39, 40, 41, 42, 43, 44, 45, 46, 47, 48, 49, 50, 51, 52, 53, 54, 55, 56, 57, 58, 59, 60, 61, 62, 63, 64, 65, 66, 67, 68, 69, 70, 71, 72, 73, 74, 75, 76, 77, 78, 79, 80, 81, 82, 83, 84, 85, 86, 87, 88, 89, 90, 91, 92, 93, 94, 95, 96, 97, 98, 99, 100, 101, 102, 103, 104, 105, 106, 107, 108, 109, 110, 111, 112, 113, 114, 115, 116, 117]
YNEW:[0, 0, 0, 0, 0, 0, 0, 0, 0, 0, 0, 0, 0, 0, 0, 0, 0, 0, 0, 0, 0, 0, 0, 0, 0, 0, 0, 0, 0, 0, 0, 0, 0, 0, 0, 0, 0, 0, 0, 0, 0, 0, 1, 1, 0, 0, 0, 1, 1, 1, 1, 3, 2, 3, 4, 5, 8, 9, 11, 12, 14, 19, 23, 28, 43, 53, 65, 56, 48, 42, 61, 58, 60, 66, 61, 54, 52, 62, 63, 63, 71, 67, 46, 33, 44, 45, 56, 60, 68, 59, 44, 47, 55, 43, 70, 51, 47, 39, 46, 35, 36, 58, 71, 61, 75, 75, 60, 49, 44, 33, 41, 22, 20, 14, 14, 3, 8]
YTOT: [0, 0, 0, 0, 0, 0, 0, 0, 0, 0, 0, 0, 0, 0, 0, 0, 0, 0, 0, 0, 0, 0, 0, 0, 0, 0, 0, 0, 0, 0, 0, 0, 0, 0, 0, 0, 0, 0, 0, 0, 0, 0, 1, 2, 2, 2, 2, 3, 4, 5, 6, 9, 11, 14, 18, 23, 31, 40, 51, 63, 77, 96, 119, 147, 190, 243, 308, 364, 412, 454, 515, 573, 633, 699, 760, 814, 866, 928, 991, 1054, 1125, 1192, 1238, 1271, 1315, 1360, 1416, 1476, 1544, 1603, 1647, 1694, 1749, 1792, 1862, 1913, 1960, 1999, 2045, 2080, 2116, 2174, 2245, 2306, 2381, 2456, 2516, 2565, 2609, 2642, 2683, 2705, 2725, 2739, 2753, 2756, 2764]

INFO: Total Population: 3164182
INFO: R0: 2
INFO: Incubation Period: 5
INFO: Illness Period: 7
X:[0, 1, 2, 3, 4, 5, 6, 7, 8, 9, 10, 11, 12, 13, 14, 15, 16, 17, 18, 19, 20, 21, 22, 23, 24, 25, 26, 27, 28, 29, 30, 31, 32, 33, 34, 35, 36, 37, 38, 39, 40, 41, 42, 43, 44, 45, 46, 47, 48, 49, 50, 51, 52, 53, 54, 55, 56, 57, 58, 59, 60, 61, 62, 63, 64, 65, 66, 67, 68, 69, 70, 71, 72, 73, 74, 75, 76, 77, 78, 79, 80, 81, 82, 83, 84, 85, 86, 87, 88, 89, 90, 91, 92, 93, 94, 95, 96, 97, 98, 99, 100, 101, 102, 103, 104, 105, 106, 107, 108, 109, 110, 111, 112, 113, 114, 115, 116, 117]
YNEW:[0, 0, 0, 0, 0, 0, 0, 0, 0, 0, 0, 0, 0, 0, 0, 0, 0, 0, 0, 0, 0, 0, 0, 0, 0, 0, 0, 0, 0, 0, 0, 0, 0, 0, 0, 0, 0, 0, 0, 0, 0, 0, 1, 1, 0, 0, 0, 1, 1, 1, 1, 3, 2, 3, 4, 5, 8, 9, 11, 12, 14, 19, 23, 28, 43, 53, 65, 56, 48, 42, 61, 58, 60, 66, 61, 54, 52, 62, 63, 63, 71, 67, 46, 33, 44, 45, 56, 60, 68, 59, 44, 47, 55, 43, 70, 52, 46, 37, 42, 41, 46, 60, 67, 53, 80, 94, 68, 44, 50, 44, 37, 31, 28, 9, 6, 5, 2]
YTOT: [0, 0, 0, 0, 0, 0, 0, 0, 0, 0, 0, 0, 0, 0, 0, 0, 0, 0, 0, 0, 0, 0, 0, 0, 0, 0, 0, 0, 0, 0, 0, 0, 0, 0, 0, 0, 0, 0, 0, 0, 0, 0, 1, 2, 2, 2, 2, 3, 4, 5, 6, 9, 11, 14, 18, 23, 31, 40, 51, 63, 77, 96, 119, 147, 190, 243, 308, 364, 412, 454, 515, 573, 633, 699, 760, 814, 866, 928, 991, 1054, 1125, 1192, 1238, 1271, 1315, 1360, 1416, 1476, 1544, 1603, 1647, 1694, 1749, 1792, 1862, 1914, 1960, 1997, 2039, 2080, 2126, 2186, 2253, 2306, 2386, 2480, 2548, 2592, 2642, 2686, 2723, 2754, 2782, 2791, 2797, 2802, 2804]

INFO: Total Population: 3164182
INFO: R0: 2
INFO: Incubation Period: 5
INFO: Illness Period: 7
X:[0, 1, 2, 3, 4, 5, 6, 7, 8, 9, 10, 11, 12, 13, 14, 15, 16, 17, 18, 19, 20, 21, 22, 23, 24, 25, 26, 27, 28, 29, 30, 31, 32, 33, 34, 35, 36, 37, 38, 39, 40, 41, 42, 43, 44, 45, 46, 47, 48, 49, 50, 51, 52, 53, 54, 55, 56, 57, 58, 59, 60, 61, 62, 63, 64, 65, 66, 67, 68, 69, 70, 71, 72, 73, 74, 75, 76, 77, 78, 79, 80, 81, 82, 83, 84, 85, 86, 87, 88, 89, 90, 91, 92, 93, 94, 95, 96, 97, 98, 99, 100, 101, 102, 103, 104, 105, 106, 107, 108, 109, 110, 111, 112, 113, 114, 115, 116, 117]
YNEW:[0, 0, 0, 0, 0, 0, 0, 0, 0, 0, 0, 0, 0, 0, 0, 0, 0, 0, 0, 0, 0, 0, 0, 0, 0, 0, 0, 0, 0, 0, 0, 0, 0, 0, 0, 0, 0, 0, 0, 0, 0, 0, 1, 1, 0, 0, 0, 1, 1, 1, 1, 3, 2, 3, 4, 5, 8, 9, 11, 12, 14, 19, 23, 28, 43, 53, 65, 56, 48, 42, 61, 58, 60, 66, 61, 54, 52, 62, 63, 63, 71, 67, 46, 33, 44, 45, 56, 60, 68, 59, 44, 47, 55, 43, 70, 46, 44, 38, 34, 40, 40, 58, 54, 82, 70, 78, 49, 59, 53, 37, 19, 34, 27, 16, 13, 3, 2]
YTOT: [0, 0, 0, 0, 0, 0, 0, 0, 0, 0, 0, 0, 0, 0, 0, 0, 0, 0, 0, 0, 0, 0, 0, 0, 0, 0, 0, 0, 0, 0, 0, 0, 0, 0, 0, 0, 0, 0, 0, 0, 0, 0, 1, 2, 2, 2, 2, 3, 4, 5, 6, 9, 11, 14, 18, 23, 31, 40, 51, 63, 77, 96, 119, 147, 190, 243, 308, 364, 412, 454, 515, 573, 633, 699, 760, 814, 866, 928, 991, 1054, 1125, 1192, 1238, 1271, 1315, 1360, 1416, 1476, 1544, 1603, 1647, 1694, 1749, 1792, 1862, 1908, 1952, 1990, 2024, 2064, 2104, 2162, 2216, 2298, 2368, 2446, 2495, 2554, 2607, 2644, 2663, 2697, 2724, 2740, 2753, 2756, 2758]

INFO: Total Population: 3164182
INFO: R0: 2
INFO: Incubation Period: 5
INFO: Illness Period: 7
X:[0, 1, 2, 3, 4, 5, 6, 7, 8, 9, 10, 11, 12, 13, 14, 15, 16, 17, 18, 19, 20, 21, 22, 23, 24, 25, 26, 27, 28, 29, 30, 31, 32, 33, 34, 35, 36, 37, 38, 39, 40, 41, 42, 43, 44, 45, 46, 47, 48, 49, 50, 51, 52, 53, 54, 55, 56, 57, 58, 59, 60, 61, 62, 63, 64, 65, 66, 67, 68, 69, 70, 71, 72, 73, 74, 75, 76, 77, 78, 79, 80, 81, 82, 83, 84, 85, 86, 87, 88, 89, 90, 91, 92, 93, 94, 95, 96, 97, 98, 99, 100, 101, 102, 103, 104, 105, 106, 107, 108, 109, 110, 111, 112, 113, 114, 115, 116, 117, 118]
YNEW:[0, 0, 0, 0, 0, 0, 0, 0, 0, 0, 0, 0, 0, 0, 0, 0, 0, 0, 0, 0, 0, 0, 0, 0, 0, 0, 0, 0, 0, 0, 0, 0, 0, 0, 0, 0, 0, 0, 0, 0, 0, 0, 1, 1, 0, 0, 0, 1, 1, 1, 1, 3, 2, 3, 4, 5, 8, 9, 11, 12, 14, 19, 23, 28, 43, 53, 65, 56, 48, 42, 61, 58, 60, 66, 61, 54, 52, 62, 63, 63, 71, 67, 46, 33, 44, 45, 56, 60, 68, 59, 44, 47, 55, 43, 70, 68, 44, 42, 34, 43, 55, 62, 69, 77, 74, 75, 76, 60, 63, 39, 29, 42, 15, 9, 10, 11, 1, 1]
YTOT: [0, 0, 0, 0, 0, 0, 0, 0, 0, 0, 0, 0, 0, 0, 0, 0, 0, 0, 0, 0, 0, 0, 0, 0, 0, 0, 0, 0, 0, 0, 0, 0, 0, 0, 0, 0, 0, 0, 0, 0, 0, 0, 1, 2, 2, 2, 2, 3, 4, 5, 6, 9, 11, 14, 18, 23, 31, 40, 51, 63, 77, 96, 119, 147, 190, 243, 308, 364, 412, 454, 515, 573, 633, 699, 760, 814, 866, 928, 991, 1054, 1125, 1192, 1238, 1271, 1315, 1360, 1416, 1476, 1544, 1603, 1647, 1694, 1749, 1792, 1862, 1930, 1974, 2016, 2050, 2093, 2148, 2210, 2279, 2356, 2430, 2505, 2581, 2641, 2704, 2743, 2772, 2814, 2829, 2838, 2848, 2859, 2860, 2861]

INFO: Total Population: 3164182
INFO: R0: 2
INFO: Incubation Period: 5
INFO: Illness Period: 7
X:[0, 1, 2, 3, 4, 5, 6, 7, 8, 9, 10, 11, 12, 13, 14, 15, 16, 17, 18, 19, 20, 21, 22, 23, 24, 25, 26, 27, 28, 29, 30, 31, 32, 33, 34, 35, 36, 37, 38, 39, 40, 41, 42, 43, 44, 45, 46, 47, 48, 49, 50, 51, 52, 53, 54, 55, 56, 57, 58, 59, 60, 61, 62, 63, 64, 65, 66, 67, 68, 69, 70, 71, 72, 73, 74, 75, 76, 77, 78, 79, 80, 81, 82, 83, 84, 85, 86, 87, 88, 89, 90, 91, 92, 93, 94, 95, 96, 97, 98, 99, 100, 101, 102, 103, 104, 105, 106, 107, 108, 109, 110, 111, 112, 113, 114, 115, 116, 117, 118]
YNEW:[0, 0, 0, 0, 0, 0, 0, 0, 0, 0, 0, 0, 0, 0, 0, 0, 0, 0, 0, 0, 0, 0, 0, 0, 0, 0, 0, 0, 0, 0, 0, 0, 0, 0, 0, 0, 0, 0, 0, 0, 0, 0, 1, 1, 0, 0, 0, 1, 1, 1, 1, 3, 2, 3, 4, 5, 8, 9, 11, 12, 14, 19, 23, 28, 43, 53, 65, 56, 48, 42, 61, 58, 60, 66, 61, 54, 52, 62, 63, 63, 71, 67, 46, 33, 44, 45, 56, 60, 68, 59, 44, 47, 55, 43, 70, 42, 51, 40, 46, 40, 55, 60, 61, 77, 76, 79, 79, 61, 49, 37, 32, 25, 27, 9, 8, 4, 2, 2]
YTOT: [0, 0, 0, 0, 0, 0, 0, 0, 0, 0, 0, 0, 0, 0, 0, 0, 0, 0, 0, 0, 0, 0, 0, 0, 0, 0, 0, 0, 0, 0, 0, 0, 0, 0, 0, 0, 0, 0, 0, 0, 0, 0, 1, 2, 2, 2, 2, 3, 4, 5, 6, 9, 11, 14, 18, 23, 31, 40, 51, 63, 77, 96, 119, 147, 190, 243, 308, 364, 412, 454, 515, 573, 633, 699, 760, 814, 866, 928, 991, 1054, 1125, 1192, 1238, 1271, 1315, 1360, 1416, 1476, 1544, 1603, 1647, 1694, 1749, 1792, 1862, 1904, 1955, 1995, 2041, 2081, 2136, 2196, 2257, 2334, 2410, 2489, 2568, 2629, 2678, 2715, 2747, 2772, 2799, 2808, 2816, 2820, 2822, 2824]

INFO: Total Population: 3164182
INFO: R0: 2
INFO: Incubation Period: 5
INFO: Illness Period: 7
X:[0, 1, 2, 3, 4, 5, 6, 7, 8, 9, 10, 11, 12, 13, 14, 15, 16, 17, 18, 19, 20, 21, 22, 23, 24, 25, 26, 27, 28, 29, 30, 31, 32, 33, 34, 35, 36, 37, 38, 39, 40, 41, 42, 43, 44, 45, 46, 47, 48, 49, 50, 51, 52, 53, 54, 55, 56, 57, 58, 59, 60, 61, 62, 63, 64, 65, 66, 67, 68, 69, 70, 71, 72, 73, 74, 75, 76, 77, 78, 79, 80, 81, 82, 83, 84, 85, 86, 87, 88, 89, 90, 91, 92, 93, 94, 95, 96, 97, 98, 99, 100, 101, 102, 103, 104, 105, 106, 107, 108, 109, 110, 111, 112, 113, 114, 115, 116, 117]
YNEW:[0, 0, 0, 0, 0, 0, 0, 0, 0, 0, 0, 0, 0, 0, 0, 0, 0, 0, 0, 0, 0, 0, 0, 0, 0, 0, 0, 0, 0, 0, 0, 0, 0, 0, 0, 0, 0, 0, 0, 0, 0, 0, 1, 1, 0, 0, 0, 1, 1, 1, 1, 3, 2, 3, 4, 5, 8, 9, 11, 12, 14, 19, 23, 28, 43, 53, 65, 56, 48, 42, 61, 58, 60, 66, 61, 54, 52, 62, 63, 63, 71, 67, 46, 33, 44, 45, 56, 60, 68, 59, 44, 47, 55, 43, 70, 55, 49, 52, 47, 41, 30, 59, 72, 69, 84, 97, 68, 63, 52, 41, 28, 23, 17, 11, 14, 4, 2]
YTOT: [0, 0, 0, 0, 0, 0, 0, 0, 0, 0, 0, 0, 0, 0, 0, 0, 0, 0, 0, 0, 0, 0, 0, 0, 0, 0, 0, 0, 0, 0, 0, 0, 0, 0, 0, 0, 0, 0, 0, 0, 0, 0, 1, 2, 2, 2, 2, 3, 4, 5, 6, 9, 11, 14, 18, 23, 31, 40, 51, 63, 77, 96, 119, 147, 190, 243, 308, 364, 412, 454, 515, 573, 633, 699, 760, 814, 866, 928, 991, 1054, 1125, 1192, 1238, 1271, 1315, 1360, 1416, 1476, 1544, 1603, 1647, 1694, 1749, 1792, 1862, 1917, 1966, 2018, 2065, 2106, 2136, 2195, 2267, 2336, 2420, 2517, 2585, 2648, 2700, 2741, 2769, 2792, 2809, 2820, 2834, 2838, 2840]

INFO: Total Population: 3164182
INFO: R0: 2
INFO: Incubation Period: 5
INFO: Illness Period: 7
X:[0, 1, 2, 3, 4, 5, 6, 7, 8, 9, 10, 11, 12, 13, 14, 15, 16, 17, 18, 19, 20, 21, 22, 23, 24, 25, 26, 27, 28, 29, 30, 31, 32, 33, 34, 35, 36, 37, 38, 39, 40, 41, 42, 43, 44, 45, 46, 47, 48, 49, 50, 51, 52, 53, 54, 55, 56, 57, 58, 59, 60, 61, 62, 63, 64, 65, 66, 67, 68, 69, 70, 71, 72, 73, 74, 75, 76, 77, 78, 79, 80, 81, 82, 83, 84, 85, 86, 87, 88, 89, 90, 91, 92, 93, 94, 95, 96, 97, 98, 99, 100, 101, 102, 103, 104, 105, 106, 107, 108, 109, 110, 111, 112, 113, 114, 115, 116, 117, 118]
YNEW:[0, 0, 0, 0, 0, 0, 0, 0, 0, 0, 0, 0, 0, 0, 0, 0, 0, 0, 0, 0, 0, 0, 0, 0, 0, 0, 0, 0, 0, 0, 0, 0, 0, 0, 0, 0, 0, 0, 0, 0, 0, 0, 1, 1, 0, 0, 0, 1, 1, 1, 1, 3, 2, 3, 4, 5, 8, 9, 11, 12, 14, 19, 23, 28, 43, 53, 65, 56, 48, 42, 61, 58, 60, 66, 61, 54, 52, 62, 63, 63, 71, 67, 46, 33, 44, 45, 56, 60, 68, 59, 44, 47, 55, 43, 70, 43, 56, 57, 41, 34, 32, 47, 79, 67, 81, 83, 77, 55, 41, 40, 28, 37, 20, 10, 6, 4, 5, 1]
YTOT: [0, 0, 0, 0, 0, 0, 0, 0, 0, 0, 0, 0, 0, 0, 0, 0, 0, 0, 0, 0, 0, 0, 0, 0, 0, 0, 0, 0, 0, 0, 0, 0, 0, 0, 0, 0, 0, 0, 0, 0, 0, 0, 1, 2, 2, 2, 2, 3, 4, 5, 6, 9, 11, 14, 18, 23, 31, 40, 51, 63, 77, 96, 119, 147, 190, 243, 308, 364, 412, 454, 515, 573, 633, 699, 760, 814, 866, 928, 991, 1054, 1125, 1192, 1238, 1271, 1315, 1360, 1416, 1476, 1544, 1603, 1647, 1694, 1749, 1792, 1862, 1905, 1961, 2018, 2059, 2093, 2125, 2172, 2251, 2318, 2399, 2482, 2559, 2614, 2655, 2695, 2723, 2760, 2780, 2790, 2796, 2800, 2805, 2806]

INFO: Total Population: 3164182
INFO: R0: 2
INFO: Incubation Period: 5
INFO: Illness Period: 7
X:[0, 1, 2, 3, 4, 5, 6, 7, 8, 9, 10, 11, 12, 13, 14, 15, 16, 17, 18, 19, 20, 21, 22, 23, 24, 25, 26, 27, 28, 29, 30, 31, 32, 33, 34, 35, 36, 37, 38, 39, 40, 41, 42, 43, 44, 45, 46, 47, 48, 49, 50, 51, 52, 53, 54, 55, 56, 57, 58, 59, 60, 61, 62, 63, 64, 65, 66, 67, 68, 69, 70, 71, 72, 73, 74, 75, 76, 77, 78, 79, 80, 81, 82, 83, 84, 85, 86, 87, 88, 89, 90, 91, 92, 93, 94, 95, 96, 97, 98, 99, 100, 101, 102, 103, 104, 105, 106, 107, 108, 109, 110, 111, 112, 113, 114, 115, 116, 117]
YNEW:[0, 0, 0, 0, 0, 0, 0, 0, 0, 0, 0, 0, 0, 0, 0, 0, 0, 0, 0, 0, 0, 0, 0, 0, 0, 0, 0, 0, 0, 0, 0, 0, 0, 0, 0, 0, 0, 0, 0, 0, 0, 0, 1, 1, 0, 0, 0, 1, 1, 1, 1, 3, 2, 3, 4, 5, 8, 9, 11, 12, 14, 19, 23, 28, 43, 53, 65, 56, 48, 42, 61, 58, 60, 66, 61, 54, 52, 62, 63, 63, 71, 67, 46, 33, 44, 45, 56, 60, 68, 59, 44, 47, 55, 43, 70, 44, 47, 48, 35, 46, 41, 55, 65, 85, 73, 65, 59, 58, 64, 33, 30, 21, 22, 15, 12, 4, 6]
YTOT: [0, 0, 0, 0, 0, 0, 0, 0, 0, 0, 0, 0, 0, 0, 0, 0, 0, 0, 0, 0, 0, 0, 0, 0, 0, 0, 0, 0, 0, 0, 0, 0, 0, 0, 0, 0, 0, 0, 0, 0, 0, 0, 1, 2, 2, 2, 2, 3, 4, 5, 6, 9, 11, 14, 18, 23, 31, 40, 51, 63, 77, 96, 119, 147, 190, 243, 308, 364, 412, 454, 515, 573, 633, 699, 760, 814, 866, 928, 991, 1054, 1125, 1192, 1238, 1271, 1315, 1360, 1416, 1476, 1544, 1603, 1647, 1694, 1749, 1792, 1862, 1906, 1953, 2001, 2036, 2082, 2123, 2178, 2243, 2328, 2401, 2466, 2525, 2583, 2647, 2680, 2710, 2731, 2753, 2768, 2780, 2784, 2790]

INFO: Total Population: 3164182
INFO: R0: 2
INFO: Incubation Period: 5
INFO: Illness Period: 7
X:[0, 1, 2, 3, 4, 5, 6, 7, 8, 9, 10, 11, 12, 13, 14, 15, 16, 17, 18, 19, 20, 21, 22, 23, 24, 25, 26, 27, 28, 29, 30, 31, 32, 33, 34, 35, 36, 37, 38, 39, 40, 41, 42, 43, 44, 45, 46, 47, 48, 49, 50, 51, 52, 53, 54, 55, 56, 57, 58, 59, 60, 61, 62, 63, 64, 65, 66, 67, 68, 69, 70, 71, 72, 73, 74, 75, 76, 77, 78, 79, 80, 81, 82, 83, 84, 85, 86, 87, 88, 89, 90, 91, 92, 93, 94, 95, 96, 97, 98, 99, 100, 101, 102, 103, 104, 105, 106, 107, 108, 109, 110, 111, 112, 113, 114, 115, 116, 117, 118]
YNEW:[0, 0, 0, 0, 0, 0, 0, 0, 0, 0, 0, 0, 0, 0, 0, 0, 0, 0, 0, 0, 0, 0, 0, 0, 0, 0, 0, 0, 0, 0, 0, 0, 0, 0, 0, 0, 0, 0, 0, 0, 0, 0, 1, 1, 0, 0, 0, 1, 1, 1, 1, 3, 2, 3, 4, 5, 8, 9, 11, 12, 14, 19, 23, 28, 43, 53, 65, 56, 48, 42, 61, 58, 60, 66, 61, 54, 52, 62, 63, 63, 71, 67, 46, 33, 44, 45, 56, 60, 68, 59, 44, 47, 55, 43, 70, 50, 43, 50, 48, 37, 53, 53, 58, 85, 62, 81, 89, 60, 64, 43, 31, 26, 14, 15, 7, 9, 3, 1]
YTOT: [0, 0, 0, 0, 0, 0, 0, 0, 0, 0, 0, 0, 0, 0, 0, 0, 0, 0, 0, 0, 0, 0, 0, 0, 0, 0, 0, 0, 0, 0, 0, 0, 0, 0, 0, 0, 0, 0, 0, 0, 0, 0, 1, 2, 2, 2, 2, 3, 4, 5, 6, 9, 11, 14, 18, 23, 31, 40, 51, 63, 77, 96, 119, 147, 190, 243, 308, 364, 412, 454, 515, 573, 633, 699, 760, 814, 866, 928, 991, 1054, 1125, 1192, 1238, 1271, 1315, 1360, 1416, 1476, 1544, 1603, 1647, 1694, 1749, 1792, 1862, 1912, 1955, 2005, 2053, 2090, 2143, 2196, 2254, 2339, 2401, 2482, 2571, 2631, 2695, 2738, 2769, 2795, 2809, 2824, 2831, 2840, 2843, 2844]

INFO: Total Population: 3164182
INFO: R0: 2
INFO: Incubation Period: 5
INFO: Illness Period: 7
X:[0, 1, 2, 3, 4, 5, 6, 7, 8, 9, 10, 11, 12, 13, 14, 15, 16, 17, 18, 19, 20, 21, 22, 23, 24, 25, 26, 27, 28, 29, 30, 31, 32, 33, 34, 35, 36, 37, 38, 39, 40, 41, 42, 43, 44, 45, 46, 47, 48, 49, 50, 51, 52, 53, 54, 55, 56, 57, 58, 59, 60, 61, 62, 63, 64, 65, 66, 67, 68, 69, 70, 71, 72, 73, 74, 75, 76, 77, 78, 79, 80, 81, 82, 83, 84, 85, 86, 87, 88, 89, 90, 91, 92, 93, 94, 95, 96, 97, 98, 99, 100, 101, 102, 103, 104, 105, 106, 107, 108, 109, 110, 111, 112, 113, 114, 115, 116, 117, 118]
YNEW:[0, 0, 0, 0, 0, 0, 0, 0, 0, 0, 0, 0, 0, 0, 0, 0, 0, 0, 0, 0, 0, 0, 0, 0, 0, 0, 0, 0, 0, 0, 0, 0, 0, 0, 0, 0, 0, 0, 0, 0, 0, 0, 1, 1, 0, 0, 0, 1, 1, 1, 1, 3, 2, 3, 4, 5, 8, 9, 11, 12, 14, 19, 23, 28, 43, 53, 65, 56, 48, 42, 61, 58, 60, 66, 61, 54, 52, 62, 63, 63, 71, 67, 46, 33, 44, 45, 56, 60, 68, 59, 44, 47, 55, 43, 70, 59, 50, 39, 41, 31, 32, 63, 73, 70, 80, 75, 61, 35, 51, 36, 24, 29, 23, 17, 11, 5, 1, 3]
YTOT: [0, 0, 0, 0, 0, 0, 0, 0, 0, 0, 0, 0, 0, 0, 0, 0, 0, 0, 0, 0, 0, 0, 0, 0, 0, 0, 0, 0, 0, 0, 0, 0, 0, 0, 0, 0, 0, 0, 0, 0, 0, 0, 1, 2, 2, 2, 2, 3, 4, 5, 6, 9, 11, 14, 18, 23, 31, 40, 51, 63, 77, 96, 119, 147, 190, 243, 308, 364, 412, 454, 515, 573, 633, 699, 760, 814, 866, 928, 991, 1054, 1125, 1192, 1238, 1271, 1315, 1360, 1416, 1476, 1544, 1603, 1647, 1694, 1749, 1792, 1862, 1921, 1971, 2010, 2051, 2082, 2114, 2177, 2250, 2320, 2400, 2475, 2536, 2571, 2622, 2658, 2682, 2711, 2734, 2751, 2762, 2767, 2768, 2771]

INFO: Total Population: 3164182
INFO: R0: 2
INFO: Incubation Period: 5
INFO: Illness Period: 7
X:[0, 1, 2, 3, 4, 5, 6, 7, 8, 9, 10, 11, 12, 13, 14, 15, 16, 17, 18, 19, 20, 21, 22, 23, 24, 25, 26, 27, 28, 29, 30, 31, 32, 33, 34, 35, 36, 37, 38, 39, 40, 41, 42, 43, 44, 45, 46, 47, 48, 49, 50, 51, 52, 53, 54, 55, 56, 57, 58, 59, 60, 61, 62, 63, 64, 65, 66, 67, 68, 69, 70, 71, 72, 73, 74, 75, 76, 77, 78, 79, 80, 81, 82, 83, 84, 85, 86, 87, 88, 89, 90, 91, 92, 93, 94, 95, 96, 97, 98, 99, 100, 101, 102, 103, 104, 105, 106, 107, 108, 109, 110, 111, 112, 113, 114, 115, 116, 117]
YNEW:[0, 0, 0, 0, 0, 0, 0, 0, 0, 0, 0, 0, 0, 0, 0, 0, 0, 0, 0, 0, 0, 0, 0, 0, 0, 0, 0, 0, 0, 0, 0, 0, 0, 0, 0, 0, 0, 0, 0, 0, 0, 0, 1, 1, 0, 0, 0, 1, 1, 1, 1, 3, 2, 3, 4, 5, 8, 9, 11, 12, 14, 19, 23, 28, 43, 53, 65, 56, 48, 42, 61, 58, 60, 66, 61, 54, 52, 62, 63, 63, 71, 67, 46, 33, 44, 45, 56, 60, 68, 59, 44, 47, 55, 43, 70, 42, 54, 48, 39, 30, 24, 52, 68, 70, 84, 77, 54, 59, 36, 32, 28, 33, 16, 14, 4, 3, 1]
YTOT: [0, 0, 0, 0, 0, 0, 0, 0, 0, 0, 0, 0, 0, 0, 0, 0, 0, 0, 0, 0, 0, 0, 0, 0, 0, 0, 0, 0, 0, 0, 0, 0, 0, 0, 0, 0, 0, 0, 0, 0, 0, 0, 1, 2, 2, 2, 2, 3, 4, 5, 6, 9, 11, 14, 18, 23, 31, 40, 51, 63, 77, 96, 119, 147, 190, 243, 308, 364, 412, 454, 515, 573, 633, 699, 760, 814, 866, 928, 991, 1054, 1125, 1192, 1238, 1271, 1315, 1360, 1416, 1476, 1544, 1603, 1647, 1694, 1749, 1792, 1862, 1904, 1958, 2006, 2045, 2075, 2099, 2151, 2219, 2289, 2373, 2450, 2504, 2563, 2599, 2631, 2659, 2692, 2708, 2722, 2726, 2729, 2730]

INFO: Total Population: 3164182
INFO: R0: 2
INFO: Incubation Period: 5
INFO: Illness Period: 7
X:[0, 1, 2, 3, 4, 5, 6, 7, 8, 9, 10, 11, 12, 13, 14, 15, 16, 17, 18, 19, 20, 21, 22, 23, 24, 25, 26, 27, 28, 29, 30, 31, 32, 33, 34, 35, 36, 37, 38, 39, 40, 41, 42, 43, 44, 45, 46, 47, 48, 49, 50, 51, 52, 53, 54, 55, 56, 57, 58, 59, 60, 61, 62, 63, 64, 65, 66, 67, 68, 69, 70, 71, 72, 73, 74, 75, 76, 77, 78, 79, 80, 81, 82, 83, 84, 85, 86, 87, 88, 89, 90, 91, 92, 93, 94, 95, 96, 97, 98, 99, 100, 101, 102, 103, 104, 105, 106, 107, 108, 109, 110, 111, 112, 113, 114, 115, 116, 117, 118]
YNEW:[0, 0, 0, 0, 0, 0, 0, 0, 0, 0, 0, 0, 0, 0, 0, 0, 0, 0, 0, 0, 0, 0, 0, 0, 0, 0, 0, 0, 0, 0, 0, 0, 0, 0, 0, 0, 0, 0, 0, 0, 0, 0, 1, 1, 0, 0, 0, 1, 1, 1, 1, 3, 2, 3, 4, 5, 8, 9, 11, 12, 14, 19, 23, 28, 43, 53, 65, 56, 48, 42, 61, 58, 60, 66, 61, 54, 52, 62, 63, 63, 71, 67, 46, 33, 44, 45, 56, 60, 68, 59, 44, 47, 55, 43, 70, 48, 50, 44, 43, 40, 54, 54, 65, 66, 67, 79, 78, 67, 55, 49, 28, 22, 21, 15, 8, 10, 2, 5]
YTOT: [0, 0, 0, 0, 0, 0, 0, 0, 0, 0, 0, 0, 0, 0, 0, 0, 0, 0, 0, 0, 0, 0, 0, 0, 0, 0, 0, 0, 0, 0, 0, 0, 0, 0, 0, 0, 0, 0, 0, 0, 0, 0, 1, 2, 2, 2, 2, 3, 4, 5, 6, 9, 11, 14, 18, 23, 31, 40, 51, 63, 77, 96, 119, 147, 190, 243, 308, 364, 412, 454, 515, 573, 633, 699, 760, 814, 866, 928, 991, 1054, 1125, 1192, 1238, 1271, 1315, 1360, 1416, 1476, 1544, 1603, 1647, 1694, 1749, 1792, 1862, 1910, 1960, 2004, 2047, 2087, 2141, 2195, 2260, 2326, 2393, 2472, 2550, 2617, 2672, 2721, 2749, 2771, 2792, 2807, 2815, 2825, 2827, 2832]

INFO: Total Population: 3164182
INFO: R0: 2
INFO: Incubation Period: 5
INFO: Illness Period: 7
X:[0, 1, 2, 3, 4, 5, 6, 7, 8, 9, 10, 11, 12, 13, 14, 15, 16, 17, 18, 19, 20, 21, 22, 23, 24, 25, 26, 27, 28, 29, 30, 31, 32, 33, 34, 35, 36, 37, 38, 39, 40, 41, 42, 43, 44, 45, 46, 47, 48, 49, 50, 51, 52, 53, 54, 55, 56, 57, 58, 59, 60, 61, 62, 63, 64, 65, 66, 67, 68, 69, 70, 71, 72, 73, 74, 75, 76, 77, 78, 79, 80, 81, 82, 83, 84, 85, 86, 87, 88, 89, 90, 91, 92, 93, 94, 95, 96, 97, 98, 99, 100, 101, 102, 103, 104, 105, 106, 107, 108, 109, 110, 111, 112, 113, 114, 115, 116, 117]
YNEW:[0, 0, 0, 0, 0, 0, 0, 0, 0, 0, 0, 0, 0, 0, 0, 0, 0, 0, 0, 0, 0, 0, 0, 0, 0, 0, 0, 0, 0, 0, 0, 0, 0, 0, 0, 0, 0, 0, 0, 0, 0, 0, 1, 1, 0, 0, 0, 1, 1, 1, 1, 3, 2, 3, 4, 5, 8, 9, 11, 12, 14, 19, 23, 28, 43, 53, 65, 56, 48, 42, 61, 58, 60, 66, 61, 54, 52, 62, 63, 63, 71, 67, 46, 33, 44, 45, 56, 60, 68, 59, 44, 47, 55, 43, 70, 36, 52, 50, 41, 38, 37, 54, 69, 75, 73, 68, 78, 52, 51, 32, 33, 35, 15, 13, 4, 5, 4]
YTOT: [0, 0, 0, 0, 0, 0, 0, 0, 0, 0, 0, 0, 0, 0, 0, 0, 0, 0, 0, 0, 0, 0, 0, 0, 0, 0, 0, 0, 0, 0, 0, 0, 0, 0, 0, 0, 0, 0, 0, 0, 0, 0, 1, 2, 2, 2, 2, 3, 4, 5, 6, 9, 11, 14, 18, 23, 31, 40, 51, 63, 77, 96, 119, 147, 190, 243, 308, 364, 412, 454, 515, 573, 633, 699, 760, 814, 866, 928, 991, 1054, 1125, 1192, 1238, 1271, 1315, 1360, 1416, 1476, 1544, 1603, 1647, 1694, 1749, 1792, 1862, 1898, 1950, 2000, 2041, 2079, 2116, 2170, 2239, 2314, 2387, 2455, 2533, 2585, 2636, 2668, 2701, 2736, 2751, 2764, 2768, 2773, 2777]

INFO: Total Population: 3164182
INFO: R0: 2
INFO: Incubation Period: 5
INFO: Illness Period: 7
X:[0, 1, 2, 3, 4, 5, 6, 7, 8, 9, 10, 11, 12, 13, 14, 15, 16, 17, 18, 19, 20, 21, 22, 23, 24, 25, 26, 27, 28, 29, 30, 31, 32, 33, 34, 35, 36, 37, 38, 39, 40, 41, 42, 43, 44, 45, 46, 47, 48, 49, 50, 51, 52, 53, 54, 55, 56, 57, 58, 59, 60, 61, 62, 63, 64, 65, 66, 67, 68, 69, 70, 71, 72, 73, 74, 75, 76, 77, 78, 79, 80, 81, 82, 83, 84, 85, 86, 87, 88, 89, 90, 91, 92, 93, 94, 95, 96, 97, 98, 99, 100, 101, 102, 103, 104, 105, 106, 107, 108, 109, 110, 111, 112, 113, 114, 115, 116, 117]
YNEW:[0, 0, 0, 0, 0, 0, 0, 0, 0, 0, 0, 0, 0, 0, 0, 0, 0, 0, 0, 0, 0, 0, 0, 0, 0, 0, 0, 0, 0, 0, 0, 0, 0, 0, 0, 0, 0, 0, 0, 0, 0, 0, 1, 1, 0, 0, 0, 1, 1, 1, 1, 3, 2, 3, 4, 5, 8, 9, 11, 12, 14, 19, 23, 28, 43, 53, 65, 56, 48, 42, 61, 58, 60, 66, 61, 54, 52, 62, 63, 63, 71, 67, 46, 33, 44, 45, 56, 60, 68, 59, 44, 47, 55, 43, 70, 61, 46, 33, 36, 39, 52, 47, 69, 71, 72, 82, 75, 49, 46, 42, 38, 30, 16, 13, 12, 9, 5]
YTOT: [0, 0, 0, 0, 0, 0, 0, 0, 0, 0, 0, 0, 0, 0, 0, 0, 0, 0, 0, 0, 0, 0, 0, 0, 0, 0, 0, 0, 0, 0, 0, 0, 0, 0, 0, 0, 0, 0, 0, 0, 0, 0, 1, 2, 2, 2, 2, 3, 4, 5, 6, 9, 11, 14, 18, 23, 31, 40, 51, 63, 77, 96, 119, 147, 190, 243, 308, 364, 412, 454, 515, 573, 633, 699, 760, 814, 866, 928, 991, 1054, 1125, 1192, 1238, 1271, 1315, 1360, 1416, 1476, 1544, 1603, 1647, 1694, 1749, 1792, 1862, 1923, 1969, 2002, 2038, 2077, 2129, 2176, 2245, 2316, 2388, 2470, 2545, 2594, 2640, 2682, 2720, 2750, 2766, 2779, 2791, 2800, 2805]

INFO: Total Population: 3164182
INFO: R0: 2
INFO: Incubation Period: 5
INFO: Illness Period: 7
X:[0, 1, 2, 3, 4, 5, 6, 7, 8, 9, 10, 11, 12, 13, 14, 15, 16, 17, 18, 19, 20, 21, 22, 23, 24, 25, 26, 27, 28, 29, 30, 31, 32, 33, 34, 35, 36, 37, 38, 39, 40, 41, 42, 43, 44, 45, 46, 47, 48, 49, 50, 51, 52, 53, 54, 55, 56, 57, 58, 59, 60, 61, 62, 63, 64, 65, 66, 67, 68, 69, 70, 71, 72, 73, 74, 75, 76, 77, 78, 79, 80, 81, 82, 83, 84, 85, 86, 87, 88, 89, 90, 91, 92, 93, 94, 95, 96, 97, 98, 99, 100, 101, 102, 103, 104, 105, 106, 107, 108, 109, 110, 111, 112, 113, 114, 115, 116, 117]
YNEW:[0, 0, 0, 0, 0, 0, 0, 0, 0, 0, 0, 0, 0, 0, 0, 0, 0, 0, 0, 0, 0, 0, 0, 0, 0, 0, 0, 0, 0, 0, 0, 0, 0, 0, 0, 0, 0, 0, 0, 0, 0, 0, 1, 1, 0, 0, 0, 1, 1, 1, 1, 3, 2, 3, 4, 5, 8, 9, 11, 12, 14, 19, 23, 28, 43, 53, 65, 56, 48, 42, 61, 58, 60, 66, 61, 54, 52, 62, 63, 63, 71, 67, 46, 33, 44, 45, 56, 60, 68, 59, 44, 47, 55, 43, 70, 48, 47, 46, 33, 36, 50, 62, 70, 67, 79, 88, 65, 54, 32, 42, 37, 19, 21, 14, 6, 4, 3]
YTOT: [0, 0, 0, 0, 0, 0, 0, 0, 0, 0, 0, 0, 0, 0, 0, 0, 0, 0, 0, 0, 0, 0, 0, 0, 0, 0, 0, 0, 0, 0, 0, 0, 0, 0, 0, 0, 0, 0, 0, 0, 0, 0, 1, 2, 2, 2, 2, 3, 4, 5, 6, 9, 11, 14, 18, 23, 31, 40, 51, 63, 77, 96, 119, 147, 190, 243, 308, 364, 412, 454, 515, 573, 633, 699, 760, 814, 866, 928, 991, 1054, 1125, 1192, 1238, 1271, 1315, 1360, 1416, 1476, 1544, 1603, 1647, 1694, 1749, 1792, 1862, 1910, 1957, 2003, 2036, 2072, 2122, 2184, 2254, 2321, 2400, 2488, 2553, 2607, 2639, 2681, 2718, 2737, 2758, 2772, 2778, 2782, 2785]

INFO: Total Population: 3164182
INFO: R0: 2
INFO: Incubation Period: 5
INFO: Illness Period: 7
X:[0, 1, 2, 3, 4, 5, 6, 7, 8, 9, 10, 11, 12, 13, 14, 15, 16, 17, 18, 19, 20, 21, 22, 23, 24, 25, 26, 27, 28, 29, 30, 31, 32, 33, 34, 35, 36, 37, 38, 39, 40, 41, 42, 43, 44, 45, 46, 47, 48, 49, 50, 51, 52, 53, 54, 55, 56, 57, 58, 59, 60, 61, 62, 63, 64, 65, 66, 67, 68, 69, 70, 71, 72, 73, 74, 75, 76, 77, 78, 79, 80, 81, 82, 83, 84, 85, 86, 87, 88, 89, 90, 91, 92, 93, 94, 95, 96, 97, 98, 99, 100, 101, 102, 103, 104, 105, 106, 107, 108, 109, 110, 111, 112, 113, 114, 115, 116]
YNEW:[0, 0, 0, 0, 0, 0, 0, 0, 0, 0, 0, 0, 0, 0, 0, 0, 0, 0, 0, 0, 0, 0, 0, 0, 0, 0, 0, 0, 0, 0, 0, 0, 0, 0, 0, 0, 0, 0, 0, 0, 0, 0, 1, 1, 0, 0, 0, 1, 1, 1, 1, 3, 2, 3, 4, 5, 8, 9, 11, 12, 14, 19, 23, 28, 43, 53, 65, 56, 48, 42, 61, 58, 60, 66, 61, 54, 52, 62, 63, 63, 71, 67, 46, 33, 44, 45, 56, 60, 68, 59, 44, 47, 55, 43, 70, 41, 42, 55, 40, 39, 38, 50, 58, 69, 76, 91, 66, 49, 50, 40, 26, 28, 22, 18, 10, 4]
YTOT: [0, 0, 0, 0, 0, 0, 0, 0, 0, 0, 0, 0, 0, 0, 0, 0, 0, 0, 0, 0, 0, 0, 0, 0, 0, 0, 0, 0, 0, 0, 0, 0, 0, 0, 0, 0, 0, 0, 0, 0, 0, 0, 1, 2, 2, 2, 2, 3, 4, 5, 6, 9, 11, 14, 18, 23, 31, 40, 51, 63, 77, 96, 119, 147, 190, 243, 308, 364, 412, 454, 515, 573, 633, 699, 760, 814, 866, 928, 991, 1054, 1125, 1192, 1238, 1271, 1315, 1360, 1416, 1476, 1544, 1603, 1647, 1694, 1749, 1792, 1862, 1903, 1945, 2000, 2040, 2079, 2117, 2167, 2225, 2294, 2370, 2461, 2527, 2576, 2626, 2666, 2692, 2720, 2742, 2760, 2770, 2774]

INFO: Total Population: 3164182
INFO: R0: 2
INFO: Incubation Period: 5
INFO: Illness Period: 7
X:[0, 1, 2, 3, 4, 5, 6, 7, 8, 9, 10, 11, 12, 13, 14, 15, 16, 17, 18, 19, 20, 21, 22, 23, 24, 25, 26, 27, 28, 29, 30, 31, 32, 33, 34, 35, 36, 37, 38, 39, 40, 41, 42, 43, 44, 45, 46, 47, 48, 49, 50, 51, 52, 53, 54, 55, 56, 57, 58, 59, 60, 61, 62, 63, 64, 65, 66, 67, 68, 69, 70, 71, 72, 73, 74, 75, 76, 77, 78, 79, 80, 81, 82, 83, 84, 85, 86, 87, 88, 89, 90, 91, 92, 93, 94, 95, 96, 97, 98, 99, 100, 101, 102, 103, 104, 105, 106, 107, 108, 109, 110, 111, 112, 113, 114, 115, 116, 117, 118]
YNEW:[0, 0, 0, 0, 0, 0, 0, 0, 0, 0, 0, 0, 0, 0, 0, 0, 0, 0, 0, 0, 0, 0, 0, 0, 0, 0, 0, 0, 0, 0, 0, 0, 0, 0, 0, 0, 0, 0, 0, 0, 0, 0, 1, 1, 0, 0, 0, 1, 1, 1, 1, 3, 2, 3, 4, 5, 8, 9, 11, 12, 14, 19, 23, 28, 43, 53, 65, 56, 48, 42, 61, 58, 60, 66, 61, 54, 52, 62, 63, 63, 71, 67, 46, 33, 44, 45, 56, 60, 68, 59, 44, 47, 55, 43, 70, 56, 53, 47, 42, 39, 45, 53, 69, 74, 82, 76, 82, 54, 57, 46, 35, 26, 19, 18, 9, 4, 2, 1]
YTOT: [0, 0, 0, 0, 0, 0, 0, 0, 0, 0, 0, 0, 0, 0, 0, 0, 0, 0, 0, 0, 0, 0, 0, 0, 0, 0, 0, 0, 0, 0, 0, 0, 0, 0, 0, 0, 0, 0, 0, 0, 0, 0, 1, 2, 2, 2, 2, 3, 4, 5, 6, 9, 11, 14, 18, 23, 31, 40, 51, 63, 77, 96, 119, 147, 190, 243, 308, 364, 412, 454, 515, 573, 633, 699, 760, 814, 866, 928, 991, 1054, 1125, 1192, 1238, 1271, 1315, 1360, 1416, 1476, 1544, 1603, 1647, 1694, 1749, 1792, 1862, 1918, 1971, 2018, 2060, 2099, 2144, 2197, 2266, 2340, 2422, 2498, 2580, 2634, 2691, 2737, 2772, 2798, 2817, 2835, 2844, 2848, 2850, 2851]

END