

INFO: Total Population: 1922200
INFO: R0: 2
INFO: Incubation Period: 5
INFO: Illness Period: 7
X:[0, 1, 2, 3, 4, 5, 6, 7, 8, 9, 10, 11, 12, 13, 14, 15, 16, 17, 18, 19, 20, 21, 22, 23, 24, 25, 26, 27, 28, 29, 30, 31, 32, 33, 34, 35, 36, 37, 38, 39, 40, 41, 42, 43, 44, 45, 46, 47, 48, 49, 50, 51, 52, 53, 54, 55, 56, 57, 58, 59, 60, 61, 62, 63, 64, 65, 66, 67, 68, 69, 70, 71, 72, 73, 74, 75, 76, 77, 78, 79, 80, 81, 82, 83, 84, 85, 86, 87, 88, 89, 90, 91, 92, 93, 94, 95, 96, 97, 98, 99, 100, 101, 102, 103, 104, 105, 106, 107, 108, 109, 110, 111, 112, 113, 114, 115, 116]
YNEW:[0, 0, 0, 0, 0, 0, 0, 1, 0, 0, 0, 0, 0, 0, 0, 0, 0, 0, 0, 0, 0, 0, 0, 0, 0, 0, 0, 0, 0, 0, 0, 0, 0, 0, 0, 1, 1, 1, 2, 2, 3, 3, 3, 4, 6, 7, 7, 10, 12, 17, 20, 30, 36, 36, 36, 40, 44, 48, 54, 50, 46, 54, 60, 67, 71, 70, 60, 46, 54, 54, 54, 57, 52, 43, 41, 45, 43, 54, 60, 68, 61, 49, 43, 40, 32, 28, 30, 23, 18, 15, 10, 9, 20, 25, 22, 25, 16, 20, 11, 8, 30, 26, 30, 38, 26, 27, 16, 12, 16, 17, 12, 6, 8, 3, 1, 1]
YTOT: [0, 0, 0, 0, 0, 0, 0, 1, 1, 1, 1, 1, 1, 1, 1, 1, 1, 1, 1, 1, 1, 1, 1, 1, 1, 1, 1, 1, 1, 1, 1, 1, 1, 1, 1, 2, 3, 4, 6, 8, 11, 14, 17, 21, 27, 34, 41, 51, 63, 80, 100, 130, 166, 202, 238, 278, 322, 370, 424, 474, 520, 574, 634, 701, 772, 842, 902, 948, 1002, 1056, 1110, 1167, 1219, 1262, 1303, 1348, 1391, 1445, 1505, 1573, 1634, 1683, 1726, 1766, 1798, 1826, 1856, 1879, 1897, 1912, 1922, 1931, 1951, 1976, 1998, 2023, 2039, 2059, 2070, 2078, 2108, 2134, 2164, 2202, 2228, 2255, 2271, 2283, 2299, 2316, 2328, 2334, 2342, 2345, 2346, 2347]

INFO: Total Population: 1922200
INFO: R0: 2
INFO: Incubation Period: 5
INFO: Illness Period: 7
X:[0, 1, 2, 3, 4, 5, 6, 7, 8, 9, 10, 11, 12, 13, 14, 15, 16, 17, 18, 19, 20, 21, 22, 23, 24, 25, 26, 27, 28, 29, 30, 31, 32, 33, 34, 35, 36, 37, 38, 39, 40, 41, 42, 43, 44, 45, 46, 47, 48, 49, 50, 51, 52, 53, 54, 55, 56, 57, 58, 59, 60, 61, 62, 63, 64, 65, 66, 67, 68, 69, 70, 71, 72, 73, 74, 75, 76, 77, 78, 79, 80, 81, 82, 83, 84, 85, 86, 87, 88, 89, 90, 91, 92, 93, 94, 95, 96, 97, 98, 99, 100, 101, 102, 103, 104, 105, 106, 107, 108, 109, 110, 111, 112, 113, 114, 115]
YNEW:[0, 0, 0, 0, 0, 0, 0, 1, 0, 0, 0, 0, 0, 0, 0, 0, 0, 0, 0, 0, 0, 0, 0, 0, 0, 0, 0, 0, 0, 0, 0, 0, 0, 0, 0, 1, 1, 1, 2, 2, 3, 3, 3, 4, 6, 7, 7, 10, 12, 17, 20, 30, 36, 36, 36, 40, 44, 48, 54, 50, 46, 54, 60, 67, 71, 70, 60, 46, 54, 54, 54, 57, 52, 43, 41, 45, 43, 54, 60, 68, 61, 49, 43, 40, 32, 28, 30, 23, 18, 15, 10, 9, 20, 25, 23, 18, 23, 11, 11, 4, 23, 23, 31, 35, 26, 24, 9, 15, 13, 19, 4, 5, 2, 2, 1]
YTOT: [0, 0, 0, 0, 0, 0, 0, 1, 1, 1, 1, 1, 1, 1, 1, 1, 1, 1, 1, 1, 1, 1, 1, 1, 1, 1, 1, 1, 1, 1, 1, 1, 1, 1, 1, 2, 3, 4, 6, 8, 11, 14, 17, 21, 27, 34, 41, 51, 63, 80, 100, 130, 166, 202, 238, 278, 322, 370, 424, 474, 520, 574, 634, 701, 772, 842, 902, 948, 1002, 1056, 1110, 1167, 1219, 1262, 1303, 1348, 1391, 1445, 1505, 1573, 1634, 1683, 1726, 1766, 1798, 1826, 1856, 1879, 1897, 1912, 1922, 1931, 1951, 1976, 1999, 2017, 2040, 2051, 2062, 2066, 2089, 2112, 2143, 2178, 2204, 2228, 2237, 2252, 2265, 2284, 2288, 2293, 2295, 2297, 2298]

INFO: Total Population: 1922200
INFO: R0: 2
INFO: Incubation Period: 5
INFO: Illness Period: 7
X:[0, 1, 2, 3, 4, 5, 6, 7, 8, 9, 10, 11, 12, 13, 14, 15, 16, 17, 18, 19, 20, 21, 22, 23, 24, 25, 26, 27, 28, 29, 30, 31, 32, 33, 34, 35, 36, 37, 38, 39, 40, 41, 42, 43, 44, 45, 46, 47, 48, 49, 50, 51, 52, 53, 54, 55, 56, 57, 58, 59, 60, 61, 62, 63, 64, 65, 66, 67, 68, 69, 70, 71, 72, 73, 74, 75, 76, 77, 78, 79, 80, 81, 82, 83, 84, 85, 86, 87, 88, 89, 90, 91, 92, 93, 94, 95, 96, 97, 98, 99, 100, 101, 102, 103, 104, 105, 106, 107, 108, 109, 110, 111, 112, 113, 114]
YNEW:[0, 0, 0, 0, 0, 0, 0, 1, 0, 0, 0, 0, 0, 0, 0, 0, 0, 0, 0, 0, 0, 0, 0, 0, 0, 0, 0, 0, 0, 0, 0, 0, 0, 0, 0, 1, 1, 1, 2, 2, 3, 3, 3, 4, 6, 7, 7, 10, 12, 17, 20, 30, 36, 36, 36, 40, 44, 48, 54, 50, 46, 54, 60, 67, 71, 70, 60, 46, 54, 54, 54, 57, 52, 43, 41, 45, 43, 54, 60, 68, 61, 49, 43, 40, 32, 28, 30, 23, 18, 15, 10, 9, 20, 25, 20, 17, 18, 19, 11, 9, 22, 21, 34, 27, 26, 21, 23, 17, 12, 13, 7, 6, 3, 6]
YTOT: [0, 0, 0, 0, 0, 0, 0, 1, 1, 1, 1, 1, 1, 1, 1, 1, 1, 1, 1, 1, 1, 1, 1, 1, 1, 1, 1, 1, 1, 1, 1, 1, 1, 1, 1, 2, 3, 4, 6, 8, 11, 14, 17, 21, 27, 34, 41, 51, 63, 80, 100, 130, 166, 202, 238, 278, 322, 370, 424, 474, 520, 574, 634, 701, 772, 842, 902, 948, 1002, 1056, 1110, 1167, 1219, 1262, 1303, 1348, 1391, 1445, 1505, 1573, 1634, 1683, 1726, 1766, 1798, 1826, 1856, 1879, 1897, 1912, 1922, 1931, 1951, 1976, 1996, 2013, 2031, 2050, 2061, 2070, 2092, 2113, 2147, 2174, 2200, 2221, 2244, 2261, 2273, 2286, 2293, 2299, 2302, 2308]

INFO: Total Population: 1922200
INFO: R0: 2
INFO: Incubation Period: 5
INFO: Illness Period: 7
X:[0, 1, 2, 3, 4, 5, 6, 7, 8, 9, 10, 11, 12, 13, 14, 15, 16, 17, 18, 19, 20, 21, 22, 23, 24, 25, 26, 27, 28, 29, 30, 31, 32, 33, 34, 35, 36, 37, 38, 39, 40, 41, 42, 43, 44, 45, 46, 47, 48, 49, 50, 51, 52, 53, 54, 55, 56, 57, 58, 59, 60, 61, 62, 63, 64, 65, 66, 67, 68, 69, 70, 71, 72, 73, 74, 75, 76, 77, 78, 79, 80, 81, 82, 83, 84, 85, 86, 87, 88, 89, 90, 91, 92, 93, 94, 95, 96, 97, 98, 99, 100, 101, 102, 103, 104, 105, 106, 107, 108, 109, 110, 111, 112, 113, 114, 115, 116]
YNEW:[0, 0, 0, 0, 0, 0, 0, 1, 0, 0, 0, 0, 0, 0, 0, 0, 0, 0, 0, 0, 0, 0, 0, 0, 0, 0, 0, 0, 0, 0, 0, 0, 0, 0, 0, 1, 1, 1, 2, 2, 3, 3, 3, 4, 6, 7, 7, 10, 12, 17, 20, 30, 36, 36, 36, 40, 44, 48, 54, 50, 46, 54, 60, 67, 71, 70, 60, 46, 54, 54, 54, 57, 52, 43, 41, 45, 43, 54, 60, 68, 61, 49, 43, 40, 32, 28, 30, 23, 18, 15, 10, 9, 20, 25, 21, 24, 7, 10, 14, 19, 29, 33, 27, 22, 24, 30, 15, 16, 9, 12, 5, 8, 4, 5, 1, 2]
YTOT: [0, 0, 0, 0, 0, 0, 0, 1, 1, 1, 1, 1, 1, 1, 1, 1, 1, 1, 1, 1, 1, 1, 1, 1, 1, 1, 1, 1, 1, 1, 1, 1, 1, 1, 1, 2, 3, 4, 6, 8, 11, 14, 17, 21, 27, 34, 41, 51, 63, 80, 100, 130, 166, 202, 238, 278, 322, 370, 424, 474, 520, 574, 634, 701, 772, 842, 902, 948, 1002, 1056, 1110, 1167, 1219, 1262, 1303, 1348, 1391, 1445, 1505, 1573, 1634, 1683, 1726, 1766, 1798, 1826, 1856, 1879, 1897, 1912, 1922, 1931, 1951, 1976, 1997, 2021, 2028, 2038, 2052, 2071, 2100, 2133, 2160, 2182, 2206, 2236, 2251, 2267, 2276, 2288, 2293, 2301, 2305, 2310, 2311, 2313]

INFO: Total Population: 1922200
INFO: R0: 2
INFO: Incubation Period: 5
INFO: Illness Period: 7
X:[0, 1, 2, 3, 4, 5, 6, 7, 8, 9, 10, 11, 12, 13, 14, 15, 16, 17, 18, 19, 20, 21, 22, 23, 24, 25, 26, 27, 28, 29, 30, 31, 32, 33, 34, 35, 36, 37, 38, 39, 40, 41, 42, 43, 44, 45, 46, 47, 48, 49, 50, 51, 52, 53, 54, 55, 56, 57, 58, 59, 60, 61, 62, 63, 64, 65, 66, 67, 68, 69, 70, 71, 72, 73, 74, 75, 76, 77, 78, 79, 80, 81, 82, 83, 84, 85, 86, 87, 88, 89, 90, 91, 92, 93, 94, 95, 96, 97, 98, 99, 100, 101, 102, 103, 104, 105, 106, 107, 108, 109, 110, 111, 112, 113, 114, 115]
YNEW:[0, 0, 0, 0, 0, 0, 0, 1, 0, 0, 0, 0, 0, 0, 0, 0, 0, 0, 0, 0, 0, 0, 0, 0, 0, 0, 0, 0, 0, 0, 0, 0, 0, 0, 0, 1, 1, 1, 2, 2, 3, 3, 3, 4, 6, 7, 7, 10, 12, 17, 20, 30, 36, 36, 36, 40, 44, 48, 54, 50, 46, 54, 60, 67, 71, 70, 60, 46, 54, 54, 54, 57, 52, 43, 41, 45, 43, 54, 60, 68, 61, 49, 43, 40, 32, 28, 30, 23, 18, 15, 10, 9, 20, 25, 22, 25, 17, 20, 12, 16, 19, 22, 35, 37, 30, 25, 20, 13, 16, 17, 10, 9, 6, 3, 3]
YTOT: [0, 0, 0, 0, 0, 0, 0, 1, 1, 1, 1, 1, 1, 1, 1, 1, 1, 1, 1, 1, 1, 1, 1, 1, 1, 1, 1, 1, 1, 1, 1, 1, 1, 1, 1, 2, 3, 4, 6, 8, 11, 14, 17, 21, 27, 34, 41, 51, 63, 80, 100, 130, 166, 202, 238, 278, 322, 370, 424, 474, 520, 574, 634, 701, 772, 842, 902, 948, 1002, 1056, 1110, 1167, 1219, 1262, 1303, 1348, 1391, 1445, 1505, 1573, 1634, 1683, 1726, 1766, 1798, 1826, 1856, 1879, 1897, 1912, 1922, 1931, 1951, 1976, 1998, 2023, 2040, 2060, 2072, 2088, 2107, 2129, 2164, 2201, 2231, 2256, 2276, 2289, 2305, 2322, 2332, 2341, 2347, 2350, 2353]

INFO: Total Population: 1922200
INFO: R0: 2
INFO: Incubation Period: 5
INFO: Illness Period: 7
X:[0, 1, 2, 3, 4, 5, 6, 7, 8, 9, 10, 11, 12, 13, 14, 15, 16, 17, 18, 19, 20, 21, 22, 23, 24, 25, 26, 27, 28, 29, 30, 31, 32, 33, 34, 35, 36, 37, 38, 39, 40, 41, 42, 43, 44, 45, 46, 47, 48, 49, 50, 51, 52, 53, 54, 55, 56, 57, 58, 59, 60, 61, 62, 63, 64, 65, 66, 67, 68, 69, 70, 71, 72, 73, 74, 75, 76, 77, 78, 79, 80, 81, 82, 83, 84, 85, 86, 87, 88, 89, 90, 91, 92, 93, 94, 95, 96, 97, 98, 99, 100, 101, 102, 103, 104, 105, 106, 107, 108, 109, 110, 111, 112, 113, 114, 115, 116]
YNEW:[0, 0, 0, 0, 0, 0, 0, 1, 0, 0, 0, 0, 0, 0, 0, 0, 0, 0, 0, 0, 0, 0, 0, 0, 0, 0, 0, 0, 0, 0, 0, 0, 0, 0, 0, 1, 1, 1, 2, 2, 3, 3, 3, 4, 6, 7, 7, 10, 12, 17, 20, 30, 36, 36, 36, 40, 44, 48, 54, 50, 46, 54, 60, 67, 71, 70, 60, 46, 54, 54, 54, 57, 52, 43, 41, 45, 43, 54, 60, 68, 61, 49, 43, 40, 32, 28, 30, 23, 18, 15, 10, 9, 20, 25, 27, 20, 20, 15, 13, 13, 26, 27, 20, 38, 33, 33, 23, 17, 13, 11, 7, 3, 6, 4, 2, 1]
YTOT: [0, 0, 0, 0, 0, 0, 0, 1, 1, 1, 1, 1, 1, 1, 1, 1, 1, 1, 1, 1, 1, 1, 1, 1, 1, 1, 1, 1, 1, 1, 1, 1, 1, 1, 1, 2, 3, 4, 6, 8, 11, 14, 17, 21, 27, 34, 41, 51, 63, 80, 100, 130, 166, 202, 238, 278, 322, 370, 424, 474, 520, 574, 634, 701, 772, 842, 902, 948, 1002, 1056, 1110, 1167, 1219, 1262, 1303, 1348, 1391, 1445, 1505, 1573, 1634, 1683, 1726, 1766, 1798, 1826, 1856, 1879, 1897, 1912, 1922, 1931, 1951, 1976, 2003, 2023, 2043, 2058, 2071, 2084, 2110, 2137, 2157, 2195, 2228, 2261, 2284, 2301, 2314, 2325, 2332, 2335, 2341, 2345, 2347, 2348]

INFO: Total Population: 1922200
INFO: R0: 2
INFO: Incubation Period: 5
INFO: Illness Period: 7
X:[0, 1, 2, 3, 4, 5, 6, 7, 8, 9, 10, 11, 12, 13, 14, 15, 16, 17, 18, 19, 20, 21, 22, 23, 24, 25, 26, 27, 28, 29, 30, 31, 32, 33, 34, 35, 36, 37, 38, 39, 40, 41, 42, 43, 44, 45, 46, 47, 48, 49, 50, 51, 52, 53, 54, 55, 56, 57, 58, 59, 60, 61, 62, 63, 64, 65, 66, 67, 68, 69, 70, 71, 72, 73, 74, 75, 76, 77, 78, 79, 80, 81, 82, 83, 84, 85, 86, 87, 88, 89, 90, 91, 92, 93, 94, 95, 96, 97, 98, 99, 100, 101, 102, 103, 104, 105, 106, 107, 108, 109, 110, 111, 112, 113, 114, 115, 116]
YNEW:[0, 0, 0, 0, 0, 0, 0, 1, 0, 0, 0, 0, 0, 0, 0, 0, 0, 0, 0, 0, 0, 0, 0, 0, 0, 0, 0, 0, 0, 0, 0, 0, 0, 0, 0, 1, 1, 1, 2, 2, 3, 3, 3, 4, 6, 7, 7, 10, 12, 17, 20, 30, 36, 36, 36, 40, 44, 48, 54, 50, 46, 54, 60, 67, 71, 70, 60, 46, 54, 54, 54, 57, 52, 43, 41, 45, 43, 54, 60, 68, 61, 49, 43, 40, 32, 28, 30, 23, 18, 15, 10, 9, 20, 25, 16, 19, 21, 12, 16, 9, 17, 30, 24, 27, 31, 23, 22, 15, 12, 8, 10, 5, 4, 5, 1, 1]
YTOT: [0, 0, 0, 0, 0, 0, 0, 1, 1, 1, 1, 1, 1, 1, 1, 1, 1, 1, 1, 1, 1, 1, 1, 1, 1, 1, 1, 1, 1, 1, 1, 1, 1, 1, 1, 2, 3, 4, 6, 8, 11, 14, 17, 21, 27, 34, 41, 51, 63, 80, 100, 130, 166, 202, 238, 278, 322, 370, 424, 474, 520, 574, 634, 701, 772, 842, 902, 948, 1002, 1056, 1110, 1167, 1219, 1262, 1303, 1348, 1391, 1445, 1505, 1573, 1634, 1683, 1726, 1766, 1798, 1826, 1856, 1879, 1897, 1912, 1922, 1931, 1951, 1976, 1992, 2011, 2032, 2044, 2060, 2069, 2086, 2116, 2140, 2167, 2198, 2221, 2243, 2258, 2270, 2278, 2288, 2293, 2297, 2302, 2303, 2304]

INFO: Total Population: 1922200
INFO: R0: 2
INFO: Incubation Period: 5
INFO: Illness Period: 7
X:[0, 1, 2, 3, 4, 5, 6, 7, 8, 9, 10, 11, 12, 13, 14, 15, 16, 17, 18, 19, 20, 21, 22, 23, 24, 25, 26, 27, 28, 29, 30, 31, 32, 33, 34, 35, 36, 37, 38, 39, 40, 41, 42, 43, 44, 45, 46, 47, 48, 49, 50, 51, 52, 53, 54, 55, 56, 57, 58, 59, 60, 61, 62, 63, 64, 65, 66, 67, 68, 69, 70, 71, 72, 73, 74, 75, 76, 77, 78, 79, 80, 81, 82, 83, 84, 85, 86, 87, 88, 89, 90, 91, 92, 93, 94, 95, 96, 97, 98, 99, 100, 101, 102, 103, 104, 105, 106, 107, 108, 109, 110, 111, 112, 113, 114, 115, 116]
YNEW:[0, 0, 0, 0, 0, 0, 0, 1, 0, 0, 0, 0, 0, 0, 0, 0, 0, 0, 0, 0, 0, 0, 0, 0, 0, 0, 0, 0, 0, 0, 0, 0, 0, 0, 0, 1, 1, 1, 2, 2, 3, 3, 3, 4, 6, 7, 7, 10, 12, 17, 20, 30, 36, 36, 36, 40, 44, 48, 54, 50, 46, 54, 60, 67, 71, 70, 60, 46, 54, 54, 54, 57, 52, 43, 41, 45, 43, 54, 60, 68, 61, 49, 43, 40, 32, 28, 30, 23, 18, 15, 10, 9, 20, 25, 17, 20, 18, 14, 12, 19, 29, 24, 21, 16, 42, 23, 20, 16, 10, 16, 7, 10, 8, 3, 3, 2]
YTOT: [0, 0, 0, 0, 0, 0, 0, 1, 1, 1, 1, 1, 1, 1, 1, 1, 1, 1, 1, 1, 1, 1, 1, 1, 1, 1, 1, 1, 1, 1, 1, 1, 1, 1, 1, 2, 3, 4, 6, 8, 11, 14, 17, 21, 27, 34, 41, 51, 63, 80, 100, 130, 166, 202, 238, 278, 322, 370, 424, 474, 520, 574, 634, 701, 772, 842, 902, 948, 1002, 1056, 1110, 1167, 1219, 1262, 1303, 1348, 1391, 1445, 1505, 1573, 1634, 1683, 1726, 1766, 1798, 1826, 1856, 1879, 1897, 1912, 1922, 1931, 1951, 1976, 1993, 2013, 2031, 2045, 2057, 2076, 2105, 2129, 2150, 2166, 2208, 2231, 2251, 2267, 2277, 2293, 2300, 2310, 2318, 2321, 2324, 2326]

INFO: Total Population: 1922200
INFO: R0: 2
INFO: Incubation Period: 5
INFO: Illness Period: 7
X:[0, 1, 2, 3, 4, 5, 6, 7, 8, 9, 10, 11, 12, 13, 14, 15, 16, 17, 18, 19, 20, 21, 22, 23, 24, 25, 26, 27, 28, 29, 30, 31, 32, 33, 34, 35, 36, 37, 38, 39, 40, 41, 42, 43, 44, 45, 46, 47, 48, 49, 50, 51, 52, 53, 54, 55, 56, 57, 58, 59, 60, 61, 62, 63, 64, 65, 66, 67, 68, 69, 70, 71, 72, 73, 74, 75, 76, 77, 78, 79, 80, 81, 82, 83, 84, 85, 86, 87, 88, 89, 90, 91, 92, 93, 94, 95, 96, 97, 98, 99, 100, 101, 102, 103, 104, 105, 106, 107, 108, 109, 110, 111, 112, 113, 114]
YNEW:[0, 0, 0, 0, 0, 0, 0, 1, 0, 0, 0, 0, 0, 0, 0, 0, 0, 0, 0, 0, 0, 0, 0, 0, 0, 0, 0, 0, 0, 0, 0, 0, 0, 0, 0, 1, 1, 1, 2, 2, 3, 3, 3, 4, 6, 7, 7, 10, 12, 17, 20, 30, 36, 36, 36, 40, 44, 48, 54, 50, 46, 54, 60, 67, 71, 70, 60, 46, 54, 54, 54, 57, 52, 43, 41, 45, 43, 54, 60, 68, 61, 49, 43, 40, 32, 28, 30, 23, 18, 15, 10, 9, 20, 25, 32, 25, 13, 11, 13, 10, 16, 26, 36, 25, 35, 24, 21, 24, 12, 13, 7, 8, 5, 4]
YTOT: [0, 0, 0, 0, 0, 0, 0, 1, 1, 1, 1, 1, 1, 1, 1, 1, 1, 1, 1, 1, 1, 1, 1, 1, 1, 1, 1, 1, 1, 1, 1, 1, 1, 1, 1, 2, 3, 4, 6, 8, 11, 14, 17, 21, 27, 34, 41, 51, 63, 80, 100, 130, 166, 202, 238, 278, 322, 370, 424, 474, 520, 574, 634, 701, 772, 842, 902, 948, 1002, 1056, 1110, 1167, 1219, 1262, 1303, 1348, 1391, 1445, 1505, 1573, 1634, 1683, 1726, 1766, 1798, 1826, 1856, 1879, 1897, 1912, 1922, 1931, 1951, 1976, 2008, 2033, 2046, 2057, 2070, 2080, 2096, 2122, 2158, 2183, 2218, 2242, 2263, 2287, 2299, 2312, 2319, 2327, 2332, 2336]

INFO: Total Population: 1922200
INFO: R0: 2
INFO: Incubation Period: 5
INFO: Illness Period: 7
X:[0, 1, 2, 3, 4, 5, 6, 7, 8, 9, 10, 11, 12, 13, 14, 15, 16, 17, 18, 19, 20, 21, 22, 23, 24, 25, 26, 27, 28, 29, 30, 31, 32, 33, 34, 35, 36, 37, 38, 39, 40, 41, 42, 43, 44, 45, 46, 47, 48, 49, 50, 51, 52, 53, 54, 55, 56, 57, 58, 59, 60, 61, 62, 63, 64, 65, 66, 67, 68, 69, 70, 71, 72, 73, 74, 75, 76, 77, 78, 79, 80, 81, 82, 83, 84, 85, 86, 87, 88, 89, 90, 91, 92, 93, 94, 95, 96, 97, 98, 99, 100, 101, 102, 103, 104, 105, 106, 107, 108, 109, 110, 111, 112, 113, 114, 115]
YNEW:[0, 0, 0, 0, 0, 0, 0, 1, 0, 0, 0, 0, 0, 0, 0, 0, 0, 0, 0, 0, 0, 0, 0, 0, 0, 0, 0, 0, 0, 0, 0, 0, 0, 0, 0, 1, 1, 1, 2, 2, 3, 3, 3, 4, 6, 7, 7, 10, 12, 17, 20, 30, 36, 36, 36, 40, 44, 48, 54, 50, 46, 54, 60, 67, 71, 70, 60, 46, 54, 54, 54, 57, 52, 43, 41, 45, 43, 54, 60, 68, 61, 49, 43, 40, 32, 28, 30, 23, 18, 15, 10, 9, 20, 25, 25, 24, 19, 15, 13, 17, 23, 33, 30, 30, 30, 32, 23, 16, 15, 12, 10, 4, 3, 3, 2]
YTOT: [0, 0, 0, 0, 0, 0, 0, 1, 1, 1, 1, 1, 1, 1, 1, 1, 1, 1, 1, 1, 1, 1, 1, 1, 1, 1, 1, 1, 1, 1, 1, 1, 1, 1, 1, 2, 3, 4, 6, 8, 11, 14, 17, 21, 27, 34, 41, 51, 63, 80, 100, 130, 166, 202, 238, 278, 322, 370, 424, 474, 520, 574, 634, 701, 772, 842, 902, 948, 1002, 1056, 1110, 1167, 1219, 1262, 1303, 1348, 1391, 1445, 1505, 1573, 1634, 1683, 1726, 1766, 1798, 1826, 1856, 1879, 1897, 1912, 1922, 1931, 1951, 1976, 2001, 2025, 2044, 2059, 2072, 2089, 2112, 2145, 2175, 2205, 2235, 2267, 2290, 2306, 2321, 2333, 2343, 2347, 2350, 2353, 2355]

INFO: Total Population: 1922200
INFO: R0: 2
INFO: Incubation Period: 5
INFO: Illness Period: 7
X:[0, 1, 2, 3, 4, 5, 6, 7, 8, 9, 10, 11, 12, 13, 14, 15, 16, 17, 18, 19, 20, 21, 22, 23, 24, 25, 26, 27, 28, 29, 30, 31, 32, 33, 34, 35, 36, 37, 38, 39, 40, 41, 42, 43, 44, 45, 46, 47, 48, 49, 50, 51, 52, 53, 54, 55, 56, 57, 58, 59, 60, 61, 62, 63, 64, 65, 66, 67, 68, 69, 70, 71, 72, 73, 74, 75, 76, 77, 78, 79, 80, 81, 82, 83, 84, 85, 86, 87, 88, 89, 90, 91, 92, 93, 94, 95, 96, 97, 98, 99, 100, 101, 102, 103, 104, 105, 106, 107, 108, 109, 110, 111, 112, 113, 114, 115]
YNEW:[0, 0, 0, 0, 0, 0, 0, 1, 0, 0, 0, 0, 0, 0, 0, 0, 0, 0, 0, 0, 0, 0, 0, 0, 0, 0, 0, 0, 0, 0, 0, 0, 0, 0, 0, 1, 1, 1, 2, 2, 3, 3, 3, 4, 6, 7, 7, 10, 12, 17, 20, 30, 36, 36, 36, 40, 44, 48, 54, 50, 46, 54, 60, 67, 71, 70, 60, 46, 54, 54, 54, 57, 52, 43, 41, 45, 43, 54, 60, 68, 61, 49, 43, 40, 32, 28, 30, 23, 18, 15, 10, 9, 20, 25, 17, 25, 16, 16, 16, 10, 24, 22, 30, 30, 29, 24, 24, 15, 13, 12, 14, 7, 5, 3, 1]
YTOT: [0, 0, 0, 0, 0, 0, 0, 1, 1, 1, 1, 1, 1, 1, 1, 1, 1, 1, 1, 1, 1, 1, 1, 1, 1, 1, 1, 1, 1, 1, 1, 1, 1, 1, 1, 2, 3, 4, 6, 8, 11, 14, 17, 21, 27, 34, 41, 51, 63, 80, 100, 130, 166, 202, 238, 278, 322, 370, 424, 474, 520, 574, 634, 701, 772, 842, 902, 948, 1002, 1056, 1110, 1167, 1219, 1262, 1303, 1348, 1391, 1445, 1505, 1573, 1634, 1683, 1726, 1766, 1798, 1826, 1856, 1879, 1897, 1912, 1922, 1931, 1951, 1976, 1993, 2018, 2034, 2050, 2066, 2076, 2100, 2122, 2152, 2182, 2211, 2235, 2259, 2274, 2287, 2299, 2313, 2320, 2325, 2328, 2329]

INFO: Total Population: 1922200
INFO: R0: 2
INFO: Incubation Period: 5
INFO: Illness Period: 7
X:[0, 1, 2, 3, 4, 5, 6, 7, 8, 9, 10, 11, 12, 13, 14, 15, 16, 17, 18, 19, 20, 21, 22, 23, 24, 25, 26, 27, 28, 29, 30, 31, 32, 33, 34, 35, 36, 37, 38, 39, 40, 41, 42, 43, 44, 45, 46, 47, 48, 49, 50, 51, 52, 53, 54, 55, 56, 57, 58, 59, 60, 61, 62, 63, 64, 65, 66, 67, 68, 69, 70, 71, 72, 73, 74, 75, 76, 77, 78, 79, 80, 81, 82, 83, 84, 85, 86, 87, 88, 89, 90, 91, 92, 93, 94, 95, 96, 97, 98, 99, 100, 101, 102, 103, 104, 105, 106, 107, 108, 109, 110, 111, 112, 113, 114, 115, 116]
YNEW:[0, 0, 0, 0, 0, 0, 0, 1, 0, 0, 0, 0, 0, 0, 0, 0, 0, 0, 0, 0, 0, 0, 0, 0, 0, 0, 0, 0, 0, 0, 0, 0, 0, 0, 0, 1, 1, 1, 2, 2, 3, 3, 3, 4, 6, 7, 7, 10, 12, 17, 20, 30, 36, 36, 36, 40, 44, 48, 54, 50, 46, 54, 60, 67, 71, 70, 60, 46, 54, 54, 54, 57, 52, 43, 41, 45, 43, 54, 60, 68, 61, 49, 43, 40, 32, 28, 30, 23, 18, 15, 10, 9, 20, 25, 20, 14, 27, 17, 7, 20, 18, 19, 27, 21, 31, 32, 19, 20, 19, 14, 11, 7, 7, 3, 2, 2]
YTOT: [0, 0, 0, 0, 0, 0, 0, 1, 1, 1, 1, 1, 1, 1, 1, 1, 1, 1, 1, 1, 1, 1, 1, 1, 1, 1, 1, 1, 1, 1, 1, 1, 1, 1, 1, 2, 3, 4, 6, 8, 11, 14, 17, 21, 27, 34, 41, 51, 63, 80, 100, 130, 166, 202, 238, 278, 322, 370, 424, 474, 520, 574, 634, 701, 772, 842, 902, 948, 1002, 1056, 1110, 1167, 1219, 1262, 1303, 1348, 1391, 1445, 1505, 1573, 1634, 1683, 1726, 1766, 1798, 1826, 1856, 1879, 1897, 1912, 1922, 1931, 1951, 1976, 1996, 2010, 2037, 2054, 2061, 2081, 2099, 2118, 2145, 2166, 2197, 2229, 2248, 2268, 2287, 2301, 2312, 2319, 2326, 2329, 2331, 2333]

INFO: Total Population: 1922200
INFO: R0: 2
INFO: Incubation Period: 5
INFO: Illness Period: 7
X:[0, 1, 2, 3, 4, 5, 6, 7, 8, 9, 10, 11, 12, 13, 14, 15, 16, 17, 18, 19, 20, 21, 22, 23, 24, 25, 26, 27, 28, 29, 30, 31, 32, 33, 34, 35, 36, 37, 38, 39, 40, 41, 42, 43, 44, 45, 46, 47, 48, 49, 50, 51, 52, 53, 54, 55, 56, 57, 58, 59, 60, 61, 62, 63, 64, 65, 66, 67, 68, 69, 70, 71, 72, 73, 74, 75, 76, 77, 78, 79, 80, 81, 82, 83, 84, 85, 86, 87, 88, 89, 90, 91, 92, 93, 94, 95, 96, 97, 98, 99, 100, 101, 102, 103, 104, 105, 106, 107, 108, 109, 110, 111, 112, 113, 114, 115]
YNEW:[0, 0, 0, 0, 0, 0, 0, 1, 0, 0, 0, 0, 0, 0, 0, 0, 0, 0, 0, 0, 0, 0, 0, 0, 0, 0, 0, 0, 0, 0, 0, 0, 0, 0, 0, 1, 1, 1, 2, 2, 3, 3, 3, 4, 6, 7, 7, 10, 12, 17, 20, 30, 36, 36, 36, 40, 44, 48, 54, 50, 46, 54, 60, 67, 71, 70, 60, 46, 54, 54, 54, 57, 52, 43, 41, 45, 43, 54, 60, 68, 61, 49, 43, 40, 32, 28, 30, 23, 18, 15, 10, 9, 20, 25, 25, 19, 22, 15, 8, 19, 16, 24, 33, 32, 39, 24, 14, 18, 21, 16, 7, 8, 2, 2, 2]
YTOT: [0, 0, 0, 0, 0, 0, 0, 1, 1, 1, 1, 1, 1, 1, 1, 1, 1, 1, 1, 1, 1, 1, 1, 1, 1, 1, 1, 1, 1, 1, 1, 1, 1, 1, 1, 2, 3, 4, 6, 8, 11, 14, 17, 21, 27, 34, 41, 51, 63, 80, 100, 130, 166, 202, 238, 278, 322, 370, 424, 474, 520, 574, 634, 701, 772, 842, 902, 948, 1002, 1056, 1110, 1167, 1219, 1262, 1303, 1348, 1391, 1445, 1505, 1573, 1634, 1683, 1726, 1766, 1798, 1826, 1856, 1879, 1897, 1912, 1922, 1931, 1951, 1976, 2001, 2020, 2042, 2057, 2065, 2084, 2100, 2124, 2157, 2189, 2228, 2252, 2266, 2284, 2305, 2321, 2328, 2336, 2338, 2340, 2342]

INFO: Total Population: 1922200
INFO: R0: 2
INFO: Incubation Period: 5
INFO: Illness Period: 7
X:[0, 1, 2, 3, 4, 5, 6, 7, 8, 9, 10, 11, 12, 13, 14, 15, 16, 17, 18, 19, 20, 21, 22, 23, 24, 25, 26, 27, 28, 29, 30, 31, 32, 33, 34, 35, 36, 37, 38, 39, 40, 41, 42, 43, 44, 45, 46, 47, 48, 49, 50, 51, 52, 53, 54, 55, 56, 57, 58, 59, 60, 61, 62, 63, 64, 65, 66, 67, 68, 69, 70, 71, 72, 73, 74, 75, 76, 77, 78, 79, 80, 81, 82, 83, 84, 85, 86, 87, 88, 89, 90, 91, 92, 93, 94, 95, 96, 97, 98, 99, 100, 101, 102, 103, 104, 105, 106, 107, 108, 109, 110, 111, 112, 113, 114]
YNEW:[0, 0, 0, 0, 0, 0, 0, 1, 0, 0, 0, 0, 0, 0, 0, 0, 0, 0, 0, 0, 0, 0, 0, 0, 0, 0, 0, 0, 0, 0, 0, 0, 0, 0, 0, 1, 1, 1, 2, 2, 3, 3, 3, 4, 6, 7, 7, 10, 12, 17, 20, 30, 36, 36, 36, 40, 44, 48, 54, 50, 46, 54, 60, 67, 71, 70, 60, 46, 54, 54, 54, 57, 52, 43, 41, 45, 43, 54, 60, 68, 61, 49, 43, 40, 32, 28, 30, 23, 18, 15, 10, 9, 20, 25, 15, 24, 10, 15, 12, 13, 19, 20, 22, 30, 27, 25, 20, 20, 14, 9, 9, 4, 4, 2]
YTOT: [0, 0, 0, 0, 0, 0, 0, 1, 1, 1, 1, 1, 1, 1, 1, 1, 1, 1, 1, 1, 1, 1, 1, 1, 1, 1, 1, 1, 1, 1, 1, 1, 1, 1, 1, 2, 3, 4, 6, 8, 11, 14, 17, 21, 27, 34, 41, 51, 63, 80, 100, 130, 166, 202, 238, 278, 322, 370, 424, 474, 520, 574, 634, 701, 772, 842, 902, 948, 1002, 1056, 1110, 1167, 1219, 1262, 1303, 1348, 1391, 1445, 1505, 1573, 1634, 1683, 1726, 1766, 1798, 1826, 1856, 1879, 1897, 1912, 1922, 1931, 1951, 1976, 1991, 2015, 2025, 2040, 2052, 2065, 2084, 2104, 2126, 2156, 2183, 2208, 2228, 2248, 2262, 2271, 2280, 2284, 2288, 2290]

INFO: Total Population: 1922200
INFO: R0: 2
INFO: Incubation Period: 5
INFO: Illness Period: 7
X:[0, 1, 2, 3, 4, 5, 6, 7, 8, 9, 10, 11, 12, 13, 14, 15, 16, 17, 18, 19, 20, 21, 22, 23, 24, 25, 26, 27, 28, 29, 30, 31, 32, 33, 34, 35, 36, 37, 38, 39, 40, 41, 42, 43, 44, 45, 46, 47, 48, 49, 50, 51, 52, 53, 54, 55, 56, 57, 58, 59, 60, 61, 62, 63, 64, 65, 66, 67, 68, 69, 70, 71, 72, 73, 74, 75, 76, 77, 78, 79, 80, 81, 82, 83, 84, 85, 86, 87, 88, 89, 90, 91, 92, 93, 94, 95, 96, 97, 98, 99, 100, 101, 102, 103, 104, 105, 106, 107, 108, 109, 110, 111, 112, 113, 114, 115]
YNEW:[0, 0, 0, 0, 0, 0, 0, 1, 0, 0, 0, 0, 0, 0, 0, 0, 0, 0, 0, 0, 0, 0, 0, 0, 0, 0, 0, 0, 0, 0, 0, 0, 0, 0, 0, 1, 1, 1, 2, 2, 3, 3, 3, 4, 6, 7, 7, 10, 12, 17, 20, 30, 36, 36, 36, 40, 44, 48, 54, 50, 46, 54, 60, 67, 71, 70, 60, 46, 54, 54, 54, 57, 52, 43, 41, 45, 43, 54, 60, 68, 61, 49, 43, 40, 32, 28, 30, 23, 18, 15, 10, 9, 20, 25, 22, 26, 17, 12, 13, 15, 27, 31, 27, 23, 26, 30, 19, 17, 13, 9, 8, 11, 7, 3, 3]
YTOT: [0, 0, 0, 0, 0, 0, 0, 1, 1, 1, 1, 1, 1, 1, 1, 1, 1, 1, 1, 1, 1, 1, 1, 1, 1, 1, 1, 1, 1, 1, 1, 1, 1, 1, 1, 2, 3, 4, 6, 8, 11, 14, 17, 21, 27, 34, 41, 51, 63, 80, 100, 130, 166, 202, 238, 278, 322, 370, 424, 474, 520, 574, 634, 701, 772, 842, 902, 948, 1002, 1056, 1110, 1167, 1219, 1262, 1303, 1348, 1391, 1445, 1505, 1573, 1634, 1683, 1726, 1766, 1798, 1826, 1856, 1879, 1897, 1912, 1922, 1931, 1951, 1976, 1998, 2024, 2041, 2053, 2066, 2081, 2108, 2139, 2166, 2189, 2215, 2245, 2264, 2281, 2294, 2303, 2311, 2322, 2329, 2332, 2335]

INFO: Total Population: 1922200
INFO: R0: 2
INFO: Incubation Period: 5
INFO: Illness Period: 7
X:[0, 1, 2, 3, 4, 5, 6, 7, 8, 9, 10, 11, 12, 13, 14, 15, 16, 17, 18, 19, 20, 21, 22, 23, 24, 25, 26, 27, 28, 29, 30, 31, 32, 33, 34, 35, 36, 37, 38, 39, 40, 41, 42, 43, 44, 45, 46, 47, 48, 49, 50, 51, 52, 53, 54, 55, 56, 57, 58, 59, 60, 61, 62, 63, 64, 65, 66, 67, 68, 69, 70, 71, 72, 73, 74, 75, 76, 77, 78, 79, 80, 81, 82, 83, 84, 85, 86, 87, 88, 89, 90, 91, 92, 93, 94, 95, 96, 97, 98, 99, 100, 101, 102, 103, 104, 105, 106, 107, 108, 109, 110, 111, 112, 113, 114, 115]
YNEW:[0, 0, 0, 0, 0, 0, 0, 1, 0, 0, 0, 0, 0, 0, 0, 0, 0, 0, 0, 0, 0, 0, 0, 0, 0, 0, 0, 0, 0, 0, 0, 0, 0, 0, 0, 1, 1, 1, 2, 2, 3, 3, 3, 4, 6, 7, 7, 10, 12, 17, 20, 30, 36, 36, 36, 40, 44, 48, 54, 50, 46, 54, 60, 67, 71, 70, 60, 46, 54, 54, 54, 57, 52, 43, 41, 45, 43, 54, 60, 68, 61, 49, 43, 40, 32, 28, 30, 23, 18, 15, 10, 9, 20, 25, 21, 21, 16, 16, 13, 16, 18, 22, 29, 28, 39, 26, 23, 16, 11, 10, 8, 4, 6, 6, 1]
YTOT: [0, 0, 0, 0, 0, 0, 0, 1, 1, 1, 1, 1, 1, 1, 1, 1, 1, 1, 1, 1, 1, 1, 1, 1, 1, 1, 1, 1, 1, 1, 1, 1, 1, 1, 1, 2, 3, 4, 6, 8, 11, 14, 17, 21, 27, 34, 41, 51, 63, 80, 100, 130, 166, 202, 238, 278, 322, 370, 424, 474, 520, 574, 634, 701, 772, 842, 902, 948, 1002, 1056, 1110, 1167, 1219, 1262, 1303, 1348, 1391, 1445, 1505, 1573, 1634, 1683, 1726, 1766, 1798, 1826, 1856, 1879, 1897, 1912, 1922, 1931, 1951, 1976, 1997, 2018, 2034, 2050, 2063, 2079, 2097, 2119, 2148, 2176, 2215, 2241, 2264, 2280, 2291, 2301, 2309, 2313, 2319, 2325, 2326]

INFO: Total Population: 1922200
INFO: R0: 2
INFO: Incubation Period: 5
INFO: Illness Period: 7
X:[0, 1, 2, 3, 4, 5, 6, 7, 8, 9, 10, 11, 12, 13, 14, 15, 16, 17, 18, 19, 20, 21, 22, 23, 24, 25, 26, 27, 28, 29, 30, 31, 32, 33, 34, 35, 36, 37, 38, 39, 40, 41, 42, 43, 44, 45, 46, 47, 48, 49, 50, 51, 52, 53, 54, 55, 56, 57, 58, 59, 60, 61, 62, 63, 64, 65, 66, 67, 68, 69, 70, 71, 72, 73, 74, 75, 76, 77, 78, 79, 80, 81, 82, 83, 84, 85, 86, 87, 88, 89, 90, 91, 92, 93, 94, 95, 96, 97, 98, 99, 100, 101, 102, 103, 104, 105, 106, 107, 108, 109, 110, 111, 112, 113, 114, 115, 116]
YNEW:[0, 0, 0, 0, 0, 0, 0, 1, 0, 0, 0, 0, 0, 0, 0, 0, 0, 0, 0, 0, 0, 0, 0, 0, 0, 0, 0, 0, 0, 0, 0, 0, 0, 0, 0, 1, 1, 1, 2, 2, 3, 3, 3, 4, 6, 7, 7, 10, 12, 17, 20, 30, 36, 36, 36, 40, 44, 48, 54, 50, 46, 54, 60, 67, 71, 70, 60, 46, 54, 54, 54, 57, 52, 43, 41, 45, 43, 54, 60, 68, 61, 49, 43, 40, 32, 28, 30, 23, 18, 15, 10, 9, 20, 25, 15, 16, 23, 13, 18, 9, 17, 22, 26, 30, 35, 18, 17, 18, 15, 12, 8, 4, 9, 1, 3, 1]
YTOT: [0, 0, 0, 0, 0, 0, 0, 1, 1, 1, 1, 1, 1, 1, 1, 1, 1, 1, 1, 1, 1, 1, 1, 1, 1, 1, 1, 1, 1, 1, 1, 1, 1, 1, 1, 2, 3, 4, 6, 8, 11, 14, 17, 21, 27, 34, 41, 51, 63, 80, 100, 130, 166, 202, 238, 278, 322, 370, 424, 474, 520, 574, 634, 701, 772, 842, 902, 948, 1002, 1056, 1110, 1167, 1219, 1262, 1303, 1348, 1391, 1445, 1505, 1573, 1634, 1683, 1726, 1766, 1798, 1826, 1856, 1879, 1897, 1912, 1922, 1931, 1951, 1976, 1991, 2007, 2030, 2043, 2061, 2070, 2087, 2109, 2135, 2165, 2200, 2218, 2235, 2253, 2268, 2280, 2288, 2292, 2301, 2302, 2305, 2306]

INFO: Total Population: 1922200
INFO: R0: 2
INFO: Incubation Period: 5
INFO: Illness Period: 7
X:[0, 1, 2, 3, 4, 5, 6, 7, 8, 9, 10, 11, 12, 13, 14, 15, 16, 17, 18, 19, 20, 21, 22, 23, 24, 25, 26, 27, 28, 29, 30, 31, 32, 33, 34, 35, 36, 37, 38, 39, 40, 41, 42, 43, 44, 45, 46, 47, 48, 49, 50, 51, 52, 53, 54, 55, 56, 57, 58, 59, 60, 61, 62, 63, 64, 65, 66, 67, 68, 69, 70, 71, 72, 73, 74, 75, 76, 77, 78, 79, 80, 81, 82, 83, 84, 85, 86, 87, 88, 89, 90, 91, 92, 93, 94, 95, 96, 97, 98, 99, 100, 101, 102, 103, 104, 105, 106, 107, 108, 109, 110, 111, 112, 113, 114, 115]
YNEW:[0, 0, 0, 0, 0, 0, 0, 1, 0, 0, 0, 0, 0, 0, 0, 0, 0, 0, 0, 0, 0, 0, 0, 0, 0, 0, 0, 0, 0, 0, 0, 0, 0, 0, 0, 1, 1, 1, 2, 2, 3, 3, 3, 4, 6, 7, 7, 10, 12, 17, 20, 30, 36, 36, 36, 40, 44, 48, 54, 50, 46, 54, 60, 67, 71, 70, 60, 46, 54, 54, 54, 57, 52, 43, 41, 45, 43, 54, 60, 68, 61, 49, 43, 40, 32, 28, 30, 23, 18, 15, 10, 9, 20, 25, 22, 20, 16, 14, 12, 9, 31, 21, 28, 34, 25, 24, 16, 14, 17, 11, 6, 2, 5, 4, 1]
YTOT: [0, 0, 0, 0, 0, 0, 0, 1, 1, 1, 1, 1, 1, 1, 1, 1, 1, 1, 1, 1, 1, 1, 1, 1, 1, 1, 1, 1, 1, 1, 1, 1, 1, 1, 1, 2, 3, 4, 6, 8, 11, 14, 17, 21, 27, 34, 41, 51, 63, 80, 100, 130, 166, 202, 238, 278, 322, 370, 424, 474, 520, 574, 634, 701, 772, 842, 902, 948, 1002, 1056, 1110, 1167, 1219, 1262, 1303, 1348, 1391, 1445, 1505, 1573, 1634, 1683, 1726, 1766, 1798, 1826, 1856, 1879, 1897, 1912, 1922, 1931, 1951, 1976, 1998, 2018, 2034, 2048, 2060, 2069, 2100, 2121, 2149, 2183, 2208, 2232, 2248, 2262, 2279, 2290, 2296, 2298, 2303, 2307, 2308]

INFO: Total Population: 1922200
INFO: R0: 2
INFO: Incubation Period: 5
INFO: Illness Period: 7
X:[0, 1, 2, 3, 4, 5, 6, 7, 8, 9, 10, 11, 12, 13, 14, 15, 16, 17, 18, 19, 20, 21, 22, 23, 24, 25, 26, 27, 28, 29, 30, 31, 32, 33, 34, 35, 36, 37, 38, 39, 40, 41, 42, 43, 44, 45, 46, 47, 48, 49, 50, 51, 52, 53, 54, 55, 56, 57, 58, 59, 60, 61, 62, 63, 64, 65, 66, 67, 68, 69, 70, 71, 72, 73, 74, 75, 76, 77, 78, 79, 80, 81, 82, 83, 84, 85, 86, 87, 88, 89, 90, 91, 92, 93, 94, 95, 96, 97, 98, 99, 100, 101, 102, 103, 104, 105, 106, 107, 108, 109, 110, 111, 112, 113, 114, 115, 116]
YNEW:[0, 0, 0, 0, 0, 0, 0, 1, 0, 0, 0, 0, 0, 0, 0, 0, 0, 0, 0, 0, 0, 0, 0, 0, 0, 0, 0, 0, 0, 0, 0, 0, 0, 0, 0, 1, 1, 1, 2, 2, 3, 3, 3, 4, 6, 7, 7, 10, 12, 17, 20, 30, 36, 36, 36, 40, 44, 48, 54, 50, 46, 54, 60, 67, 71, 70, 60, 46, 54, 54, 54, 57, 52, 43, 41, 45, 43, 54, 60, 68, 61, 49, 43, 40, 32, 28, 30, 23, 18, 15, 10, 9, 20, 25, 18, 23, 16, 10, 11, 19, 20, 26, 25, 25, 24, 29, 19, 17, 18, 14, 9, 6, 3, 2, 2, 2]
YTOT: [0, 0, 0, 0, 0, 0, 0, 1, 1, 1, 1, 1, 1, 1, 1, 1, 1, 1, 1, 1, 1, 1, 1, 1, 1, 1, 1, 1, 1, 1, 1, 1, 1, 1, 1, 2, 3, 4, 6, 8, 11, 14, 17, 21, 27, 34, 41, 51, 63, 80, 100, 130, 166, 202, 238, 278, 322, 370, 424, 474, 520, 574, 634, 701, 772, 842, 902, 948, 1002, 1056, 1110, 1167, 1219, 1262, 1303, 1348, 1391, 1445, 1505, 1573, 1634, 1683, 1726, 1766, 1798, 1826, 1856, 1879, 1897, 1912, 1922, 1931, 1951, 1976, 1994, 2017, 2033, 2043, 2054, 2073, 2093, 2119, 2144, 2169, 2193, 2222, 2241, 2258, 2276, 2290, 2299, 2305, 2308, 2310, 2312, 2314]

INFO: Total Population: 1922200
INFO: R0: 2
INFO: Incubation Period: 5
INFO: Illness Period: 7
X:[0, 1, 2, 3, 4, 5, 6, 7, 8, 9, 10, 11, 12, 13, 14, 15, 16, 17, 18, 19, 20, 21, 22, 23, 24, 25, 26, 27, 28, 29, 30, 31, 32, 33, 34, 35, 36, 37, 38, 39, 40, 41, 42, 43, 44, 45, 46, 47, 48, 49, 50, 51, 52, 53, 54, 55, 56, 57, 58, 59, 60, 61, 62, 63, 64, 65, 66, 67, 68, 69, 70, 71, 72, 73, 74, 75, 76, 77, 78, 79, 80, 81, 82, 83, 84, 85, 86, 87, 88, 89, 90, 91, 92, 93, 94, 95, 96, 97, 98, 99, 100, 101, 102, 103, 104, 105, 106, 107, 108, 109, 110, 111, 112, 113, 114, 115, 116]
YNEW:[0, 0, 0, 0, 0, 0, 0, 1, 0, 0, 0, 0, 0, 0, 0, 0, 0, 0, 0, 0, 0, 0, 0, 0, 0, 0, 0, 0, 0, 0, 0, 0, 0, 0, 0, 1, 1, 1, 2, 2, 3, 3, 3, 4, 6, 7, 7, 10, 12, 17, 20, 30, 36, 36, 36, 40, 44, 48, 54, 50, 46, 54, 60, 67, 71, 70, 60, 46, 54, 54, 54, 57, 52, 43, 41, 45, 43, 54, 60, 68, 61, 49, 43, 40, 32, 28, 30, 23, 18, 15, 10, 9, 20, 25, 21, 21, 19, 19, 11, 15, 22, 26, 29, 26, 35, 19, 23, 22, 14, 12, 7, 1, 7, 3, 2, 5]
YTOT: [0, 0, 0, 0, 0, 0, 0, 1, 1, 1, 1, 1, 1, 1, 1, 1, 1, 1, 1, 1, 1, 1, 1, 1, 1, 1, 1, 1, 1, 1, 1, 1, 1, 1, 1, 2, 3, 4, 6, 8, 11, 14, 17, 21, 27, 34, 41, 51, 63, 80, 100, 130, 166, 202, 238, 278, 322, 370, 424, 474, 520, 574, 634, 701, 772, 842, 902, 948, 1002, 1056, 1110, 1167, 1219, 1262, 1303, 1348, 1391, 1445, 1505, 1573, 1634, 1683, 1726, 1766, 1798, 1826, 1856, 1879, 1897, 1912, 1922, 1931, 1951, 1976, 1997, 2018, 2037, 2056, 2067, 2082, 2104, 2130, 2159, 2185, 2220, 2239, 2262, 2284, 2298, 2310, 2317, 2318, 2325, 2328, 2330, 2335]

END