

INFO: Total Population: 883305
INFO: R0: 2
INFO: Incubation Period: 5
INFO: Illness Period: 12
X:[0, 1, 2, 3, 4, 5, 6, 7, 8, 9, 10, 11, 12, 13, 14, 15, 16, 17, 18, 19, 20, 21, 22, 23, 24, 25, 26, 27, 28, 29, 30, 31, 32, 33, 34, 35, 36, 37, 38, 39, 40, 41, 42, 43, 44, 45, 46, 47, 48, 49, 50, 51, 52, 53, 54, 55, 56, 57, 58, 59, 60, 61, 62, 63, 64, 65, 66, 67, 68, 69, 70, 71, 72, 73, 74, 75, 76, 77, 78, 79, 80, 81, 82, 83, 84, 85, 86, 87, 88, 89, 90, 91, 92, 93, 94, 95, 96, 97, 98, 99, 100, 101, 102, 103, 104, 105, 106, 107, 108, 109, 110, 111, 112]
YNEW:[2, 2, 2, 2, 2, 2, 3, 2, 3, 2, 4, 5, 5, 6, 7, 7, 8, 12, 15, 14, 18, 26, 31, 33, 37, 41, 38, 31, 30, 31, 30, 33, 30, 36, 34, 33, 30, 28, 20, 19, 17, 31, 40, 38, 39, 35, 34, 38, 38, 48, 64, 67, 61, 49, 63, 76, 91, 93, 81, 109, 103, 109, 129, 128, 129, 159, 163, 159, 166, 165, 184, 228, 225, 242, 255, 281, 300, 326, 349, 360, 384, 375, 451, 500, 454, 512, 577, 622, 681, 686, 729, 767, 846, 892, 933, 1048, 1066, 1155, 1221, 1325, 1115, 900, 802, 646, 545, 422, 332, 222, 147, 98, 41, 12]
YTOT: [2, 4, 6, 8, 10, 12, 15, 17, 20, 22, 26, 31, 36, 42, 49, 56, 64, 76, 91, 105, 123, 149, 180, 213, 250, 291, 329, 360, 390, 421, 451, 484, 514, 550, 584, 617, 647, 675, 695, 714, 731, 762, 802, 840, 879, 914, 948, 986, 1024, 1072, 1136, 1203, 1264, 1313, 1376, 1452, 1543, 1636, 1717, 1826, 1929, 2038, 2167, 2295, 2424, 2583, 2746, 2905, 3071, 3236, 3420, 3648, 3873, 4115, 4370, 4651, 4951, 5277, 5626, 5986, 6370, 6745, 7196, 7696, 8150, 8662, 9239, 9861, 10542, 11228, 11957, 12724, 13570, 14462, 15395, 16443, 17509, 18664, 19885, 21210, 22325, 23225, 24027, 24673, 25218, 25640, 25972, 26194, 26341, 26439, 26480, 26492]

INFO: Total Population: 883305
INFO: R0: 2
INFO: Incubation Period: 5
INFO: Illness Period: 12
X:[0, 1, 2, 3, 4, 5, 6, 7, 8, 9, 10, 11, 12, 13, 14, 15, 16, 17, 18, 19, 20, 21, 22, 23, 24, 25, 26, 27, 28, 29, 30, 31, 32, 33, 34, 35, 36, 37, 38, 39, 40, 41, 42, 43, 44, 45, 46, 47, 48, 49, 50, 51, 52, 53, 54, 55, 56, 57, 58, 59, 60, 61, 62, 63, 64, 65, 66, 67, 68, 69, 70, 71, 72, 73, 74, 75, 76, 77, 78, 79, 80, 81, 82, 83, 84, 85, 86, 87, 88, 89, 90, 91, 92, 93, 94, 95, 96, 97, 98, 99, 100, 101, 102, 103, 104, 105, 106, 107, 108, 109, 110, 111, 112]
YNEW:[2, 2, 2, 2, 2, 2, 3, 2, 3, 2, 4, 5, 5, 6, 7, 7, 8, 12, 15, 14, 18, 26, 31, 33, 37, 41, 38, 31, 30, 31, 30, 33, 30, 36, 34, 35, 22, 33, 26, 17, 23, 33, 35, 51, 34, 35, 38, 44, 52, 49, 52, 63, 59, 64, 77, 75, 82, 96, 89, 100, 122, 89, 109, 118, 159, 164, 169, 142, 179, 172, 207, 223, 240, 261, 249, 272, 283, 305, 333, 342, 400, 423, 434, 469, 483, 552, 552, 593, 621, 683, 734, 804, 823, 922, 905, 1022, 1067, 1090, 1228, 1355, 1145, 923, 819, 587, 527, 437, 312, 199, 139, 100, 48, 13]
YTOT: [2, 4, 6, 8, 10, 12, 15, 17, 20, 22, 26, 31, 36, 42, 49, 56, 64, 76, 91, 105, 123, 149, 180, 213, 250, 291, 329, 360, 390, 421, 451, 484, 514, 550, 584, 619, 641, 674, 700, 717, 740, 773, 808, 859, 893, 928, 966, 1010, 1062, 1111, 1163, 1226, 1285, 1349, 1426, 1501, 1583, 1679, 1768, 1868, 1990, 2079, 2188, 2306, 2465, 2629, 2798, 2940, 3119, 3291, 3498, 3721, 3961, 4222, 4471, 4743, 5026, 5331, 5664, 6006, 6406, 6829, 7263, 7732, 8215, 8767, 9319, 9912, 10533, 11216, 11950, 12754, 13577, 14499, 15404, 16426, 17493, 18583, 19811, 21166, 22311, 23234, 24053, 24640, 25167, 25604, 25916, 26115, 26254, 26354, 26402, 26415]

INFO: Total Population: 883305
INFO: R0: 2
INFO: Incubation Period: 5
INFO: Illness Period: 12
X:[0, 1, 2, 3, 4, 5, 6, 7, 8, 9, 10, 11, 12, 13, 14, 15, 16, 17, 18, 19, 20, 21, 22, 23, 24, 25, 26, 27, 28, 29, 30, 31, 32, 33, 34, 35, 36, 37, 38, 39, 40, 41, 42, 43, 44, 45, 46, 47, 48, 49, 50, 51, 52, 53, 54, 55, 56, 57, 58, 59, 60, 61, 62, 63, 64, 65, 66, 67, 68, 69, 70, 71, 72, 73, 74, 75, 76, 77, 78, 79, 80, 81, 82, 83, 84, 85, 86, 87, 88, 89, 90, 91, 92, 93, 94, 95, 96, 97, 98, 99, 100, 101, 102, 103, 104, 105, 106, 107, 108, 109, 110, 111, 112]
YNEW:[2, 2, 2, 2, 2, 2, 3, 2, 3, 2, 4, 5, 5, 6, 7, 7, 8, 12, 15, 14, 18, 26, 31, 33, 37, 41, 38, 31, 30, 31, 30, 33, 30, 36, 34, 30, 40, 29, 20, 22, 33, 31, 44, 35, 40, 32, 38, 49, 47, 65, 55, 56, 61, 86, 66, 79, 84, 82, 79, 115, 100, 115, 142, 126, 149, 149, 148, 176, 177, 196, 240, 214, 239, 252, 281, 297, 300, 331, 351, 360, 392, 446, 472, 501, 554, 533, 566, 662, 676, 715, 755, 801, 879, 945, 956, 1074, 1079, 1208, 1289, 1326, 1200, 991, 828, 702, 562, 423, 324, 229, 165, 100, 59, 10]
YTOT: [2, 4, 6, 8, 10, 12, 15, 17, 20, 22, 26, 31, 36, 42, 49, 56, 64, 76, 91, 105, 123, 149, 180, 213, 250, 291, 329, 360, 390, 421, 451, 484, 514, 550, 584, 614, 654, 683, 703, 725, 758, 789, 833, 868, 908, 940, 978, 1027, 1074, 1139, 1194, 1250, 1311, 1397, 1463, 1542, 1626, 1708, 1787, 1902, 2002, 2117, 2259, 2385, 2534, 2683, 2831, 3007, 3184, 3380, 3620, 3834, 4073, 4325, 4606, 4903, 5203, 5534, 5885, 6245, 6637, 7083, 7555, 8056, 8610, 9143, 9709, 10371, 11047, 11762, 12517, 13318, 14197, 15142, 16098, 17172, 18251, 19459, 20748, 22074, 23274, 24265, 25093, 25795, 26357, 26780, 27104, 27333, 27498, 27598, 27657, 27667]

INFO: Total Population: 883305
INFO: R0: 2
INFO: Incubation Period: 5
INFO: Illness Period: 12
X:[0, 1, 2, 3, 4, 5, 6, 7, 8, 9, 10, 11, 12, 13, 14, 15, 16, 17, 18, 19, 20, 21, 22, 23, 24, 25, 26, 27, 28, 29, 30, 31, 32, 33, 34, 35, 36, 37, 38, 39, 40, 41, 42, 43, 44, 45, 46, 47, 48, 49, 50, 51, 52, 53, 54, 55, 56, 57, 58, 59, 60, 61, 62, 63, 64, 65, 66, 67, 68, 69, 70, 71, 72, 73, 74, 75, 76, 77, 78, 79, 80, 81, 82, 83, 84, 85, 86, 87, 88, 89, 90, 91, 92, 93, 94, 95, 96, 97, 98, 99, 100, 101, 102, 103, 104, 105, 106, 107, 108, 109, 110, 111, 112]
YNEW:[2, 2, 2, 2, 2, 2, 3, 2, 3, 2, 4, 5, 5, 6, 7, 7, 8, 12, 15, 14, 18, 26, 31, 33, 37, 41, 38, 31, 30, 31, 30, 33, 30, 36, 34, 37, 24, 31, 27, 22, 31, 28, 31, 31, 43, 47, 49, 41, 43, 59, 58, 62, 56, 67, 69, 97, 78, 90, 101, 110, 111, 105, 118, 127, 159, 156, 165, 172, 181, 177, 254, 209, 252, 236, 303, 282, 296, 356, 355, 383, 360, 429, 465, 508, 527, 535, 577, 646, 704, 742, 774, 791, 882, 913, 974, 1043, 1146, 1172, 1341, 1322, 1132, 999, 879, 686, 555, 381, 342, 243, 152, 103, 50, 19]
YTOT: [2, 4, 6, 8, 10, 12, 15, 17, 20, 22, 26, 31, 36, 42, 49, 56, 64, 76, 91, 105, 123, 149, 180, 213, 250, 291, 329, 360, 390, 421, 451, 484, 514, 550, 584, 621, 645, 676, 703, 725, 756, 784, 815, 846, 889, 936, 985, 1026, 1069, 1128, 1186, 1248, 1304, 1371, 1440, 1537, 1615, 1705, 1806, 1916, 2027, 2132, 2250, 2377, 2536, 2692, 2857, 3029, 3210, 3387, 3641, 3850, 4102, 4338, 4641, 4923, 5219, 5575, 5930, 6313, 6673, 7102, 7567, 8075, 8602, 9137, 9714, 10360, 11064, 11806, 12580, 13371, 14253, 15166, 16140, 17183, 18329, 19501, 20842, 22164, 23296, 24295, 25174, 25860, 26415, 26796, 27138, 27381, 27533, 27636, 27686, 27705]

INFO: Total Population: 883305
INFO: R0: 2
INFO: Incubation Period: 5
INFO: Illness Period: 12
X:[0, 1, 2, 3, 4, 5, 6, 7, 8, 9, 10, 11, 12, 13, 14, 15, 16, 17, 18, 19, 20, 21, 22, 23, 24, 25, 26, 27, 28, 29, 30, 31, 32, 33, 34, 35, 36, 37, 38, 39, 40, 41, 42, 43, 44, 45, 46, 47, 48, 49, 50, 51, 52, 53, 54, 55, 56, 57, 58, 59, 60, 61, 62, 63, 64, 65, 66, 67, 68, 69, 70, 71, 72, 73, 74, 75, 76, 77, 78, 79, 80, 81, 82, 83, 84, 85, 86, 87, 88, 89, 90, 91, 92, 93, 94, 95, 96, 97, 98, 99, 100, 101, 102, 103, 104, 105, 106, 107, 108, 109, 110, 111, 112]
YNEW:[2, 2, 2, 2, 2, 2, 3, 2, 3, 2, 4, 5, 5, 6, 7, 7, 8, 12, 15, 14, 18, 26, 31, 33, 37, 41, 38, 31, 30, 31, 30, 33, 30, 36, 34, 37, 35, 29, 17, 15, 25, 35, 44, 32, 31, 42, 37, 43, 56, 59, 60, 64, 58, 73, 71, 71, 93, 97, 96, 97, 120, 115, 131, 144, 134, 136, 162, 184, 195, 186, 217, 222, 271, 265, 266, 291, 283, 360, 355, 409, 428, 413, 459, 506, 532, 537, 603, 657, 706, 710, 755, 840, 914, 916, 950, 1084, 1122, 1227, 1309, 1360, 1125, 1047, 760, 687, 553, 456, 344, 227, 151, 111, 63, 13]
YTOT: [2, 4, 6, 8, 10, 12, 15, 17, 20, 22, 26, 31, 36, 42, 49, 56, 64, 76, 91, 105, 123, 149, 180, 213, 250, 291, 329, 360, 390, 421, 451, 484, 514, 550, 584, 621, 656, 685, 702, 717, 742, 777, 821, 853, 884, 926, 963, 1006, 1062, 1121, 1181, 1245, 1303, 1376, 1447, 1518, 1611, 1708, 1804, 1901, 2021, 2136, 2267, 2411, 2545, 2681, 2843, 3027, 3222, 3408, 3625, 3847, 4118, 4383, 4649, 4940, 5223, 5583, 5938, 6347, 6775, 7188, 7647, 8153, 8685, 9222, 9825, 10482, 11188, 11898, 12653, 13493, 14407, 15323, 16273, 17357, 18479, 19706, 21015, 22375, 23500, 24547, 25307, 25994, 26547, 27003, 27347, 27574, 27725, 27836, 27899, 27912]

INFO: Total Population: 883305
INFO: R0: 2
INFO: Incubation Period: 5
INFO: Illness Period: 12
X:[0, 1, 2, 3, 4, 5, 6, 7, 8, 9, 10, 11, 12, 13, 14, 15, 16, 17, 18, 19, 20, 21, 22, 23, 24, 25, 26, 27, 28, 29, 30, 31, 32, 33, 34, 35, 36, 37, 38, 39, 40, 41, 42, 43, 44, 45, 46, 47, 48, 49, 50, 51, 52, 53, 54, 55, 56, 57, 58, 59, 60, 61, 62, 63, 64, 65, 66, 67, 68, 69, 70, 71, 72, 73, 74, 75, 76, 77, 78, 79, 80, 81, 82, 83, 84, 85, 86, 87, 88, 89, 90, 91, 92, 93, 94, 95, 96, 97, 98, 99, 100, 101, 102, 103, 104, 105, 106, 107, 108, 109, 110, 111, 112]
YNEW:[2, 2, 2, 2, 2, 2, 3, 2, 3, 2, 4, 5, 5, 6, 7, 7, 8, 12, 15, 14, 18, 26, 31, 33, 37, 41, 38, 31, 30, 31, 30, 33, 30, 36, 34, 24, 30, 35, 22, 18, 29, 29, 39, 34, 38, 40, 42, 44, 46, 53, 60, 53, 60, 63, 70, 75, 79, 72, 105, 98, 110, 105, 101, 131, 140, 160, 151, 172, 163, 172, 215, 235, 260, 252, 232, 235, 309, 328, 373, 387, 364, 444, 434, 494, 542, 520, 554, 621, 677, 722, 792, 785, 829, 912, 1000, 1058, 1099, 1199, 1250, 1292, 1197, 974, 861, 700, 535, 412, 318, 245, 157, 101, 48, 19]
YTOT: [2, 4, 6, 8, 10, 12, 15, 17, 20, 22, 26, 31, 36, 42, 49, 56, 64, 76, 91, 105, 123, 149, 180, 213, 250, 291, 329, 360, 390, 421, 451, 484, 514, 550, 584, 608, 638, 673, 695, 713, 742, 771, 810, 844, 882, 922, 964, 1008, 1054, 1107, 1167, 1220, 1280, 1343, 1413, 1488, 1567, 1639, 1744, 1842, 1952, 2057, 2158, 2289, 2429, 2589, 2740, 2912, 3075, 3247, 3462, 3697, 3957, 4209, 4441, 4676, 4985, 5313, 5686, 6073, 6437, 6881, 7315, 7809, 8351, 8871, 9425, 10046, 10723, 11445, 12237, 13022, 13851, 14763, 15763, 16821, 17920, 19119, 20369, 21661, 22858, 23832, 24693, 25393, 25928, 26340, 26658, 26903, 27060, 27161, 27209, 27228]

INFO: Total Population: 883305
INFO: R0: 2
INFO: Incubation Period: 5
INFO: Illness Period: 12
X:[0, 1, 2, 3, 4, 5, 6, 7, 8, 9, 10, 11, 12, 13, 14, 15, 16, 17, 18, 19, 20, 21, 22, 23, 24, 25, 26, 27, 28, 29, 30, 31, 32, 33, 34, 35, 36, 37, 38, 39, 40, 41, 42, 43, 44, 45, 46, 47, 48, 49, 50, 51, 52, 53, 54, 55, 56, 57, 58, 59, 60, 61, 62, 63, 64, 65, 66, 67, 68, 69, 70, 71, 72, 73, 74, 75, 76, 77, 78, 79, 80, 81, 82, 83, 84, 85, 86, 87, 88, 89, 90, 91, 92, 93, 94, 95, 96, 97, 98, 99, 100, 101, 102, 103, 104, 105, 106, 107, 108, 109, 110, 111, 112]
YNEW:[2, 2, 2, 2, 2, 2, 3, 2, 3, 2, 4, 5, 5, 6, 7, 7, 8, 12, 15, 14, 18, 26, 31, 33, 37, 41, 38, 31, 30, 31, 30, 33, 30, 36, 34, 32, 30, 23, 33, 25, 27, 43, 39, 38, 32, 39, 39, 46, 68, 51, 55, 59, 74, 91, 73, 90, 77, 85, 96, 108, 118, 137, 133, 129, 135, 152, 140, 188, 200, 200, 227, 221, 251, 264, 280, 296, 342, 341, 368, 375, 435, 497, 482, 472, 480, 594, 621, 671, 708, 737, 785, 816, 931, 980, 1034, 1068, 1150, 1238, 1318, 1409, 1217, 1013, 866, 692, 605, 462, 356, 262, 160, 102, 57, 19]
YTOT: [2, 4, 6, 8, 10, 12, 15, 17, 20, 22, 26, 31, 36, 42, 49, 56, 64, 76, 91, 105, 123, 149, 180, 213, 250, 291, 329, 360, 390, 421, 451, 484, 514, 550, 584, 616, 646, 669, 702, 727, 754, 797, 836, 874, 906, 945, 984, 1030, 1098, 1149, 1204, 1263, 1337, 1428, 1501, 1591, 1668, 1753, 1849, 1957, 2075, 2212, 2345, 2474, 2609, 2761, 2901, 3089, 3289, 3489, 3716, 3937, 4188, 4452, 4732, 5028, 5370, 5711, 6079, 6454, 6889, 7386, 7868, 8340, 8820, 9414, 10035, 10706, 11414, 12151, 12936, 13752, 14683, 15663, 16697, 17765, 18915, 20153, 21471, 22880, 24097, 25110, 25976, 26668, 27273, 27735, 28091, 28353, 28513, 28615, 28672, 28691]

INFO: Total Population: 883305
INFO: R0: 2
INFO: Incubation Period: 5
INFO: Illness Period: 12
X:[0, 1, 2, 3, 4, 5, 6, 7, 8, 9, 10, 11, 12, 13, 14, 15, 16, 17, 18, 19, 20, 21, 22, 23, 24, 25, 26, 27, 28, 29, 30, 31, 32, 33, 34, 35, 36, 37, 38, 39, 40, 41, 42, 43, 44, 45, 46, 47, 48, 49, 50, 51, 52, 53, 54, 55, 56, 57, 58, 59, 60, 61, 62, 63, 64, 65, 66, 67, 68, 69, 70, 71, 72, 73, 74, 75, 76, 77, 78, 79, 80, 81, 82, 83, 84, 85, 86, 87, 88, 89, 90, 91, 92, 93, 94, 95, 96, 97, 98, 99, 100, 101, 102, 103, 104, 105, 106, 107, 108, 109, 110, 111, 112]
YNEW:[2, 2, 2, 2, 2, 2, 3, 2, 3, 2, 4, 5, 5, 6, 7, 7, 8, 12, 15, 14, 18, 26, 31, 33, 37, 41, 38, 31, 30, 31, 30, 33, 30, 36, 34, 35, 22, 26, 23, 18, 20, 30, 45, 41, 33, 38, 34, 42, 45, 52, 46, 69, 48, 65, 73, 78, 89, 66, 95, 98, 108, 103, 118, 123, 145, 143, 145, 159, 193, 192, 172, 209, 243, 241, 263, 288, 277, 345, 337, 372, 370, 417, 442, 499, 469, 517, 562, 604, 657, 711, 744, 790, 795, 894, 946, 1042, 1053, 1128, 1277, 1311, 1150, 904, 756, 662, 548, 418, 312, 220, 160, 84, 46, 11]
YTOT: [2, 4, 6, 8, 10, 12, 15, 17, 20, 22, 26, 31, 36, 42, 49, 56, 64, 76, 91, 105, 123, 149, 180, 213, 250, 291, 329, 360, 390, 421, 451, 484, 514, 550, 584, 619, 641, 667, 690, 708, 728, 758, 803, 844, 877, 915, 949, 991, 1036, 1088, 1134, 1203, 1251, 1316, 1389, 1467, 1556, 1622, 1717, 1815, 1923, 2026, 2144, 2267, 2412, 2555, 2700, 2859, 3052, 3244, 3416, 3625, 3868, 4109, 4372, 4660, 4937, 5282, 5619, 5991, 6361, 6778, 7220, 7719, 8188, 8705, 9267, 9871, 10528, 11239, 11983, 12773, 13568, 14462, 15408, 16450, 17503, 18631, 19908, 21219, 22369, 23273, 24029, 24691, 25239, 25657, 25969, 26189, 26349, 26433, 26479, 26490]

INFO: Total Population: 883305
INFO: R0: 2
INFO: Incubation Period: 5
INFO: Illness Period: 12
X:[0, 1, 2, 3, 4, 5, 6, 7, 8, 9, 10, 11, 12, 13, 14, 15, 16, 17, 18, 19, 20, 21, 22, 23, 24, 25, 26, 27, 28, 29, 30, 31, 32, 33, 34, 35, 36, 37, 38, 39, 40, 41, 42, 43, 44, 45, 46, 47, 48, 49, 50, 51, 52, 53, 54, 55, 56, 57, 58, 59, 60, 61, 62, 63, 64, 65, 66, 67, 68, 69, 70, 71, 72, 73, 74, 75, 76, 77, 78, 79, 80, 81, 82, 83, 84, 85, 86, 87, 88, 89, 90, 91, 92, 93, 94, 95, 96, 97, 98, 99, 100, 101, 102, 103, 104, 105, 106, 107, 108, 109, 110, 111, 112]
YNEW:[2, 2, 2, 2, 2, 2, 3, 2, 3, 2, 4, 5, 5, 6, 7, 7, 8, 12, 15, 14, 18, 26, 31, 33, 37, 41, 38, 31, 30, 31, 30, 33, 30, 36, 34, 29, 25, 31, 21, 19, 29, 32, 31, 39, 42, 32, 41, 42, 55, 45, 55, 59, 65, 65, 73, 59, 83, 82, 102, 104, 106, 112, 122, 126, 123, 147, 148, 157, 174, 201, 191, 213, 232, 243, 236, 285, 305, 305, 348, 337, 399, 417, 470, 463, 505, 550, 540, 585, 602, 693, 742, 746, 858, 867, 936, 985, 1053, 1159, 1192, 1247, 1127, 933, 809, 642, 530, 430, 313, 214, 163, 88, 42, 13]
YTOT: [2, 4, 6, 8, 10, 12, 15, 17, 20, 22, 26, 31, 36, 42, 49, 56, 64, 76, 91, 105, 123, 149, 180, 213, 250, 291, 329, 360, 390, 421, 451, 484, 514, 550, 584, 613, 638, 669, 690, 709, 738, 770, 801, 840, 882, 914, 955, 997, 1052, 1097, 1152, 1211, 1276, 1341, 1414, 1473, 1556, 1638, 1740, 1844, 1950, 2062, 2184, 2310, 2433, 2580, 2728, 2885, 3059, 3260, 3451, 3664, 3896, 4139, 4375, 4660, 4965, 5270, 5618, 5955, 6354, 6771, 7241, 7704, 8209, 8759, 9299, 9884, 10486, 11179, 11921, 12667, 13525, 14392, 15328, 16313, 17366, 18525, 19717, 20964, 22091, 23024, 23833, 24475, 25005, 25435, 25748, 25962, 26125, 26213, 26255, 26268]

INFO: Total Population: 883305
INFO: R0: 2
INFO: Incubation Period: 5
INFO: Illness Period: 12
X:[0, 1, 2, 3, 4, 5, 6, 7, 8, 9, 10, 11, 12, 13, 14, 15, 16, 17, 18, 19, 20, 21, 22, 23, 24, 25, 26, 27, 28, 29, 30, 31, 32, 33, 34, 35, 36, 37, 38, 39, 40, 41, 42, 43, 44, 45, 46, 47, 48, 49, 50, 51, 52, 53, 54, 55, 56, 57, 58, 59, 60, 61, 62, 63, 64, 65, 66, 67, 68, 69, 70, 71, 72, 73, 74, 75, 76, 77, 78, 79, 80, 81, 82, 83, 84, 85, 86, 87, 88, 89, 90, 91, 92, 93, 94, 95, 96, 97, 98, 99, 100, 101, 102, 103, 104, 105, 106, 107, 108, 109, 110, 111, 112]
YNEW:[2, 2, 2, 2, 2, 2, 3, 2, 3, 2, 4, 5, 5, 6, 7, 7, 8, 12, 15, 14, 18, 26, 31, 33, 37, 41, 38, 31, 30, 31, 30, 33, 30, 36, 34, 32, 27, 24, 24, 21, 25, 35, 28, 33, 30, 40, 39, 41, 44, 49, 48, 56, 52, 52, 74, 69, 84, 81, 83, 90, 90, 107, 111, 109, 130, 136, 159, 160, 154, 194, 183, 216, 229, 204, 232, 255, 288, 303, 331, 322, 378, 406, 444, 407, 460, 480, 554, 600, 611, 604, 695, 755, 782, 898, 872, 953, 1024, 1092, 1186, 1212, 1054, 865, 741, 639, 485, 413, 281, 229, 156, 94, 43, 9]
YTOT: [2, 4, 6, 8, 10, 12, 15, 17, 20, 22, 26, 31, 36, 42, 49, 56, 64, 76, 91, 105, 123, 149, 180, 213, 250, 291, 329, 360, 390, 421, 451, 484, 514, 550, 584, 616, 643, 667, 691, 712, 737, 772, 800, 833, 863, 903, 942, 983, 1027, 1076, 1124, 1180, 1232, 1284, 1358, 1427, 1511, 1592, 1675, 1765, 1855, 1962, 2073, 2182, 2312, 2448, 2607, 2767, 2921, 3115, 3298, 3514, 3743, 3947, 4179, 4434, 4722, 5025, 5356, 5678, 6056, 6462, 6906, 7313, 7773, 8253, 8807, 9407, 10018, 10622, 11317, 12072, 12854, 13752, 14624, 15577, 16601, 17693, 18879, 20091, 21145, 22010, 22751, 23390, 23875, 24288, 24569, 24798, 24954, 25048, 25091, 25100]

END