

INFO: Total Population: 1922200
INFO: R0: 2
INFO: Incubation Period: 5
INFO: Illness Period: 7
X:[0, 1, 2, 3, 4, 5, 6, 7, 8, 9, 10, 11, 12, 13, 14, 15, 16, 17, 18, 19, 20, 21, 22, 23, 24, 25, 26, 27, 28, 29, 30, 31, 32, 33, 34, 35, 36, 37, 38, 39, 40, 41, 42, 43, 44, 45, 46, 47, 48, 49, 50, 51, 52, 53, 54, 55, 56, 57, 58, 59, 60, 61, 62, 63, 64, 65, 66, 67, 68, 69, 70, 71, 72, 73, 74, 75, 76, 77, 78, 79, 80, 81, 82, 83, 84, 85, 86, 87, 88, 89, 90, 91, 92, 93, 94, 95, 96, 97, 98, 99, 100, 101, 102, 103, 104, 105, 106, 107, 108, 109, 110, 111, 112, 113]
YNEW:[0, 0, 0, 0, 0, 0, 0, 1, 0, 0, 0, 0, 0, 0, 0, 0, 0, 0, 0, 0, 0, 0, 0, 0, 0, 0, 0, 0, 0, 0, 0, 0, 0, 0, 0, 1, 1, 1, 2, 2, 3, 3, 3, 4, 6, 7, 7, 10, 12, 17, 20, 30, 36, 36, 36, 40, 44, 48, 54, 50, 46, 54, 60, 67, 71, 70, 60, 46, 54, 54, 54, 57, 52, 43, 41, 45, 43, 54, 60, 68, 61, 49, 43, 40, 32, 28, 30, 23, 18, 15, 10, 9, 20, 19, 27, 21, 13, 4, 16, 23, 29, 28, 32, 32, 31, 21, 11, 18, 7, 8, 9, 5, 2]
YTOT: [0, 0, 0, 0, 0, 0, 0, 1, 1, 1, 1, 1, 1, 1, 1, 1, 1, 1, 1, 1, 1, 1, 1, 1, 1, 1, 1, 1, 1, 1, 1, 1, 1, 1, 1, 2, 3, 4, 6, 8, 11, 14, 17, 21, 27, 34, 41, 51, 63, 80, 100, 130, 166, 202, 238, 278, 322, 370, 424, 474, 520, 574, 634, 701, 772, 842, 902, 948, 1002, 1056, 1110, 1167, 1219, 1262, 1303, 1348, 1391, 1445, 1505, 1573, 1634, 1683, 1726, 1766, 1798, 1826, 1856, 1879, 1897, 1912, 1922, 1931, 1951, 1970, 1997, 2018, 2031, 2035, 2051, 2074, 2103, 2131, 2163, 2195, 2226, 2247, 2258, 2276, 2283, 2291, 2300, 2305, 2307]

INFO: Total Population: 1922200
INFO: R0: 2
INFO: Incubation Period: 5
INFO: Illness Period: 7
X:[0, 1, 2, 3, 4, 5, 6, 7, 8, 9, 10, 11, 12, 13, 14, 15, 16, 17, 18, 19, 20, 21, 22, 23, 24, 25, 26, 27, 28, 29, 30, 31, 32, 33, 34, 35, 36, 37, 38, 39, 40, 41, 42, 43, 44, 45, 46, 47, 48, 49, 50, 51, 52, 53, 54, 55, 56, 57, 58, 59, 60, 61, 62, 63, 64, 65, 66, 67, 68, 69, 70, 71, 72, 73, 74, 75, 76, 77, 78, 79, 80, 81, 82, 83, 84, 85, 86, 87, 88, 89, 90, 91, 92, 93, 94, 95, 96, 97, 98, 99, 100, 101, 102, 103, 104, 105, 106, 107, 108, 109, 110, 111, 112, 113, 114, 115]
YNEW:[0, 0, 0, 0, 0, 0, 0, 1, 0, 0, 0, 0, 0, 0, 0, 0, 0, 0, 0, 0, 0, 0, 0, 0, 0, 0, 0, 0, 0, 0, 0, 0, 0, 0, 0, 1, 1, 1, 2, 2, 3, 3, 3, 4, 6, 7, 7, 10, 12, 17, 20, 30, 36, 36, 36, 40, 44, 48, 54, 50, 46, 54, 60, 67, 71, 70, 60, 46, 54, 54, 54, 57, 52, 43, 41, 45, 43, 54, 60, 68, 61, 49, 43, 40, 32, 28, 30, 23, 18, 15, 10, 9, 20, 18, 26, 17, 17, 16, 19, 18, 22, 30, 34, 36, 33, 27, 18, 16, 12, 9, 13, 3, 3, 1, 3]
YTOT: [0, 0, 0, 0, 0, 0, 0, 1, 1, 1, 1, 1, 1, 1, 1, 1, 1, 1, 1, 1, 1, 1, 1, 1, 1, 1, 1, 1, 1, 1, 1, 1, 1, 1, 1, 2, 3, 4, 6, 8, 11, 14, 17, 21, 27, 34, 41, 51, 63, 80, 100, 130, 166, 202, 238, 278, 322, 370, 424, 474, 520, 574, 634, 701, 772, 842, 902, 948, 1002, 1056, 1110, 1167, 1219, 1262, 1303, 1348, 1391, 1445, 1505, 1573, 1634, 1683, 1726, 1766, 1798, 1826, 1856, 1879, 1897, 1912, 1922, 1931, 1951, 1969, 1995, 2012, 2029, 2045, 2064, 2082, 2104, 2134, 2168, 2204, 2237, 2264, 2282, 2298, 2310, 2319, 2332, 2335, 2338, 2339, 2342]

INFO: Total Population: 1922200
INFO: R0: 2
INFO: Incubation Period: 5
INFO: Illness Period: 7
X:[0, 1, 2, 3, 4, 5, 6, 7, 8, 9, 10, 11, 12, 13, 14, 15, 16, 17, 18, 19, 20, 21, 22, 23, 24, 25, 26, 27, 28, 29, 30, 31, 32, 33, 34, 35, 36, 37, 38, 39, 40, 41, 42, 43, 44, 45, 46, 47, 48, 49, 50, 51, 52, 53, 54, 55, 56, 57, 58, 59, 60, 61, 62, 63, 64, 65, 66, 67, 68, 69, 70, 71, 72, 73, 74, 75, 76, 77, 78, 79, 80, 81, 82, 83, 84, 85, 86, 87, 88, 89, 90, 91, 92, 93, 94, 95, 96, 97, 98, 99, 100, 101, 102, 103, 104, 105, 106, 107, 108, 109, 110, 111, 112, 113, 114]
YNEW:[0, 0, 0, 0, 0, 0, 0, 1, 0, 0, 0, 0, 0, 0, 0, 0, 0, 0, 0, 0, 0, 0, 0, 0, 0, 0, 0, 0, 0, 0, 0, 0, 0, 0, 0, 1, 1, 1, 2, 2, 3, 3, 3, 4, 6, 7, 7, 10, 12, 17, 20, 30, 36, 36, 36, 40, 44, 48, 54, 50, 46, 54, 60, 67, 71, 70, 60, 46, 54, 54, 54, 57, 52, 43, 41, 45, 43, 54, 60, 68, 61, 49, 43, 40, 32, 28, 30, 23, 18, 15, 10, 9, 20, 16, 23, 23, 16, 16, 17, 22, 26, 33, 30, 35, 29, 26, 19, 19, 14, 5, 5, 6, 4, 2]
YTOT: [0, 0, 0, 0, 0, 0, 0, 1, 1, 1, 1, 1, 1, 1, 1, 1, 1, 1, 1, 1, 1, 1, 1, 1, 1, 1, 1, 1, 1, 1, 1, 1, 1, 1, 1, 2, 3, 4, 6, 8, 11, 14, 17, 21, 27, 34, 41, 51, 63, 80, 100, 130, 166, 202, 238, 278, 322, 370, 424, 474, 520, 574, 634, 701, 772, 842, 902, 948, 1002, 1056, 1110, 1167, 1219, 1262, 1303, 1348, 1391, 1445, 1505, 1573, 1634, 1683, 1726, 1766, 1798, 1826, 1856, 1879, 1897, 1912, 1922, 1931, 1951, 1967, 1990, 2013, 2029, 2045, 2062, 2084, 2110, 2143, 2173, 2208, 2237, 2263, 2282, 2301, 2315, 2320, 2325, 2331, 2335, 2337]

INFO: Total Population: 1922200
INFO: R0: 2
INFO: Incubation Period: 5
INFO: Illness Period: 7
X:[0, 1, 2, 3, 4, 5, 6, 7, 8, 9, 10, 11, 12, 13, 14, 15, 16, 17, 18, 19, 20, 21, 22, 23, 24, 25, 26, 27, 28, 29, 30, 31, 32, 33, 34, 35, 36, 37, 38, 39, 40, 41, 42, 43, 44, 45, 46, 47, 48, 49, 50, 51, 52, 53, 54, 55, 56, 57, 58, 59, 60, 61, 62, 63, 64, 65, 66, 67, 68, 69, 70, 71, 72, 73, 74, 75, 76, 77, 78, 79, 80, 81, 82, 83, 84, 85, 86, 87, 88, 89, 90, 91, 92, 93, 94, 95, 96, 97, 98, 99, 100, 101, 102, 103, 104, 105, 106, 107, 108, 109, 110, 111, 112, 113, 114, 115]
YNEW:[0, 0, 0, 0, 0, 0, 0, 1, 0, 0, 0, 0, 0, 0, 0, 0, 0, 0, 0, 0, 0, 0, 0, 0, 0, 0, 0, 0, 0, 0, 0, 0, 0, 0, 0, 1, 1, 1, 2, 2, 3, 3, 3, 4, 6, 7, 7, 10, 12, 17, 20, 30, 36, 36, 36, 40, 44, 48, 54, 50, 46, 54, 60, 67, 71, 70, 60, 46, 54, 54, 54, 57, 52, 43, 41, 45, 43, 54, 60, 68, 61, 49, 43, 40, 32, 28, 30, 23, 18, 15, 10, 9, 20, 21, 21, 20, 15, 18, 21, 13, 27, 31, 28, 33, 26, 22, 30, 18, 14, 11, 7, 4, 4, 2, 2]
YTOT: [0, 0, 0, 0, 0, 0, 0, 1, 1, 1, 1, 1, 1, 1, 1, 1, 1, 1, 1, 1, 1, 1, 1, 1, 1, 1, 1, 1, 1, 1, 1, 1, 1, 1, 1, 2, 3, 4, 6, 8, 11, 14, 17, 21, 27, 34, 41, 51, 63, 80, 100, 130, 166, 202, 238, 278, 322, 370, 424, 474, 520, 574, 634, 701, 772, 842, 902, 948, 1002, 1056, 1110, 1167, 1219, 1262, 1303, 1348, 1391, 1445, 1505, 1573, 1634, 1683, 1726, 1766, 1798, 1826, 1856, 1879, 1897, 1912, 1922, 1931, 1951, 1972, 1993, 2013, 2028, 2046, 2067, 2080, 2107, 2138, 2166, 2199, 2225, 2247, 2277, 2295, 2309, 2320, 2327, 2331, 2335, 2337, 2339]

INFO: Total Population: 1922200
INFO: R0: 2
INFO: Incubation Period: 5
INFO: Illness Period: 7
X:[0, 1, 2, 3, 4, 5, 6, 7, 8, 9, 10, 11, 12, 13, 14, 15, 16, 17, 18, 19, 20, 21, 22, 23, 24, 25, 26, 27, 28, 29, 30, 31, 32, 33, 34, 35, 36, 37, 38, 39, 40, 41, 42, 43, 44, 45, 46, 47, 48, 49, 50, 51, 52, 53, 54, 55, 56, 57, 58, 59, 60, 61, 62, 63, 64, 65, 66, 67, 68, 69, 70, 71, 72, 73, 74, 75, 76, 77, 78, 79, 80, 81, 82, 83, 84, 85, 86, 87, 88, 89, 90, 91, 92, 93, 94, 95, 96, 97, 98, 99, 100, 101, 102, 103, 104, 105, 106, 107, 108, 109, 110, 111, 112, 113, 114, 115]
YNEW:[0, 0, 0, 0, 0, 0, 0, 1, 0, 0, 0, 0, 0, 0, 0, 0, 0, 0, 0, 0, 0, 0, 0, 0, 0, 0, 0, 0, 0, 0, 0, 0, 0, 0, 0, 1, 1, 1, 2, 2, 3, 3, 3, 4, 6, 7, 7, 10, 12, 17, 20, 30, 36, 36, 36, 40, 44, 48, 54, 50, 46, 54, 60, 67, 71, 70, 60, 46, 54, 54, 54, 57, 52, 43, 41, 45, 43, 54, 60, 68, 61, 49, 43, 40, 32, 28, 30, 23, 18, 15, 10, 9, 20, 29, 22, 18, 18, 13, 21, 20, 22, 31, 32, 32, 32, 26, 17, 21, 16, 14, 4, 9, 3, 2, 2]
YTOT: [0, 0, 0, 0, 0, 0, 0, 1, 1, 1, 1, 1, 1, 1, 1, 1, 1, 1, 1, 1, 1, 1, 1, 1, 1, 1, 1, 1, 1, 1, 1, 1, 1, 1, 1, 2, 3, 4, 6, 8, 11, 14, 17, 21, 27, 34, 41, 51, 63, 80, 100, 130, 166, 202, 238, 278, 322, 370, 424, 474, 520, 574, 634, 701, 772, 842, 902, 948, 1002, 1056, 1110, 1167, 1219, 1262, 1303, 1348, 1391, 1445, 1505, 1573, 1634, 1683, 1726, 1766, 1798, 1826, 1856, 1879, 1897, 1912, 1922, 1931, 1951, 1980, 2002, 2020, 2038, 2051, 2072, 2092, 2114, 2145, 2177, 2209, 2241, 2267, 2284, 2305, 2321, 2335, 2339, 2348, 2351, 2353, 2355]

INFO: Total Population: 1922200
INFO: R0: 2
INFO: Incubation Period: 5
INFO: Illness Period: 7
X:[0, 1, 2, 3, 4, 5, 6, 7, 8, 9, 10, 11, 12, 13, 14, 15, 16, 17, 18, 19, 20, 21, 22, 23, 24, 25, 26, 27, 28, 29, 30, 31, 32, 33, 34, 35, 36, 37, 38, 39, 40, 41, 42, 43, 44, 45, 46, 47, 48, 49, 50, 51, 52, 53, 54, 55, 56, 57, 58, 59, 60, 61, 62, 63, 64, 65, 66, 67, 68, 69, 70, 71, 72, 73, 74, 75, 76, 77, 78, 79, 80, 81, 82, 83, 84, 85, 86, 87, 88, 89, 90, 91, 92, 93, 94, 95, 96, 97, 98, 99, 100, 101, 102, 103, 104, 105, 106, 107, 108, 109, 110, 111, 112, 113, 114, 115]
YNEW:[0, 0, 0, 0, 0, 0, 0, 1, 0, 0, 0, 0, 0, 0, 0, 0, 0, 0, 0, 0, 0, 0, 0, 0, 0, 0, 0, 0, 0, 0, 0, 0, 0, 0, 0, 1, 1, 1, 2, 2, 3, 3, 3, 4, 6, 7, 7, 10, 12, 17, 20, 30, 36, 36, 36, 40, 44, 48, 54, 50, 46, 54, 60, 67, 71, 70, 60, 46, 54, 54, 54, 57, 52, 43, 41, 45, 43, 54, 60, 68, 61, 49, 43, 40, 32, 28, 30, 23, 18, 15, 10, 9, 20, 17, 23, 20, 18, 11, 17, 29, 28, 29, 21, 39, 24, 26, 16, 19, 16, 11, 6, 3, 1, 1, 1]
YTOT: [0, 0, 0, 0, 0, 0, 0, 1, 1, 1, 1, 1, 1, 1, 1, 1, 1, 1, 1, 1, 1, 1, 1, 1, 1, 1, 1, 1, 1, 1, 1, 1, 1, 1, 1, 2, 3, 4, 6, 8, 11, 14, 17, 21, 27, 34, 41, 51, 63, 80, 100, 130, 166, 202, 238, 278, 322, 370, 424, 474, 520, 574, 634, 701, 772, 842, 902, 948, 1002, 1056, 1110, 1167, 1219, 1262, 1303, 1348, 1391, 1445, 1505, 1573, 1634, 1683, 1726, 1766, 1798, 1826, 1856, 1879, 1897, 1912, 1922, 1931, 1951, 1968, 1991, 2011, 2029, 2040, 2057, 2086, 2114, 2143, 2164, 2203, 2227, 2253, 2269, 2288, 2304, 2315, 2321, 2324, 2325, 2326, 2327]

INFO: Total Population: 1922200
INFO: R0: 2
INFO: Incubation Period: 5
INFO: Illness Period: 7
X:[0, 1, 2, 3, 4, 5, 6, 7, 8, 9, 10, 11, 12, 13, 14, 15, 16, 17, 18, 19, 20, 21, 22, 23, 24, 25, 26, 27, 28, 29, 30, 31, 32, 33, 34, 35, 36, 37, 38, 39, 40, 41, 42, 43, 44, 45, 46, 47, 48, 49, 50, 51, 52, 53, 54, 55, 56, 57, 58, 59, 60, 61, 62, 63, 64, 65, 66, 67, 68, 69, 70, 71, 72, 73, 74, 75, 76, 77, 78, 79, 80, 81, 82, 83, 84, 85, 86, 87, 88, 89, 90, 91, 92, 93, 94, 95, 96, 97, 98, 99, 100, 101, 102, 103, 104, 105, 106, 107, 108, 109, 110, 111, 112, 113, 114]
YNEW:[0, 0, 0, 0, 0, 0, 0, 1, 0, 0, 0, 0, 0, 0, 0, 0, 0, 0, 0, 0, 0, 0, 0, 0, 0, 0, 0, 0, 0, 0, 0, 0, 0, 0, 0, 1, 1, 1, 2, 2, 3, 3, 3, 4, 6, 7, 7, 10, 12, 17, 20, 30, 36, 36, 36, 40, 44, 48, 54, 50, 46, 54, 60, 67, 71, 70, 60, 46, 54, 54, 54, 57, 52, 43, 41, 45, 43, 54, 60, 68, 61, 49, 43, 40, 32, 28, 30, 23, 18, 15, 10, 9, 20, 22, 14, 17, 17, 15, 11, 21, 29, 34, 30, 29, 17, 18, 17, 22, 9, 6, 8, 5, 3, 1]
YTOT: [0, 0, 0, 0, 0, 0, 0, 1, 1, 1, 1, 1, 1, 1, 1, 1, 1, 1, 1, 1, 1, 1, 1, 1, 1, 1, 1, 1, 1, 1, 1, 1, 1, 1, 1, 2, 3, 4, 6, 8, 11, 14, 17, 21, 27, 34, 41, 51, 63, 80, 100, 130, 166, 202, 238, 278, 322, 370, 424, 474, 520, 574, 634, 701, 772, 842, 902, 948, 1002, 1056, 1110, 1167, 1219, 1262, 1303, 1348, 1391, 1445, 1505, 1573, 1634, 1683, 1726, 1766, 1798, 1826, 1856, 1879, 1897, 1912, 1922, 1931, 1951, 1973, 1987, 2004, 2021, 2036, 2047, 2068, 2097, 2131, 2161, 2190, 2207, 2225, 2242, 2264, 2273, 2279, 2287, 2292, 2295, 2296]

INFO: Total Population: 1922200
INFO: R0: 2
INFO: Incubation Period: 5
INFO: Illness Period: 7
X:[0, 1, 2, 3, 4, 5, 6, 7, 8, 9, 10, 11, 12, 13, 14, 15, 16, 17, 18, 19, 20, 21, 22, 23, 24, 25, 26, 27, 28, 29, 30, 31, 32, 33, 34, 35, 36, 37, 38, 39, 40, 41, 42, 43, 44, 45, 46, 47, 48, 49, 50, 51, 52, 53, 54, 55, 56, 57, 58, 59, 60, 61, 62, 63, 64, 65, 66, 67, 68, 69, 70, 71, 72, 73, 74, 75, 76, 77, 78, 79, 80, 81, 82, 83, 84, 85, 86, 87, 88, 89, 90, 91, 92, 93, 94, 95, 96, 97, 98, 99, 100, 101, 102, 103, 104, 105, 106, 107, 108, 109, 110, 111, 112, 113]
YNEW:[0, 0, 0, 0, 0, 0, 0, 1, 0, 0, 0, 0, 0, 0, 0, 0, 0, 0, 0, 0, 0, 0, 0, 0, 0, 0, 0, 0, 0, 0, 0, 0, 0, 0, 0, 1, 1, 1, 2, 2, 3, 3, 3, 4, 6, 7, 7, 10, 12, 17, 20, 30, 36, 36, 36, 40, 44, 48, 54, 50, 46, 54, 60, 67, 71, 70, 60, 46, 54, 54, 54, 57, 52, 43, 41, 45, 43, 54, 60, 68, 61, 49, 43, 40, 32, 28, 30, 23, 18, 15, 10, 9, 20, 20, 23, 10, 16, 11, 11, 23, 23, 25, 30, 26, 23, 30, 11, 16, 12, 13, 6, 7, 2]
YTOT: [0, 0, 0, 0, 0, 0, 0, 1, 1, 1, 1, 1, 1, 1, 1, 1, 1, 1, 1, 1, 1, 1, 1, 1, 1, 1, 1, 1, 1, 1, 1, 1, 1, 1, 1, 2, 3, 4, 6, 8, 11, 14, 17, 21, 27, 34, 41, 51, 63, 80, 100, 130, 166, 202, 238, 278, 322, 370, 424, 474, 520, 574, 634, 701, 772, 842, 902, 948, 1002, 1056, 1110, 1167, 1219, 1262, 1303, 1348, 1391, 1445, 1505, 1573, 1634, 1683, 1726, 1766, 1798, 1826, 1856, 1879, 1897, 1912, 1922, 1931, 1951, 1971, 1994, 2004, 2020, 2031, 2042, 2065, 2088, 2113, 2143, 2169, 2192, 2222, 2233, 2249, 2261, 2274, 2280, 2287, 2289]

INFO: Total Population: 1922200
INFO: R0: 2
INFO: Incubation Period: 5
INFO: Illness Period: 7
X:[0, 1, 2, 3, 4, 5, 6, 7, 8, 9, 10, 11, 12, 13, 14, 15, 16, 17, 18, 19, 20, 21, 22, 23, 24, 25, 26, 27, 28, 29, 30, 31, 32, 33, 34, 35, 36, 37, 38, 39, 40, 41, 42, 43, 44, 45, 46, 47, 48, 49, 50, 51, 52, 53, 54, 55, 56, 57, 58, 59, 60, 61, 62, 63, 64, 65, 66, 67, 68, 69, 70, 71, 72, 73, 74, 75, 76, 77, 78, 79, 80, 81, 82, 83, 84, 85, 86, 87, 88, 89, 90, 91, 92, 93, 94, 95, 96, 97, 98, 99, 100, 101, 102, 103, 104, 105, 106, 107, 108, 109, 110, 111, 112, 113]
YNEW:[0, 0, 0, 0, 0, 0, 0, 1, 0, 0, 0, 0, 0, 0, 0, 0, 0, 0, 0, 0, 0, 0, 0, 0, 0, 0, 0, 0, 0, 0, 0, 0, 0, 0, 0, 1, 1, 1, 2, 2, 3, 3, 3, 4, 6, 7, 7, 10, 12, 17, 20, 30, 36, 36, 36, 40, 44, 48, 54, 50, 46, 54, 60, 67, 71, 70, 60, 46, 54, 54, 54, 57, 52, 43, 41, 45, 43, 54, 60, 68, 61, 49, 43, 40, 32, 28, 30, 23, 18, 15, 10, 9, 20, 30, 29, 16, 12, 11, 19, 23, 21, 31, 29, 36, 29, 24, 19, 21, 19, 11, 5, 5, 3]
YTOT: [0, 0, 0, 0, 0, 0, 0, 1, 1, 1, 1, 1, 1, 1, 1, 1, 1, 1, 1, 1, 1, 1, 1, 1, 1, 1, 1, 1, 1, 1, 1, 1, 1, 1, 1, 2, 3, 4, 6, 8, 11, 14, 17, 21, 27, 34, 41, 51, 63, 80, 100, 130, 166, 202, 238, 278, 322, 370, 424, 474, 520, 574, 634, 701, 772, 842, 902, 948, 1002, 1056, 1110, 1167, 1219, 1262, 1303, 1348, 1391, 1445, 1505, 1573, 1634, 1683, 1726, 1766, 1798, 1826, 1856, 1879, 1897, 1912, 1922, 1931, 1951, 1981, 2010, 2026, 2038, 2049, 2068, 2091, 2112, 2143, 2172, 2208, 2237, 2261, 2280, 2301, 2320, 2331, 2336, 2341, 2344]

INFO: Total Population: 1922200
INFO: R0: 2
INFO: Incubation Period: 5
INFO: Illness Period: 7
X:[0, 1, 2, 3, 4, 5, 6, 7, 8, 9, 10, 11, 12, 13, 14, 15, 16, 17, 18, 19, 20, 21, 22, 23, 24, 25, 26, 27, 28, 29, 30, 31, 32, 33, 34, 35, 36, 37, 38, 39, 40, 41, 42, 43, 44, 45, 46, 47, 48, 49, 50, 51, 52, 53, 54, 55, 56, 57, 58, 59, 60, 61, 62, 63, 64, 65, 66, 67, 68, 69, 70, 71, 72, 73, 74, 75, 76, 77, 78, 79, 80, 81, 82, 83, 84, 85, 86, 87, 88, 89, 90, 91, 92, 93, 94, 95, 96, 97, 98, 99, 100, 101, 102, 103, 104, 105, 106, 107, 108, 109, 110, 111, 112, 113, 114, 115]
YNEW:[0, 0, 0, 0, 0, 0, 0, 1, 0, 0, 0, 0, 0, 0, 0, 0, 0, 0, 0, 0, 0, 0, 0, 0, 0, 0, 0, 0, 0, 0, 0, 0, 0, 0, 0, 1, 1, 1, 2, 2, 3, 3, 3, 4, 6, 7, 7, 10, 12, 17, 20, 30, 36, 36, 36, 40, 44, 48, 54, 50, 46, 54, 60, 67, 71, 70, 60, 46, 54, 54, 54, 57, 52, 43, 41, 45, 43, 54, 60, 68, 61, 49, 43, 40, 32, 28, 30, 23, 18, 15, 10, 9, 20, 25, 21, 17, 16, 10, 7, 20, 30, 28, 23, 28, 30, 20, 18, 11, 8, 7, 6, 1, 2, 3, 2]
YTOT: [0, 0, 0, 0, 0, 0, 0, 1, 1, 1, 1, 1, 1, 1, 1, 1, 1, 1, 1, 1, 1, 1, 1, 1, 1, 1, 1, 1, 1, 1, 1, 1, 1, 1, 1, 2, 3, 4, 6, 8, 11, 14, 17, 21, 27, 34, 41, 51, 63, 80, 100, 130, 166, 202, 238, 278, 322, 370, 424, 474, 520, 574, 634, 701, 772, 842, 902, 948, 1002, 1056, 1110, 1167, 1219, 1262, 1303, 1348, 1391, 1445, 1505, 1573, 1634, 1683, 1726, 1766, 1798, 1826, 1856, 1879, 1897, 1912, 1922, 1931, 1951, 1976, 1997, 2014, 2030, 2040, 2047, 2067, 2097, 2125, 2148, 2176, 2206, 2226, 2244, 2255, 2263, 2270, 2276, 2277, 2279, 2282, 2284]

INFO: Total Population: 1922200
INFO: R0: 2
INFO: Incubation Period: 5
INFO: Illness Period: 7
X:[0, 1, 2, 3, 4, 5, 6, 7, 8, 9, 10, 11, 12, 13, 14, 15, 16, 17, 18, 19, 20, 21, 22, 23, 24, 25, 26, 27, 28, 29, 30, 31, 32, 33, 34, 35, 36, 37, 38, 39, 40, 41, 42, 43, 44, 45, 46, 47, 48, 49, 50, 51, 52, 53, 54, 55, 56, 57, 58, 59, 60, 61, 62, 63, 64, 65, 66, 67, 68, 69, 70, 71, 72, 73, 74, 75, 76, 77, 78, 79, 80, 81, 82, 83, 84, 85, 86, 87, 88, 89, 90, 91, 92, 93, 94, 95, 96, 97, 98, 99, 100, 101, 102, 103, 104, 105, 106, 107, 108, 109, 110, 111, 112, 113, 114, 115]
YNEW:[0, 0, 0, 0, 0, 0, 0, 1, 0, 0, 0, 0, 0, 0, 0, 0, 0, 0, 0, 0, 0, 0, 0, 0, 0, 0, 0, 0, 0, 0, 0, 0, 0, 0, 0, 1, 1, 1, 2, 2, 3, 3, 3, 4, 6, 7, 7, 10, 12, 17, 20, 30, 36, 36, 36, 40, 44, 48, 54, 50, 46, 54, 60, 67, 71, 70, 60, 46, 54, 54, 54, 57, 52, 43, 41, 45, 43, 54, 60, 68, 61, 49, 43, 40, 32, 28, 30, 23, 18, 15, 10, 9, 20, 24, 20, 29, 13, 18, 19, 21, 26, 31, 31, 32, 30, 30, 26, 17, 17, 10, 9, 9, 1, 1, 1]
YTOT: [0, 0, 0, 0, 0, 0, 0, 1, 1, 1, 1, 1, 1, 1, 1, 1, 1, 1, 1, 1, 1, 1, 1, 1, 1, 1, 1, 1, 1, 1, 1, 1, 1, 1, 1, 2, 3, 4, 6, 8, 11, 14, 17, 21, 27, 34, 41, 51, 63, 80, 100, 130, 166, 202, 238, 278, 322, 370, 424, 474, 520, 574, 634, 701, 772, 842, 902, 948, 1002, 1056, 1110, 1167, 1219, 1262, 1303, 1348, 1391, 1445, 1505, 1573, 1634, 1683, 1726, 1766, 1798, 1826, 1856, 1879, 1897, 1912, 1922, 1931, 1951, 1975, 1995, 2024, 2037, 2055, 2074, 2095, 2121, 2152, 2183, 2215, 2245, 2275, 2301, 2318, 2335, 2345, 2354, 2363, 2364, 2365, 2366]

INFO: Total Population: 1922200
INFO: R0: 2
INFO: Incubation Period: 5
INFO: Illness Period: 7
X:[0, 1, 2, 3, 4, 5, 6, 7, 8, 9, 10, 11, 12, 13, 14, 15, 16, 17, 18, 19, 20, 21, 22, 23, 24, 25, 26, 27, 28, 29, 30, 31, 32, 33, 34, 35, 36, 37, 38, 39, 40, 41, 42, 43, 44, 45, 46, 47, 48, 49, 50, 51, 52, 53, 54, 55, 56, 57, 58, 59, 60, 61, 62, 63, 64, 65, 66, 67, 68, 69, 70, 71, 72, 73, 74, 75, 76, 77, 78, 79, 80, 81, 82, 83, 84, 85, 86, 87, 88, 89, 90, 91, 92, 93, 94, 95, 96, 97, 98, 99, 100, 101, 102, 103, 104, 105, 106, 107, 108, 109, 110, 111, 112, 113, 114]
YNEW:[0, 0, 0, 0, 0, 0, 0, 1, 0, 0, 0, 0, 0, 0, 0, 0, 0, 0, 0, 0, 0, 0, 0, 0, 0, 0, 0, 0, 0, 0, 0, 0, 0, 0, 0, 1, 1, 1, 2, 2, 3, 3, 3, 4, 6, 7, 7, 10, 12, 17, 20, 30, 36, 36, 36, 40, 44, 48, 54, 50, 46, 54, 60, 67, 71, 70, 60, 46, 54, 54, 54, 57, 52, 43, 41, 45, 43, 54, 60, 68, 61, 49, 43, 40, 32, 28, 30, 23, 18, 15, 10, 9, 20, 17, 31, 18, 16, 14, 10, 32, 28, 25, 28, 24, 31, 24, 15, 11, 15, 20, 5, 10, 2, 1]
YTOT: [0, 0, 0, 0, 0, 0, 0, 1, 1, 1, 1, 1, 1, 1, 1, 1, 1, 1, 1, 1, 1, 1, 1, 1, 1, 1, 1, 1, 1, 1, 1, 1, 1, 1, 1, 2, 3, 4, 6, 8, 11, 14, 17, 21, 27, 34, 41, 51, 63, 80, 100, 130, 166, 202, 238, 278, 322, 370, 424, 474, 520, 574, 634, 701, 772, 842, 902, 948, 1002, 1056, 1110, 1167, 1219, 1262, 1303, 1348, 1391, 1445, 1505, 1573, 1634, 1683, 1726, 1766, 1798, 1826, 1856, 1879, 1897, 1912, 1922, 1931, 1951, 1968, 1999, 2017, 2033, 2047, 2057, 2089, 2117, 2142, 2170, 2194, 2225, 2249, 2264, 2275, 2290, 2310, 2315, 2325, 2327, 2328]

INFO: Total Population: 1922200
INFO: R0: 2
INFO: Incubation Period: 5
INFO: Illness Period: 7
X:[0, 1, 2, 3, 4, 5, 6, 7, 8, 9, 10, 11, 12, 13, 14, 15, 16, 17, 18, 19, 20, 21, 22, 23, 24, 25, 26, 27, 28, 29, 30, 31, 32, 33, 34, 35, 36, 37, 38, 39, 40, 41, 42, 43, 44, 45, 46, 47, 48, 49, 50, 51, 52, 53, 54, 55, 56, 57, 58, 59, 60, 61, 62, 63, 64, 65, 66, 67, 68, 69, 70, 71, 72, 73, 74, 75, 76, 77, 78, 79, 80, 81, 82, 83, 84, 85, 86, 87, 88, 89, 90, 91, 92, 93, 94, 95, 96, 97, 98, 99, 100, 101, 102, 103, 104, 105, 106, 107, 108, 109, 110, 111, 112, 113, 114, 115]
YNEW:[0, 0, 0, 0, 0, 0, 0, 1, 0, 0, 0, 0, 0, 0, 0, 0, 0, 0, 0, 0, 0, 0, 0, 0, 0, 0, 0, 0, 0, 0, 0, 0, 0, 0, 0, 1, 1, 1, 2, 2, 3, 3, 3, 4, 6, 7, 7, 10, 12, 17, 20, 30, 36, 36, 36, 40, 44, 48, 54, 50, 46, 54, 60, 67, 71, 70, 60, 46, 54, 54, 54, 57, 52, 43, 41, 45, 43, 54, 60, 68, 61, 49, 43, 40, 32, 28, 30, 23, 18, 15, 10, 9, 20, 27, 24, 20, 19, 10, 10, 18, 28, 32, 30, 38, 25, 29, 24, 12, 10, 7, 7, 4, 1, 2, 1]
YTOT: [0, 0, 0, 0, 0, 0, 0, 1, 1, 1, 1, 1, 1, 1, 1, 1, 1, 1, 1, 1, 1, 1, 1, 1, 1, 1, 1, 1, 1, 1, 1, 1, 1, 1, 1, 2, 3, 4, 6, 8, 11, 14, 17, 21, 27, 34, 41, 51, 63, 80, 100, 130, 166, 202, 238, 278, 322, 370, 424, 474, 520, 574, 634, 701, 772, 842, 902, 948, 1002, 1056, 1110, 1167, 1219, 1262, 1303, 1348, 1391, 1445, 1505, 1573, 1634, 1683, 1726, 1766, 1798, 1826, 1856, 1879, 1897, 1912, 1922, 1931, 1951, 1978, 2002, 2022, 2041, 2051, 2061, 2079, 2107, 2139, 2169, 2207, 2232, 2261, 2285, 2297, 2307, 2314, 2321, 2325, 2326, 2328, 2329]

INFO: Total Population: 1922200
INFO: R0: 2
INFO: Incubation Period: 5
INFO: Illness Period: 7
X:[0, 1, 2, 3, 4, 5, 6, 7, 8, 9, 10, 11, 12, 13, 14, 15, 16, 17, 18, 19, 20, 21, 22, 23, 24, 25, 26, 27, 28, 29, 30, 31, 32, 33, 34, 35, 36, 37, 38, 39, 40, 41, 42, 43, 44, 45, 46, 47, 48, 49, 50, 51, 52, 53, 54, 55, 56, 57, 58, 59, 60, 61, 62, 63, 64, 65, 66, 67, 68, 69, 70, 71, 72, 73, 74, 75, 76, 77, 78, 79, 80, 81, 82, 83, 84, 85, 86, 87, 88, 89, 90, 91, 92, 93, 94, 95, 96, 97, 98, 99, 100, 101, 102, 103, 104, 105, 106, 107, 108, 109, 110, 111, 112, 113, 114]
YNEW:[0, 0, 0, 0, 0, 0, 0, 1, 0, 0, 0, 0, 0, 0, 0, 0, 0, 0, 0, 0, 0, 0, 0, 0, 0, 0, 0, 0, 0, 0, 0, 0, 0, 0, 0, 1, 1, 1, 2, 2, 3, 3, 3, 4, 6, 7, 7, 10, 12, 17, 20, 30, 36, 36, 36, 40, 44, 48, 54, 50, 46, 54, 60, 67, 71, 70, 60, 46, 54, 54, 54, 57, 52, 43, 41, 45, 43, 54, 60, 68, 61, 49, 43, 40, 32, 28, 30, 23, 18, 15, 10, 9, 20, 23, 20, 23, 11, 14, 24, 16, 24, 31, 28, 45, 28, 17, 19, 15, 14, 8, 15, 7, 6, 1]
YTOT: [0, 0, 0, 0, 0, 0, 0, 1, 1, 1, 1, 1, 1, 1, 1, 1, 1, 1, 1, 1, 1, 1, 1, 1, 1, 1, 1, 1, 1, 1, 1, 1, 1, 1, 1, 2, 3, 4, 6, 8, 11, 14, 17, 21, 27, 34, 41, 51, 63, 80, 100, 130, 166, 202, 238, 278, 322, 370, 424, 474, 520, 574, 634, 701, 772, 842, 902, 948, 1002, 1056, 1110, 1167, 1219, 1262, 1303, 1348, 1391, 1445, 1505, 1573, 1634, 1683, 1726, 1766, 1798, 1826, 1856, 1879, 1897, 1912, 1922, 1931, 1951, 1974, 1994, 2017, 2028, 2042, 2066, 2082, 2106, 2137, 2165, 2210, 2238, 2255, 2274, 2289, 2303, 2311, 2326, 2333, 2339, 2340]

INFO: Total Population: 1922200
INFO: R0: 2
INFO: Incubation Period: 5
INFO: Illness Period: 7
X:[0, 1, 2, 3, 4, 5, 6, 7, 8, 9, 10, 11, 12, 13, 14, 15, 16, 17, 18, 19, 20, 21, 22, 23, 24, 25, 26, 27, 28, 29, 30, 31, 32, 33, 34, 35, 36, 37, 38, 39, 40, 41, 42, 43, 44, 45, 46, 47, 48, 49, 50, 51, 52, 53, 54, 55, 56, 57, 58, 59, 60, 61, 62, 63, 64, 65, 66, 67, 68, 69, 70, 71, 72, 73, 74, 75, 76, 77, 78, 79, 80, 81, 82, 83, 84, 85, 86, 87, 88, 89, 90, 91, 92, 93, 94, 95, 96, 97, 98, 99, 100, 101, 102, 103, 104, 105, 106, 107, 108, 109, 110, 111, 112, 113, 114]
YNEW:[0, 0, 0, 0, 0, 0, 0, 1, 0, 0, 0, 0, 0, 0, 0, 0, 0, 0, 0, 0, 0, 0, 0, 0, 0, 0, 0, 0, 0, 0, 0, 0, 0, 0, 0, 1, 1, 1, 2, 2, 3, 3, 3, 4, 6, 7, 7, 10, 12, 17, 20, 30, 36, 36, 36, 40, 44, 48, 54, 50, 46, 54, 60, 67, 71, 70, 60, 46, 54, 54, 54, 57, 52, 43, 41, 45, 43, 54, 60, 68, 61, 49, 43, 40, 32, 28, 30, 23, 18, 15, 10, 9, 20, 20, 24, 20, 21, 9, 17, 27, 26, 28, 30, 30, 29, 25, 19, 22, 11, 11, 8, 10, 3, 1]
YTOT: [0, 0, 0, 0, 0, 0, 0, 1, 1, 1, 1, 1, 1, 1, 1, 1, 1, 1, 1, 1, 1, 1, 1, 1, 1, 1, 1, 1, 1, 1, 1, 1, 1, 1, 1, 2, 3, 4, 6, 8, 11, 14, 17, 21, 27, 34, 41, 51, 63, 80, 100, 130, 166, 202, 238, 278, 322, 370, 424, 474, 520, 574, 634, 701, 772, 842, 902, 948, 1002, 1056, 1110, 1167, 1219, 1262, 1303, 1348, 1391, 1445, 1505, 1573, 1634, 1683, 1726, 1766, 1798, 1826, 1856, 1879, 1897, 1912, 1922, 1931, 1951, 1971, 1995, 2015, 2036, 2045, 2062, 2089, 2115, 2143, 2173, 2203, 2232, 2257, 2276, 2298, 2309, 2320, 2328, 2338, 2341, 2342]

INFO: Total Population: 1922200
INFO: R0: 2
INFO: Incubation Period: 5
INFO: Illness Period: 7
X:[0, 1, 2, 3, 4, 5, 6, 7, 8, 9, 10, 11, 12, 13, 14, 15, 16, 17, 18, 19, 20, 21, 22, 23, 24, 25, 26, 27, 28, 29, 30, 31, 32, 33, 34, 35, 36, 37, 38, 39, 40, 41, 42, 43, 44, 45, 46, 47, 48, 49, 50, 51, 52, 53, 54, 55, 56, 57, 58, 59, 60, 61, 62, 63, 64, 65, 66, 67, 68, 69, 70, 71, 72, 73, 74, 75, 76, 77, 78, 79, 80, 81, 82, 83, 84, 85, 86, 87, 88, 89, 90, 91, 92, 93, 94, 95, 96, 97, 98, 99, 100, 101, 102, 103, 104, 105, 106, 107, 108, 109, 110, 111, 112, 113, 114]
YNEW:[0, 0, 0, 0, 0, 0, 0, 1, 0, 0, 0, 0, 0, 0, 0, 0, 0, 0, 0, 0, 0, 0, 0, 0, 0, 0, 0, 0, 0, 0, 0, 0, 0, 0, 0, 1, 1, 1, 2, 2, 3, 3, 3, 4, 6, 7, 7, 10, 12, 17, 20, 30, 36, 36, 36, 40, 44, 48, 54, 50, 46, 54, 60, 67, 71, 70, 60, 46, 54, 54, 54, 57, 52, 43, 41, 45, 43, 54, 60, 68, 61, 49, 43, 40, 32, 28, 30, 23, 18, 15, 10, 9, 20, 17, 21, 25, 19, 11, 15, 17, 38, 24, 31, 25, 26, 26, 21, 21, 19, 12, 7, 6, 3, 2]
YTOT: [0, 0, 0, 0, 0, 0, 0, 1, 1, 1, 1, 1, 1, 1, 1, 1, 1, 1, 1, 1, 1, 1, 1, 1, 1, 1, 1, 1, 1, 1, 1, 1, 1, 1, 1, 2, 3, 4, 6, 8, 11, 14, 17, 21, 27, 34, 41, 51, 63, 80, 100, 130, 166, 202, 238, 278, 322, 370, 424, 474, 520, 574, 634, 701, 772, 842, 902, 948, 1002, 1056, 1110, 1167, 1219, 1262, 1303, 1348, 1391, 1445, 1505, 1573, 1634, 1683, 1726, 1766, 1798, 1826, 1856, 1879, 1897, 1912, 1922, 1931, 1951, 1968, 1989, 2014, 2033, 2044, 2059, 2076, 2114, 2138, 2169, 2194, 2220, 2246, 2267, 2288, 2307, 2319, 2326, 2332, 2335, 2337]

INFO: Total Population: 1922200
INFO: R0: 2
INFO: Incubation Period: 5
INFO: Illness Period: 7
X:[0, 1, 2, 3, 4, 5, 6, 7, 8, 9, 10, 11, 12, 13, 14, 15, 16, 17, 18, 19, 20, 21, 22, 23, 24, 25, 26, 27, 28, 29, 30, 31, 32, 33, 34, 35, 36, 37, 38, 39, 40, 41, 42, 43, 44, 45, 46, 47, 48, 49, 50, 51, 52, 53, 54, 55, 56, 57, 58, 59, 60, 61, 62, 63, 64, 65, 66, 67, 68, 69, 70, 71, 72, 73, 74, 75, 76, 77, 78, 79, 80, 81, 82, 83, 84, 85, 86, 87, 88, 89, 90, 91, 92, 93, 94, 95, 96, 97, 98, 99, 100, 101, 102, 103, 104, 105, 106, 107, 108, 109, 110, 111, 112, 113, 114]
YNEW:[0, 0, 0, 0, 0, 0, 0, 1, 0, 0, 0, 0, 0, 0, 0, 0, 0, 0, 0, 0, 0, 0, 0, 0, 0, 0, 0, 0, 0, 0, 0, 0, 0, 0, 0, 1, 1, 1, 2, 2, 3, 3, 3, 4, 6, 7, 7, 10, 12, 17, 20, 30, 36, 36, 36, 40, 44, 48, 54, 50, 46, 54, 60, 67, 71, 70, 60, 46, 54, 54, 54, 57, 52, 43, 41, 45, 43, 54, 60, 68, 61, 49, 43, 40, 32, 28, 30, 23, 18, 15, 10, 9, 20, 28, 22, 20, 12, 12, 22, 16, 23, 32, 21, 42, 44, 21, 19, 12, 19, 12, 7, 3, 1, 3]
YTOT: [0, 0, 0, 0, 0, 0, 0, 1, 1, 1, 1, 1, 1, 1, 1, 1, 1, 1, 1, 1, 1, 1, 1, 1, 1, 1, 1, 1, 1, 1, 1, 1, 1, 1, 1, 2, 3, 4, 6, 8, 11, 14, 17, 21, 27, 34, 41, 51, 63, 80, 100, 130, 166, 202, 238, 278, 322, 370, 424, 474, 520, 574, 634, 701, 772, 842, 902, 948, 1002, 1056, 1110, 1167, 1219, 1262, 1303, 1348, 1391, 1445, 1505, 1573, 1634, 1683, 1726, 1766, 1798, 1826, 1856, 1879, 1897, 1912, 1922, 1931, 1951, 1979, 2001, 2021, 2033, 2045, 2067, 2083, 2106, 2138, 2159, 2201, 2245, 2266, 2285, 2297, 2316, 2328, 2335, 2338, 2339, 2342]

INFO: Total Population: 1922200
INFO: R0: 2
INFO: Incubation Period: 5
INFO: Illness Period: 7
X:[0, 1, 2, 3, 4, 5, 6, 7, 8, 9, 10, 11, 12, 13, 14, 15, 16, 17, 18, 19, 20, 21, 22, 23, 24, 25, 26, 27, 28, 29, 30, 31, 32, 33, 34, 35, 36, 37, 38, 39, 40, 41, 42, 43, 44, 45, 46, 47, 48, 49, 50, 51, 52, 53, 54, 55, 56, 57, 58, 59, 60, 61, 62, 63, 64, 65, 66, 67, 68, 69, 70, 71, 72, 73, 74, 75, 76, 77, 78, 79, 80, 81, 82, 83, 84, 85, 86, 87, 88, 89, 90, 91, 92, 93, 94, 95, 96, 97, 98, 99, 100, 101, 102, 103, 104, 105, 106, 107, 108, 109, 110, 111, 112, 113, 114]
YNEW:[0, 0, 0, 0, 0, 0, 0, 1, 0, 0, 0, 0, 0, 0, 0, 0, 0, 0, 0, 0, 0, 0, 0, 0, 0, 0, 0, 0, 0, 0, 0, 0, 0, 0, 0, 1, 1, 1, 2, 2, 3, 3, 3, 4, 6, 7, 7, 10, 12, 17, 20, 30, 36, 36, 36, 40, 44, 48, 54, 50, 46, 54, 60, 67, 71, 70, 60, 46, 54, 54, 54, 57, 52, 43, 41, 45, 43, 54, 60, 68, 61, 49, 43, 40, 32, 28, 30, 23, 18, 15, 10, 9, 20, 20, 19, 14, 27, 13, 13, 15, 28, 35, 28, 33, 20, 22, 22, 20, 8, 11, 8, 6, 4, 1]
YTOT: [0, 0, 0, 0, 0, 0, 0, 1, 1, 1, 1, 1, 1, 1, 1, 1, 1, 1, 1, 1, 1, 1, 1, 1, 1, 1, 1, 1, 1, 1, 1, 1, 1, 1, 1, 2, 3, 4, 6, 8, 11, 14, 17, 21, 27, 34, 41, 51, 63, 80, 100, 130, 166, 202, 238, 278, 322, 370, 424, 474, 520, 574, 634, 701, 772, 842, 902, 948, 1002, 1056, 1110, 1167, 1219, 1262, 1303, 1348, 1391, 1445, 1505, 1573, 1634, 1683, 1726, 1766, 1798, 1826, 1856, 1879, 1897, 1912, 1922, 1931, 1951, 1971, 1990, 2004, 2031, 2044, 2057, 2072, 2100, 2135, 2163, 2196, 2216, 2238, 2260, 2280, 2288, 2299, 2307, 2313, 2317, 2318]

INFO: Total Population: 1922200
INFO: R0: 2
INFO: Incubation Period: 5
INFO: Illness Period: 7
X:[0, 1, 2, 3, 4, 5, 6, 7, 8, 9, 10, 11, 12, 13, 14, 15, 16, 17, 18, 19, 20, 21, 22, 23, 24, 25, 26, 27, 28, 29, 30, 31, 32, 33, 34, 35, 36, 37, 38, 39, 40, 41, 42, 43, 44, 45, 46, 47, 48, 49, 50, 51, 52, 53, 54, 55, 56, 57, 58, 59, 60, 61, 62, 63, 64, 65, 66, 67, 68, 69, 70, 71, 72, 73, 74, 75, 76, 77, 78, 79, 80, 81, 82, 83, 84, 85, 86, 87, 88, 89, 90, 91, 92, 93, 94, 95, 96, 97, 98, 99, 100, 101, 102, 103, 104, 105, 106, 107, 108, 109, 110, 111, 112, 113, 114]
YNEW:[0, 0, 0, 0, 0, 0, 0, 1, 0, 0, 0, 0, 0, 0, 0, 0, 0, 0, 0, 0, 0, 0, 0, 0, 0, 0, 0, 0, 0, 0, 0, 0, 0, 0, 0, 1, 1, 1, 2, 2, 3, 3, 3, 4, 6, 7, 7, 10, 12, 17, 20, 30, 36, 36, 36, 40, 44, 48, 54, 50, 46, 54, 60, 67, 71, 70, 60, 46, 54, 54, 54, 57, 52, 43, 41, 45, 43, 54, 60, 68, 61, 49, 43, 40, 32, 28, 30, 23, 18, 15, 10, 9, 20, 17, 16, 13, 15, 13, 9, 18, 28, 25, 24, 31, 22, 15, 11, 12, 14, 8, 6, 6, 2, 3]
YTOT: [0, 0, 0, 0, 0, 0, 0, 1, 1, 1, 1, 1, 1, 1, 1, 1, 1, 1, 1, 1, 1, 1, 1, 1, 1, 1, 1, 1, 1, 1, 1, 1, 1, 1, 1, 2, 3, 4, 6, 8, 11, 14, 17, 21, 27, 34, 41, 51, 63, 80, 100, 130, 166, 202, 238, 278, 322, 370, 424, 474, 520, 574, 634, 701, 772, 842, 902, 948, 1002, 1056, 1110, 1167, 1219, 1262, 1303, 1348, 1391, 1445, 1505, 1573, 1634, 1683, 1726, 1766, 1798, 1826, 1856, 1879, 1897, 1912, 1922, 1931, 1951, 1968, 1984, 1997, 2012, 2025, 2034, 2052, 2080, 2105, 2129, 2160, 2182, 2197, 2208, 2220, 2234, 2242, 2248, 2254, 2256, 2259]

INFO: Total Population: 1922200
INFO: R0: 2
INFO: Incubation Period: 5
INFO: Illness Period: 7
X:[0, 1, 2, 3, 4, 5, 6, 7, 8, 9, 10, 11, 12, 13, 14, 15, 16, 17, 18, 19, 20, 21, 22, 23, 24, 25, 26, 27, 28, 29, 30, 31, 32, 33, 34, 35, 36, 37, 38, 39, 40, 41, 42, 43, 44, 45, 46, 47, 48, 49, 50, 51, 52, 53, 54, 55, 56, 57, 58, 59, 60, 61, 62, 63, 64, 65, 66, 67, 68, 69, 70, 71, 72, 73, 74, 75, 76, 77, 78, 79, 80, 81, 82, 83, 84, 85, 86, 87, 88, 89, 90, 91, 92, 93, 94, 95, 96, 97, 98, 99, 100, 101, 102, 103, 104, 105, 106, 107, 108, 109, 110, 111, 112, 113, 114]
YNEW:[0, 0, 0, 0, 0, 0, 0, 1, 0, 0, 0, 0, 0, 0, 0, 0, 0, 0, 0, 0, 0, 0, 0, 0, 0, 0, 0, 0, 0, 0, 0, 0, 0, 0, 0, 1, 1, 1, 2, 2, 3, 3, 3, 4, 6, 7, 7, 10, 12, 17, 20, 30, 36, 36, 36, 40, 44, 48, 54, 50, 46, 54, 60, 67, 71, 70, 60, 46, 54, 54, 54, 57, 52, 43, 41, 45, 43, 54, 60, 68, 61, 49, 43, 40, 32, 28, 30, 23, 18, 15, 10, 9, 20, 27, 22, 19, 11, 11, 20, 19, 31, 27, 23, 38, 26, 24, 19, 17, 14, 9, 7, 6, 1, 1]
YTOT: [0, 0, 0, 0, 0, 0, 0, 1, 1, 1, 1, 1, 1, 1, 1, 1, 1, 1, 1, 1, 1, 1, 1, 1, 1, 1, 1, 1, 1, 1, 1, 1, 1, 1, 1, 2, 3, 4, 6, 8, 11, 14, 17, 21, 27, 34, 41, 51, 63, 80, 100, 130, 166, 202, 238, 278, 322, 370, 424, 474, 520, 574, 634, 701, 772, 842, 902, 948, 1002, 1056, 1110, 1167, 1219, 1262, 1303, 1348, 1391, 1445, 1505, 1573, 1634, 1683, 1726, 1766, 1798, 1826, 1856, 1879, 1897, 1912, 1922, 1931, 1951, 1978, 2000, 2019, 2030, 2041, 2061, 2080, 2111, 2138, 2161, 2199, 2225, 2249, 2268, 2285, 2299, 2308, 2315, 2321, 2322, 2323]

END