

INFO: Total Population: 443738
INFO: R0: 2
INFO: Incubation Period: 5
INFO: Illness Period: 7
X:[0, 1, 2, 3, 4, 5, 6, 7, 8, 9, 10, 11, 12, 13, 14, 15, 16, 17, 18, 19, 20, 21, 22, 23, 24, 25, 26, 27, 28, 29, 30, 31, 32, 33, 34, 35, 36, 37, 38, 39, 40, 41, 42, 43, 44, 45, 46, 47, 48, 49, 50, 51, 52, 53, 54, 55, 56, 57, 58, 59, 60, 61, 62, 63, 64, 65, 66, 67, 68, 69, 70, 71, 72, 73, 74, 75, 76, 77, 78, 79, 80, 81, 82, 83, 84, 85, 86, 87, 88, 89, 90, 91, 92, 93, 94, 95, 96, 97, 98, 99, 100, 101, 102, 103, 104, 105, 106, 107, 108, 109, 110, 111, 112, 113, 114, 115]
YNEW:[0, 0, 0, 0, 0, 0, 0, 0, 0, 0, 0, 0, 0, 0, 0, 0, 0, 0, 0, 0, 0, 0, 0, 0, 0, 0, 0, 0, 0, 0, 0, 0, 0, 0, 0, 0, 0, 0, 0, 0, 0, 0, 0, 0, 0, 0, 0, 0, 0, 0, 0, 0, 0, 0, 0, 0, 1, 2, 2, 3, 4, 3, 4, 3, 7, 7, 11, 9, 13, 12, 13, 8, 19, 19, 15, 16, 20, 16, 16, 16, 12, 8, 11, 16, 19, 21, 21, 14, 15, 17, 16, 14, 14, 11, 10, 13, 8, 12, 18, 8, 7, 7, 7, 6, 11, 16, 9, 1, 2, 2, 1, 2, 4, 2, 3]
YTOT: [0, 0, 0, 0, 0, 0, 0, 0, 0, 0, 0, 0, 0, 0, 0, 0, 0, 0, 0, 0, 0, 0, 0, 0, 0, 0, 0, 0, 0, 0, 0, 0, 0, 0, 0, 0, 0, 0, 0, 0, 0, 0, 0, 0, 0, 0, 0, 0, 0, 0, 0, 0, 0, 0, 0, 0, 1, 3, 5, 8, 12, 15, 19, 22, 29, 36, 47, 56, 69, 81, 94, 102, 121, 140, 155, 171, 191, 207, 223, 239, 251, 259, 270, 286, 305, 326, 347, 361, 376, 393, 409, 423, 437, 448, 458, 471, 479, 491, 509, 517, 524, 531, 538, 544, 555, 571, 580, 581, 583, 585, 586, 588, 592, 594, 597]

INFO: Total Population: 443738
INFO: R0: 2
INFO: Incubation Period: 5
INFO: Illness Period: 7
X:[0, 1, 2, 3, 4, 5, 6, 7, 8, 9, 10, 11, 12, 13, 14, 15, 16, 17, 18, 19, 20, 21, 22, 23, 24, 25, 26, 27, 28, 29, 30, 31, 32, 33, 34, 35, 36, 37, 38, 39, 40, 41, 42, 43, 44, 45, 46, 47, 48, 49, 50, 51, 52, 53, 54, 55, 56, 57, 58, 59, 60, 61, 62, 63, 64, 65, 66, 67, 68, 69, 70, 71, 72, 73, 74, 75, 76, 77, 78, 79, 80, 81, 82, 83, 84, 85, 86, 87, 88, 89, 90, 91, 92, 93, 94, 95, 96, 97, 98, 99, 100, 101, 102, 103, 104, 105, 106, 107, 108, 109, 110, 111, 112, 113, 114, 115, 116]
YNEW:[0, 0, 0, 0, 0, 0, 0, 0, 0, 0, 0, 0, 0, 0, 0, 0, 0, 0, 0, 0, 0, 0, 0, 0, 0, 0, 0, 0, 0, 0, 0, 0, 0, 0, 0, 0, 0, 0, 0, 0, 0, 0, 0, 0, 0, 0, 0, 0, 0, 0, 0, 0, 0, 0, 0, 0, 1, 2, 2, 3, 4, 3, 4, 3, 7, 7, 11, 9, 13, 12, 13, 8, 19, 19, 15, 16, 20, 16, 16, 16, 12, 8, 11, 16, 19, 21, 21, 14, 15, 17, 16, 14, 14, 11, 10, 13, 12, 8, 6, 14, 5, 14, 10, 6, 10, 10, 5, 1, 1, 4, 4, 3, 1, 2, 1, 1]
YTOT: [0, 0, 0, 0, 0, 0, 0, 0, 0, 0, 0, 0, 0, 0, 0, 0, 0, 0, 0, 0, 0, 0, 0, 0, 0, 0, 0, 0, 0, 0, 0, 0, 0, 0, 0, 0, 0, 0, 0, 0, 0, 0, 0, 0, 0, 0, 0, 0, 0, 0, 0, 0, 0, 0, 0, 0, 1, 3, 5, 8, 12, 15, 19, 22, 29, 36, 47, 56, 69, 81, 94, 102, 121, 140, 155, 171, 191, 207, 223, 239, 251, 259, 270, 286, 305, 326, 347, 361, 376, 393, 409, 423, 437, 448, 458, 471, 483, 491, 497, 511, 516, 530, 540, 546, 556, 566, 571, 572, 573, 577, 581, 584, 585, 587, 588, 589]

INFO: Total Population: 443738
INFO: R0: 2
INFO: Incubation Period: 5
INFO: Illness Period: 7
X:[0, 1, 2, 3, 4, 5, 6, 7, 8, 9, 10, 11, 12, 13, 14, 15, 16, 17, 18, 19, 20, 21, 22, 23, 24, 25, 26, 27, 28, 29, 30, 31, 32, 33, 34, 35, 36, 37, 38, 39, 40, 41, 42, 43, 44, 45, 46, 47, 48, 49, 50, 51, 52, 53, 54, 55, 56, 57, 58, 59, 60, 61, 62, 63, 64, 65, 66, 67, 68, 69, 70, 71, 72, 73, 74, 75, 76, 77, 78, 79, 80, 81, 82, 83, 84, 85, 86, 87, 88, 89, 90, 91, 92, 93, 94, 95, 96, 97, 98, 99, 100, 101, 102, 103, 104, 105, 106, 107, 108, 109, 110, 111, 112, 113, 114, 115]
YNEW:[0, 0, 0, 0, 0, 0, 0, 0, 0, 0, 0, 0, 0, 0, 0, 0, 0, 0, 0, 0, 0, 0, 0, 0, 0, 0, 0, 0, 0, 0, 0, 0, 0, 0, 0, 0, 0, 0, 0, 0, 0, 0, 0, 0, 0, 0, 0, 0, 0, 0, 0, 0, 0, 0, 0, 0, 1, 2, 2, 3, 4, 3, 4, 3, 7, 7, 11, 9, 13, 12, 13, 8, 19, 19, 15, 16, 20, 16, 16, 16, 12, 8, 11, 16, 19, 21, 21, 14, 15, 17, 16, 14, 14, 11, 10, 15, 20, 5, 11, 8, 8, 12, 5, 6, 6, 4, 8, 6, 3, 3, 3, 3, 7, 2, 1]
YTOT: [0, 0, 0, 0, 0, 0, 0, 0, 0, 0, 0, 0, 0, 0, 0, 0, 0, 0, 0, 0, 0, 0, 0, 0, 0, 0, 0, 0, 0, 0, 0, 0, 0, 0, 0, 0, 0, 0, 0, 0, 0, 0, 0, 0, 0, 0, 0, 0, 0, 0, 0, 0, 0, 0, 0, 0, 1, 3, 5, 8, 12, 15, 19, 22, 29, 36, 47, 56, 69, 81, 94, 102, 121, 140, 155, 171, 191, 207, 223, 239, 251, 259, 270, 286, 305, 326, 347, 361, 376, 393, 409, 423, 437, 448, 458, 473, 493, 498, 509, 517, 525, 537, 542, 548, 554, 558, 566, 572, 575, 578, 581, 584, 591, 593, 594]

INFO: Total Population: 443738
INFO: R0: 2
INFO: Incubation Period: 5
INFO: Illness Period: 7
X:[0, 1, 2, 3, 4, 5, 6, 7, 8, 9, 10, 11, 12, 13, 14, 15, 16, 17, 18, 19, 20, 21, 22, 23, 24, 25, 26, 27, 28, 29, 30, 31, 32, 33, 34, 35, 36, 37, 38, 39, 40, 41, 42, 43, 44, 45, 46, 47, 48, 49, 50, 51, 52, 53, 54, 55, 56, 57, 58, 59, 60, 61, 62, 63, 64, 65, 66, 67, 68, 69, 70, 71, 72, 73, 74, 75, 76, 77, 78, 79, 80, 81, 82, 83, 84, 85, 86, 87, 88, 89, 90, 91, 92, 93, 94, 95, 96, 97, 98, 99, 100, 101, 102, 103, 104, 105, 106, 107, 108, 109, 110, 111, 112, 113]
YNEW:[0, 0, 0, 0, 0, 0, 0, 0, 0, 0, 0, 0, 0, 0, 0, 0, 0, 0, 0, 0, 0, 0, 0, 0, 0, 0, 0, 0, 0, 0, 0, 0, 0, 0, 0, 0, 0, 0, 0, 0, 0, 0, 0, 0, 0, 0, 0, 0, 0, 0, 0, 0, 0, 0, 0, 0, 1, 2, 2, 3, 4, 3, 4, 3, 7, 7, 11, 9, 13, 12, 13, 8, 19, 19, 15, 16, 20, 16, 16, 16, 12, 8, 11, 16, 19, 21, 21, 14, 15, 17, 16, 14, 14, 11, 10, 8, 13, 8, 8, 7, 8, 6, 5, 7, 8, 7, 7, 1, 3, 7, 4, 1, 1]
YTOT: [0, 0, 0, 0, 0, 0, 0, 0, 0, 0, 0, 0, 0, 0, 0, 0, 0, 0, 0, 0, 0, 0, 0, 0, 0, 0, 0, 0, 0, 0, 0, 0, 0, 0, 0, 0, 0, 0, 0, 0, 0, 0, 0, 0, 0, 0, 0, 0, 0, 0, 0, 0, 0, 0, 0, 0, 1, 3, 5, 8, 12, 15, 19, 22, 29, 36, 47, 56, 69, 81, 94, 102, 121, 140, 155, 171, 191, 207, 223, 239, 251, 259, 270, 286, 305, 326, 347, 361, 376, 393, 409, 423, 437, 448, 458, 466, 479, 487, 495, 502, 510, 516, 521, 528, 536, 543, 550, 551, 554, 561, 565, 566, 567]

INFO: Total Population: 443738
INFO: R0: 2
INFO: Incubation Period: 5
INFO: Illness Period: 7
X:[0, 1, 2, 3, 4, 5, 6, 7, 8, 9, 10, 11, 12, 13, 14, 15, 16, 17, 18, 19, 20, 21, 22, 23, 24, 25, 26, 27, 28, 29, 30, 31, 32, 33, 34, 35, 36, 37, 38, 39, 40, 41, 42, 43, 44, 45, 46, 47, 48, 49, 50, 51, 52, 53, 54, 55, 56, 57, 58, 59, 60, 61, 62, 63, 64, 65, 66, 67, 68, 69, 70, 71, 72, 73, 74, 75, 76, 77, 78, 79, 80, 81, 82, 83, 84, 85, 86, 87, 88, 89, 90, 91, 92, 93, 94, 95, 96, 97, 98, 99, 100, 101, 102, 103, 104, 105, 106, 107, 108, 109, 110, 111, 112, 113, 114]
YNEW:[0, 0, 0, 0, 0, 0, 0, 0, 0, 0, 0, 0, 0, 0, 0, 0, 0, 0, 0, 0, 0, 0, 0, 0, 0, 0, 0, 0, 0, 0, 0, 0, 0, 0, 0, 0, 0, 0, 0, 0, 0, 0, 0, 0, 0, 0, 0, 0, 0, 0, 0, 0, 0, 0, 0, 0, 1, 2, 2, 3, 4, 3, 4, 3, 7, 7, 11, 9, 13, 12, 13, 8, 19, 19, 15, 16, 20, 16, 16, 16, 12, 8, 11, 16, 19, 21, 21, 14, 15, 17, 16, 14, 14, 11, 10, 12, 10, 10, 8, 10, 15, 5, 5, 10, 10, 5, 10, 5, 8, 6, 2, 2, 2, 1]
YTOT: [0, 0, 0, 0, 0, 0, 0, 0, 0, 0, 0, 0, 0, 0, 0, 0, 0, 0, 0, 0, 0, 0, 0, 0, 0, 0, 0, 0, 0, 0, 0, 0, 0, 0, 0, 0, 0, 0, 0, 0, 0, 0, 0, 0, 0, 0, 0, 0, 0, 0, 0, 0, 0, 0, 0, 0, 1, 3, 5, 8, 12, 15, 19, 22, 29, 36, 47, 56, 69, 81, 94, 102, 121, 140, 155, 171, 191, 207, 223, 239, 251, 259, 270, 286, 305, 326, 347, 361, 376, 393, 409, 423, 437, 448, 458, 470, 480, 490, 498, 508, 523, 528, 533, 543, 553, 558, 568, 573, 581, 587, 589, 591, 593, 594]

INFO: Total Population: 443738
INFO: R0: 2
INFO: Incubation Period: 5
INFO: Illness Period: 7
X:[0, 1, 2, 3, 4, 5, 6, 7, 8, 9, 10, 11, 12, 13, 14, 15, 16, 17, 18, 19, 20, 21, 22, 23, 24, 25, 26, 27, 28, 29, 30, 31, 32, 33, 34, 35, 36, 37, 38, 39, 40, 41, 42, 43, 44, 45, 46, 47, 48, 49, 50, 51, 52, 53, 54, 55, 56, 57, 58, 59, 60, 61, 62, 63, 64, 65, 66, 67, 68, 69, 70, 71, 72, 73, 74, 75, 76, 77, 78, 79, 80, 81, 82, 83, 84, 85, 86, 87, 88, 89, 90, 91, 92, 93, 94, 95, 96, 97, 98, 99, 100, 101, 102, 103, 104, 105, 106, 107, 108, 109, 110, 111, 112, 113, 114, 115]
YNEW:[0, 0, 0, 0, 0, 0, 0, 0, 0, 0, 0, 0, 0, 0, 0, 0, 0, 0, 0, 0, 0, 0, 0, 0, 0, 0, 0, 0, 0, 0, 0, 0, 0, 0, 0, 0, 0, 0, 0, 0, 0, 0, 0, 0, 0, 0, 0, 0, 0, 0, 0, 0, 0, 0, 0, 0, 1, 2, 2, 3, 4, 3, 4, 3, 7, 7, 11, 9, 13, 12, 13, 8, 19, 19, 15, 16, 20, 16, 16, 16, 12, 8, 11, 16, 19, 21, 21, 14, 15, 17, 16, 14, 14, 11, 10, 13, 14, 7, 12, 11, 4, 11, 4, 7, 8, 9, 8, 5, 5, 5, 1, 1, 1, 2, 3]
YTOT: [0, 0, 0, 0, 0, 0, 0, 0, 0, 0, 0, 0, 0, 0, 0, 0, 0, 0, 0, 0, 0, 0, 0, 0, 0, 0, 0, 0, 0, 0, 0, 0, 0, 0, 0, 0, 0, 0, 0, 0, 0, 0, 0, 0, 0, 0, 0, 0, 0, 0, 0, 0, 0, 0, 0, 0, 1, 3, 5, 8, 12, 15, 19, 22, 29, 36, 47, 56, 69, 81, 94, 102, 121, 140, 155, 171, 191, 207, 223, 239, 251, 259, 270, 286, 305, 326, 347, 361, 376, 393, 409, 423, 437, 448, 458, 471, 485, 492, 504, 515, 519, 530, 534, 541, 549, 558, 566, 571, 576, 581, 582, 583, 584, 586, 589]

INFO: Total Population: 443738
INFO: R0: 2
INFO: Incubation Period: 5
INFO: Illness Period: 7
X:[0, 1, 2, 3, 4, 5, 6, 7, 8, 9, 10, 11, 12, 13, 14, 15, 16, 17, 18, 19, 20, 21, 22, 23, 24, 25, 26, 27, 28, 29, 30, 31, 32, 33, 34, 35, 36, 37, 38, 39, 40, 41, 42, 43, 44, 45, 46, 47, 48, 49, 50, 51, 52, 53, 54, 55, 56, 57, 58, 59, 60, 61, 62, 63, 64, 65, 66, 67, 68, 69, 70, 71, 72, 73, 74, 75, 76, 77, 78, 79, 80, 81, 82, 83, 84, 85, 86, 87, 88, 89, 90, 91, 92, 93, 94, 95, 96, 97, 98, 99, 100, 101, 102, 103, 104, 105, 106, 107, 108, 109, 110, 111, 112, 113]
YNEW:[0, 0, 0, 0, 0, 0, 0, 0, 0, 0, 0, 0, 0, 0, 0, 0, 0, 0, 0, 0, 0, 0, 0, 0, 0, 0, 0, 0, 0, 0, 0, 0, 0, 0, 0, 0, 0, 0, 0, 0, 0, 0, 0, 0, 0, 0, 0, 0, 0, 0, 0, 0, 0, 0, 0, 0, 1, 2, 2, 3, 4, 3, 4, 3, 7, 7, 11, 9, 13, 12, 13, 8, 19, 19, 15, 16, 20, 16, 16, 16, 12, 8, 11, 16, 19, 21, 21, 14, 15, 17, 16, 14, 14, 11, 10, 18, 13, 13, 8, 5, 13, 7, 8, 8, 9, 6, 10, 6, 3, 2, 1, 5, 1]
YTOT: [0, 0, 0, 0, 0, 0, 0, 0, 0, 0, 0, 0, 0, 0, 0, 0, 0, 0, 0, 0, 0, 0, 0, 0, 0, 0, 0, 0, 0, 0, 0, 0, 0, 0, 0, 0, 0, 0, 0, 0, 0, 0, 0, 0, 0, 0, 0, 0, 0, 0, 0, 0, 0, 0, 0, 0, 1, 3, 5, 8, 12, 15, 19, 22, 29, 36, 47, 56, 69, 81, 94, 102, 121, 140, 155, 171, 191, 207, 223, 239, 251, 259, 270, 286, 305, 326, 347, 361, 376, 393, 409, 423, 437, 448, 458, 476, 489, 502, 510, 515, 528, 535, 543, 551, 560, 566, 576, 582, 585, 587, 588, 593, 594]

INFO: Total Population: 443738
INFO: R0: 2
INFO: Incubation Period: 5
INFO: Illness Period: 7
X:[0, 1, 2, 3, 4, 5, 6, 7, 8, 9, 10, 11, 12, 13, 14, 15, 16, 17, 18, 19, 20, 21, 22, 23, 24, 25, 26, 27, 28, 29, 30, 31, 32, 33, 34, 35, 36, 37, 38, 39, 40, 41, 42, 43, 44, 45, 46, 47, 48, 49, 50, 51, 52, 53, 54, 55, 56, 57, 58, 59, 60, 61, 62, 63, 64, 65, 66, 67, 68, 69, 70, 71, 72, 73, 74, 75, 76, 77, 78, 79, 80, 81, 82, 83, 84, 85, 86, 87, 88, 89, 90, 91, 92, 93, 94, 95, 96, 97, 98, 99, 100, 101, 102, 103, 104, 105, 106, 107, 108, 109, 110, 111, 112, 113, 114]
YNEW:[0, 0, 0, 0, 0, 0, 0, 0, 0, 0, 0, 0, 0, 0, 0, 0, 0, 0, 0, 0, 0, 0, 0, 0, 0, 0, 0, 0, 0, 0, 0, 0, 0, 0, 0, 0, 0, 0, 0, 0, 0, 0, 0, 0, 0, 0, 0, 0, 0, 0, 0, 0, 0, 0, 0, 0, 1, 2, 2, 3, 4, 3, 4, 3, 7, 7, 11, 9, 13, 12, 13, 8, 19, 19, 15, 16, 20, 16, 16, 16, 12, 8, 11, 16, 19, 21, 21, 14, 15, 17, 16, 14, 14, 11, 10, 26, 9, 8, 7, 2, 14, 6, 7, 9, 8, 3, 5, 10, 5, 4, 1, 2, 2, 1]
YTOT: [0, 0, 0, 0, 0, 0, 0, 0, 0, 0, 0, 0, 0, 0, 0, 0, 0, 0, 0, 0, 0, 0, 0, 0, 0, 0, 0, 0, 0, 0, 0, 0, 0, 0, 0, 0, 0, 0, 0, 0, 0, 0, 0, 0, 0, 0, 0, 0, 0, 0, 0, 0, 0, 0, 0, 0, 1, 3, 5, 8, 12, 15, 19, 22, 29, 36, 47, 56, 69, 81, 94, 102, 121, 140, 155, 171, 191, 207, 223, 239, 251, 259, 270, 286, 305, 326, 347, 361, 376, 393, 409, 423, 437, 448, 458, 484, 493, 501, 508, 510, 524, 530, 537, 546, 554, 557, 562, 572, 577, 581, 582, 584, 586, 587]

INFO: Total Population: 443738
INFO: R0: 2
INFO: Incubation Period: 5
INFO: Illness Period: 7
X:[0, 1, 2, 3, 4, 5, 6, 7, 8, 9, 10, 11, 12, 13, 14, 15, 16, 17, 18, 19, 20, 21, 22, 23, 24, 25, 26, 27, 28, 29, 30, 31, 32, 33, 34, 35, 36, 37, 38, 39, 40, 41, 42, 43, 44, 45, 46, 47, 48, 49, 50, 51, 52, 53, 54, 55, 56, 57, 58, 59, 60, 61, 62, 63, 64, 65, 66, 67, 68, 69, 70, 71, 72, 73, 74, 75, 76, 77, 78, 79, 80, 81, 82, 83, 84, 85, 86, 87, 88, 89, 90, 91, 92, 93, 94, 95, 96, 97, 98, 99, 100, 101, 102, 103, 104, 105, 106, 107, 108, 109, 110, 111, 112, 113, 114]
YNEW:[0, 0, 0, 0, 0, 0, 0, 0, 0, 0, 0, 0, 0, 0, 0, 0, 0, 0, 0, 0, 0, 0, 0, 0, 0, 0, 0, 0, 0, 0, 0, 0, 0, 0, 0, 0, 0, 0, 0, 0, 0, 0, 0, 0, 0, 0, 0, 0, 0, 0, 0, 0, 0, 0, 0, 0, 1, 2, 2, 3, 4, 3, 4, 3, 7, 7, 11, 9, 13, 12, 13, 8, 19, 19, 15, 16, 20, 16, 16, 16, 12, 8, 11, 16, 19, 21, 21, 14, 15, 17, 16, 14, 14, 11, 10, 15, 8, 11, 12, 3, 9, 4, 7, 9, 9, 10, 6, 3, 3, 6, 2, 4, 2, 1]
YTOT: [0, 0, 0, 0, 0, 0, 0, 0, 0, 0, 0, 0, 0, 0, 0, 0, 0, 0, 0, 0, 0, 0, 0, 0, 0, 0, 0, 0, 0, 0, 0, 0, 0, 0, 0, 0, 0, 0, 0, 0, 0, 0, 0, 0, 0, 0, 0, 0, 0, 0, 0, 0, 0, 0, 0, 0, 1, 3, 5, 8, 12, 15, 19, 22, 29, 36, 47, 56, 69, 81, 94, 102, 121, 140, 155, 171, 191, 207, 223, 239, 251, 259, 270, 286, 305, 326, 347, 361, 376, 393, 409, 423, 437, 448, 458, 473, 481, 492, 504, 507, 516, 520, 527, 536, 545, 555, 561, 564, 567, 573, 575, 579, 581, 582]

INFO: Total Population: 443738
INFO: R0: 2
INFO: Incubation Period: 5
INFO: Illness Period: 7
X:[0, 1, 2, 3, 4, 5, 6, 7, 8, 9, 10, 11, 12, 13, 14, 15, 16, 17, 18, 19, 20, 21, 22, 23, 24, 25, 26, 27, 28, 29, 30, 31, 32, 33, 34, 35, 36, 37, 38, 39, 40, 41, 42, 43, 44, 45, 46, 47, 48, 49, 50, 51, 52, 53, 54, 55, 56, 57, 58, 59, 60, 61, 62, 63, 64, 65, 66, 67, 68, 69, 70, 71, 72, 73, 74, 75, 76, 77, 78, 79, 80, 81, 82, 83, 84, 85, 86, 87, 88, 89, 90, 91, 92, 93, 94, 95, 96, 97, 98, 99, 100, 101, 102, 103, 104, 105, 106, 107, 108, 109, 110, 111, 112, 113, 114]
YNEW:[0, 0, 0, 0, 0, 0, 0, 0, 0, 0, 0, 0, 0, 0, 0, 0, 0, 0, 0, 0, 0, 0, 0, 0, 0, 0, 0, 0, 0, 0, 0, 0, 0, 0, 0, 0, 0, 0, 0, 0, 0, 0, 0, 0, 0, 0, 0, 0, 0, 0, 0, 0, 0, 0, 0, 0, 1, 2, 2, 3, 4, 3, 4, 3, 7, 7, 11, 9, 13, 12, 13, 8, 19, 19, 15, 16, 20, 16, 16, 16, 12, 8, 11, 16, 19, 21, 21, 14, 15, 17, 16, 14, 14, 11, 10, 13, 7, 6, 8, 6, 12, 12, 5, 5, 6, 8, 11, 1, 7, 2, 1, 4, 2, 1]
YTOT: [0, 0, 0, 0, 0, 0, 0, 0, 0, 0, 0, 0, 0, 0, 0, 0, 0, 0, 0, 0, 0, 0, 0, 0, 0, 0, 0, 0, 0, 0, 0, 0, 0, 0, 0, 0, 0, 0, 0, 0, 0, 0, 0, 0, 0, 0, 0, 0, 0, 0, 0, 0, 0, 0, 0, 0, 1, 3, 5, 8, 12, 15, 19, 22, 29, 36, 47, 56, 69, 81, 94, 102, 121, 140, 155, 171, 191, 207, 223, 239, 251, 259, 270, 286, 305, 326, 347, 361, 376, 393, 409, 423, 437, 448, 458, 471, 478, 484, 492, 498, 510, 522, 527, 532, 538, 546, 557, 558, 565, 567, 568, 572, 574, 575]

INFO: Total Population: 443738
INFO: R0: 2
INFO: Incubation Period: 5
INFO: Illness Period: 7
X:[0, 1, 2, 3, 4, 5, 6, 7, 8, 9, 10, 11, 12, 13, 14, 15, 16, 17, 18, 19, 20, 21, 22, 23, 24, 25, 26, 27, 28, 29, 30, 31, 32, 33, 34, 35, 36, 37, 38, 39, 40, 41, 42, 43, 44, 45, 46, 47, 48, 49, 50, 51, 52, 53, 54, 55, 56, 57, 58, 59, 60, 61, 62, 63, 64, 65, 66, 67, 68, 69, 70, 71, 72, 73, 74, 75, 76, 77, 78, 79, 80, 81, 82, 83, 84, 85, 86, 87, 88, 89, 90, 91, 92, 93, 94, 95, 96, 97, 98, 99, 100, 101, 102, 103, 104, 105, 106, 107, 108, 109, 110, 111, 112]
YNEW:[0, 0, 0, 0, 0, 0, 0, 0, 0, 0, 0, 0, 0, 0, 0, 0, 0, 0, 0, 0, 0, 0, 0, 0, 0, 0, 0, 0, 0, 0, 0, 0, 0, 0, 0, 0, 0, 0, 0, 0, 0, 0, 0, 0, 0, 0, 0, 0, 0, 0, 0, 0, 0, 0, 0, 0, 1, 2, 2, 3, 4, 3, 4, 3, 7, 7, 11, 9, 13, 12, 13, 8, 19, 19, 15, 16, 20, 16, 16, 16, 12, 8, 11, 16, 19, 21, 21, 14, 15, 17, 16, 14, 14, 11, 10, 14, 14, 11, 11, 12, 2, 15, 8, 15, 10, 9, 10, 5, 3, 2, 2, 1]
YTOT: [0, 0, 0, 0, 0, 0, 0, 0, 0, 0, 0, 0, 0, 0, 0, 0, 0, 0, 0, 0, 0, 0, 0, 0, 0, 0, 0, 0, 0, 0, 0, 0, 0, 0, 0, 0, 0, 0, 0, 0, 0, 0, 0, 0, 0, 0, 0, 0, 0, 0, 0, 0, 0, 0, 0, 0, 1, 3, 5, 8, 12, 15, 19, 22, 29, 36, 47, 56, 69, 81, 94, 102, 121, 140, 155, 171, 191, 207, 223, 239, 251, 259, 270, 286, 305, 326, 347, 361, 376, 393, 409, 423, 437, 448, 458, 472, 486, 497, 508, 520, 522, 537, 545, 560, 570, 579, 589, 594, 597, 599, 601, 602]

INFO: Total Population: 443738
INFO: R0: 2
INFO: Incubation Period: 5
INFO: Illness Period: 7
X:[0, 1, 2, 3, 4, 5, 6, 7, 8, 9, 10, 11, 12, 13, 14, 15, 16, 17, 18, 19, 20, 21, 22, 23, 24, 25, 26, 27, 28, 29, 30, 31, 32, 33, 34, 35, 36, 37, 38, 39, 40, 41, 42, 43, 44, 45, 46, 47, 48, 49, 50, 51, 52, 53, 54, 55, 56, 57, 58, 59, 60, 61, 62, 63, 64, 65, 66, 67, 68, 69, 70, 71, 72, 73, 74, 75, 76, 77, 78, 79, 80, 81, 82, 83, 84, 85, 86, 87, 88, 89, 90, 91, 92, 93, 94, 95, 96, 97, 98, 99, 100, 101, 102, 103, 104, 105, 106, 107, 108, 109, 110, 111, 112, 113]
YNEW:[0, 0, 0, 0, 0, 0, 0, 0, 0, 0, 0, 0, 0, 0, 0, 0, 0, 0, 0, 0, 0, 0, 0, 0, 0, 0, 0, 0, 0, 0, 0, 0, 0, 0, 0, 0, 0, 0, 0, 0, 0, 0, 0, 0, 0, 0, 0, 0, 0, 0, 0, 0, 0, 0, 0, 0, 1, 2, 2, 3, 4, 3, 4, 3, 7, 7, 11, 9, 13, 12, 13, 8, 19, 19, 15, 16, 20, 16, 16, 16, 12, 8, 11, 16, 19, 21, 21, 14, 15, 17, 16, 14, 14, 11, 10, 11, 10, 13, 10, 14, 7, 9, 7, 10, 11, 10, 5, 2, 4, 4, 2, 1, 3]
YTOT: [0, 0, 0, 0, 0, 0, 0, 0, 0, 0, 0, 0, 0, 0, 0, 0, 0, 0, 0, 0, 0, 0, 0, 0, 0, 0, 0, 0, 0, 0, 0, 0, 0, 0, 0, 0, 0, 0, 0, 0, 0, 0, 0, 0, 0, 0, 0, 0, 0, 0, 0, 0, 0, 0, 0, 0, 1, 3, 5, 8, 12, 15, 19, 22, 29, 36, 47, 56, 69, 81, 94, 102, 121, 140, 155, 171, 191, 207, 223, 239, 251, 259, 270, 286, 305, 326, 347, 361, 376, 393, 409, 423, 437, 448, 458, 469, 479, 492, 502, 516, 523, 532, 539, 549, 560, 570, 575, 577, 581, 585, 587, 588, 591]

INFO: Total Population: 443738
INFO: R0: 2
INFO: Incubation Period: 5
INFO: Illness Period: 7
X:[0, 1, 2, 3, 4, 5, 6, 7, 8, 9, 10, 11, 12, 13, 14, 15, 16, 17, 18, 19, 20, 21, 22, 23, 24, 25, 26, 27, 28, 29, 30, 31, 32, 33, 34, 35, 36, 37, 38, 39, 40, 41, 42, 43, 44, 45, 46, 47, 48, 49, 50, 51, 52, 53, 54, 55, 56, 57, 58, 59, 60, 61, 62, 63, 64, 65, 66, 67, 68, 69, 70, 71, 72, 73, 74, 75, 76, 77, 78, 79, 80, 81, 82, 83, 84, 85, 86, 87, 88, 89, 90, 91, 92, 93, 94, 95, 96, 97, 98, 99, 100, 101, 102, 103, 104, 105, 106, 107, 108, 109, 110, 111, 112, 113, 114, 115]
YNEW:[0, 0, 0, 0, 0, 0, 0, 0, 0, 0, 0, 0, 0, 0, 0, 0, 0, 0, 0, 0, 0, 0, 0, 0, 0, 0, 0, 0, 0, 0, 0, 0, 0, 0, 0, 0, 0, 0, 0, 0, 0, 0, 0, 0, 0, 0, 0, 0, 0, 0, 0, 0, 0, 0, 0, 0, 1, 2, 2, 3, 4, 3, 4, 3, 7, 7, 11, 9, 13, 12, 13, 8, 19, 19, 15, 16, 20, 16, 16, 16, 12, 8, 11, 16, 19, 21, 21, 14, 15, 17, 16, 14, 14, 11, 10, 10, 16, 13, 12, 13, 5, 9, 6, 11, 6, 5, 8, 6, 7, 4, 2, 2, 3, 1, 1]
YTOT: [0, 0, 0, 0, 0, 0, 0, 0, 0, 0, 0, 0, 0, 0, 0, 0, 0, 0, 0, 0, 0, 0, 0, 0, 0, 0, 0, 0, 0, 0, 0, 0, 0, 0, 0, 0, 0, 0, 0, 0, 0, 0, 0, 0, 0, 0, 0, 0, 0, 0, 0, 0, 0, 0, 0, 0, 1, 3, 5, 8, 12, 15, 19, 22, 29, 36, 47, 56, 69, 81, 94, 102, 121, 140, 155, 171, 191, 207, 223, 239, 251, 259, 270, 286, 305, 326, 347, 361, 376, 393, 409, 423, 437, 448, 458, 468, 484, 497, 509, 522, 527, 536, 542, 553, 559, 564, 572, 578, 585, 589, 591, 593, 596, 597, 598]

INFO: Total Population: 443738
INFO: R0: 2
INFO: Incubation Period: 5
INFO: Illness Period: 7
X:[0, 1, 2, 3, 4, 5, 6, 7, 8, 9, 10, 11, 12, 13, 14, 15, 16, 17, 18, 19, 20, 21, 22, 23, 24, 25, 26, 27, 28, 29, 30, 31, 32, 33, 34, 35, 36, 37, 38, 39, 40, 41, 42, 43, 44, 45, 46, 47, 48, 49, 50, 51, 52, 53, 54, 55, 56, 57, 58, 59, 60, 61, 62, 63, 64, 65, 66, 67, 68, 69, 70, 71, 72, 73, 74, 75, 76, 77, 78, 79, 80, 81, 82, 83, 84, 85, 86, 87, 88, 89, 90, 91, 92, 93, 94, 95, 96, 97, 98, 99, 100, 101, 102, 103, 104, 105, 106, 107, 108, 109, 110, 111, 112, 113, 114]
YNEW:[0, 0, 0, 0, 0, 0, 0, 0, 0, 0, 0, 0, 0, 0, 0, 0, 0, 0, 0, 0, 0, 0, 0, 0, 0, 0, 0, 0, 0, 0, 0, 0, 0, 0, 0, 0, 0, 0, 0, 0, 0, 0, 0, 0, 0, 0, 0, 0, 0, 0, 0, 0, 0, 0, 0, 0, 1, 2, 2, 3, 4, 3, 4, 3, 7, 7, 11, 9, 13, 12, 13, 8, 19, 19, 15, 16, 20, 16, 16, 16, 12, 8, 11, 16, 19, 21, 21, 14, 15, 17, 16, 14, 14, 11, 10, 10, 10, 14, 10, 9, 8, 10, 8, 10, 6, 8, 3, 4, 5, 7, 4, 4, 2, 1]
YTOT: [0, 0, 0, 0, 0, 0, 0, 0, 0, 0, 0, 0, 0, 0, 0, 0, 0, 0, 0, 0, 0, 0, 0, 0, 0, 0, 0, 0, 0, 0, 0, 0, 0, 0, 0, 0, 0, 0, 0, 0, 0, 0, 0, 0, 0, 0, 0, 0, 0, 0, 0, 0, 0, 0, 0, 0, 1, 3, 5, 8, 12, 15, 19, 22, 29, 36, 47, 56, 69, 81, 94, 102, 121, 140, 155, 171, 191, 207, 223, 239, 251, 259, 270, 286, 305, 326, 347, 361, 376, 393, 409, 423, 437, 448, 458, 468, 478, 492, 502, 511, 519, 529, 537, 547, 553, 561, 564, 568, 573, 580, 584, 588, 590, 591]

INFO: Total Population: 443738
INFO: R0: 2
INFO: Incubation Period: 5
INFO: Illness Period: 7
X:[0, 1, 2, 3, 4, 5, 6, 7, 8, 9, 10, 11, 12, 13, 14, 15, 16, 17, 18, 19, 20, 21, 22, 23, 24, 25, 26, 27, 28, 29, 30, 31, 32, 33, 34, 35, 36, 37, 38, 39, 40, 41, 42, 43, 44, 45, 46, 47, 48, 49, 50, 51, 52, 53, 54, 55, 56, 57, 58, 59, 60, 61, 62, 63, 64, 65, 66, 67, 68, 69, 70, 71, 72, 73, 74, 75, 76, 77, 78, 79, 80, 81, 82, 83, 84, 85, 86, 87, 88, 89, 90, 91, 92, 93, 94, 95, 96, 97, 98, 99, 100, 101, 102, 103, 104, 105, 106, 107, 108, 109, 110, 111, 112, 113, 114, 115, 116]
YNEW:[0, 0, 0, 0, 0, 0, 0, 0, 0, 0, 0, 0, 0, 0, 0, 0, 0, 0, 0, 0, 0, 0, 0, 0, 0, 0, 0, 0, 0, 0, 0, 0, 0, 0, 0, 0, 0, 0, 0, 0, 0, 0, 0, 0, 0, 0, 0, 0, 0, 0, 0, 0, 0, 0, 0, 0, 1, 2, 2, 3, 4, 3, 4, 3, 7, 7, 11, 9, 13, 12, 13, 8, 19, 19, 15, 16, 20, 16, 16, 16, 12, 8, 11, 16, 19, 21, 21, 14, 15, 17, 16, 14, 14, 11, 10, 14, 12, 12, 8, 9, 11, 6, 7, 8, 12, 10, 4, 8, 3, 2, 2, 7, 2, 1, 1, 1]
YTOT: [0, 0, 0, 0, 0, 0, 0, 0, 0, 0, 0, 0, 0, 0, 0, 0, 0, 0, 0, 0, 0, 0, 0, 0, 0, 0, 0, 0, 0, 0, 0, 0, 0, 0, 0, 0, 0, 0, 0, 0, 0, 0, 0, 0, 0, 0, 0, 0, 0, 0, 0, 0, 0, 0, 0, 0, 1, 3, 5, 8, 12, 15, 19, 22, 29, 36, 47, 56, 69, 81, 94, 102, 121, 140, 155, 171, 191, 207, 223, 239, 251, 259, 270, 286, 305, 326, 347, 361, 376, 393, 409, 423, 437, 448, 458, 472, 484, 496, 504, 513, 524, 530, 537, 545, 557, 567, 571, 579, 582, 584, 586, 593, 595, 596, 597, 598]

INFO: Total Population: 443738
INFO: R0: 2
INFO: Incubation Period: 5
INFO: Illness Period: 7
X:[0, 1, 2, 3, 4, 5, 6, 7, 8, 9, 10, 11, 12, 13, 14, 15, 16, 17, 18, 19, 20, 21, 22, 23, 24, 25, 26, 27, 28, 29, 30, 31, 32, 33, 34, 35, 36, 37, 38, 39, 40, 41, 42, 43, 44, 45, 46, 47, 48, 49, 50, 51, 52, 53, 54, 55, 56, 57, 58, 59, 60, 61, 62, 63, 64, 65, 66, 67, 68, 69, 70, 71, 72, 73, 74, 75, 76, 77, 78, 79, 80, 81, 82, 83, 84, 85, 86, 87, 88, 89, 90, 91, 92, 93, 94, 95, 96, 97, 98, 99, 100, 101, 102, 103, 104, 105, 106, 107, 108, 109, 110, 111, 112, 113, 114, 115]
YNEW:[0, 0, 0, 0, 0, 0, 0, 0, 0, 0, 0, 0, 0, 0, 0, 0, 0, 0, 0, 0, 0, 0, 0, 0, 0, 0, 0, 0, 0, 0, 0, 0, 0, 0, 0, 0, 0, 0, 0, 0, 0, 0, 0, 0, 0, 0, 0, 0, 0, 0, 0, 0, 0, 0, 0, 0, 1, 2, 2, 3, 4, 3, 4, 3, 7, 7, 11, 9, 13, 12, 13, 8, 19, 19, 15, 16, 20, 16, 16, 16, 12, 8, 11, 16, 19, 21, 21, 14, 15, 17, 16, 14, 14, 11, 10, 11, 15, 14, 10, 7, 7, 6, 7, 6, 6, 12, 10, 3, 4, 3, 2, 2, 2, 2, 3]
YTOT: [0, 0, 0, 0, 0, 0, 0, 0, 0, 0, 0, 0, 0, 0, 0, 0, 0, 0, 0, 0, 0, 0, 0, 0, 0, 0, 0, 0, 0, 0, 0, 0, 0, 0, 0, 0, 0, 0, 0, 0, 0, 0, 0, 0, 0, 0, 0, 0, 0, 0, 0, 0, 0, 0, 0, 0, 1, 3, 5, 8, 12, 15, 19, 22, 29, 36, 47, 56, 69, 81, 94, 102, 121, 140, 155, 171, 191, 207, 223, 239, 251, 259, 270, 286, 305, 326, 347, 361, 376, 393, 409, 423, 437, 448, 458, 469, 484, 498, 508, 515, 522, 528, 535, 541, 547, 559, 569, 572, 576, 579, 581, 583, 585, 587, 590]

INFO: Total Population: 443738
INFO: R0: 2
INFO: Incubation Period: 5
INFO: Illness Period: 7
X:[0, 1, 2, 3, 4, 5, 6, 7, 8, 9, 10, 11, 12, 13, 14, 15, 16, 17, 18, 19, 20, 21, 22, 23, 24, 25, 26, 27, 28, 29, 30, 31, 32, 33, 34, 35, 36, 37, 38, 39, 40, 41, 42, 43, 44, 45, 46, 47, 48, 49, 50, 51, 52, 53, 54, 55, 56, 57, 58, 59, 60, 61, 62, 63, 64, 65, 66, 67, 68, 69, 70, 71, 72, 73, 74, 75, 76, 77, 78, 79, 80, 81, 82, 83, 84, 85, 86, 87, 88, 89, 90, 91, 92, 93, 94, 95, 96, 97, 98, 99, 100, 101, 102, 103, 104, 105, 106, 107, 108, 109, 110, 111, 112, 113, 114, 115, 116]
YNEW:[0, 0, 0, 0, 0, 0, 0, 0, 0, 0, 0, 0, 0, 0, 0, 0, 0, 0, 0, 0, 0, 0, 0, 0, 0, 0, 0, 0, 0, 0, 0, 0, 0, 0, 0, 0, 0, 0, 0, 0, 0, 0, 0, 0, 0, 0, 0, 0, 0, 0, 0, 0, 0, 0, 0, 0, 1, 2, 2, 3, 4, 3, 4, 3, 7, 7, 11, 9, 13, 12, 13, 8, 19, 19, 15, 16, 20, 16, 16, 16, 12, 8, 11, 16, 19, 21, 21, 14, 15, 17, 16, 14, 14, 11, 10, 12, 9, 15, 9, 9, 13, 13, 9, 4, 9, 11, 5, 7, 4, 1, 9, 1, 3, 1, 3, 1]
YTOT: [0, 0, 0, 0, 0, 0, 0, 0, 0, 0, 0, 0, 0, 0, 0, 0, 0, 0, 0, 0, 0, 0, 0, 0, 0, 0, 0, 0, 0, 0, 0, 0, 0, 0, 0, 0, 0, 0, 0, 0, 0, 0, 0, 0, 0, 0, 0, 0, 0, 0, 0, 0, 0, 0, 0, 0, 1, 3, 5, 8, 12, 15, 19, 22, 29, 36, 47, 56, 69, 81, 94, 102, 121, 140, 155, 171, 191, 207, 223, 239, 251, 259, 270, 286, 305, 326, 347, 361, 376, 393, 409, 423, 437, 448, 458, 470, 479, 494, 503, 512, 525, 538, 547, 551, 560, 571, 576, 583, 587, 588, 597, 598, 601, 602, 605, 606]

INFO: Total Population: 443738
INFO: R0: 2
INFO: Incubation Period: 5
INFO: Illness Period: 7
X:[0, 1, 2, 3, 4, 5, 6, 7, 8, 9, 10, 11, 12, 13, 14, 15, 16, 17, 18, 19, 20, 21, 22, 23, 24, 25, 26, 27, 28, 29, 30, 31, 32, 33, 34, 35, 36, 37, 38, 39, 40, 41, 42, 43, 44, 45, 46, 47, 48, 49, 50, 51, 52, 53, 54, 55, 56, 57, 58, 59, 60, 61, 62, 63, 64, 65, 66, 67, 68, 69, 70, 71, 72, 73, 74, 75, 76, 77, 78, 79, 80, 81, 82, 83, 84, 85, 86, 87, 88, 89, 90, 91, 92, 93, 94, 95, 96, 97, 98, 99, 100, 101, 102, 103, 104, 105, 106, 107, 108, 109, 110, 111, 112, 113, 114]
YNEW:[0, 0, 0, 0, 0, 0, 0, 0, 0, 0, 0, 0, 0, 0, 0, 0, 0, 0, 0, 0, 0, 0, 0, 0, 0, 0, 0, 0, 0, 0, 0, 0, 0, 0, 0, 0, 0, 0, 0, 0, 0, 0, 0, 0, 0, 0, 0, 0, 0, 0, 0, 0, 0, 0, 0, 0, 1, 2, 2, 3, 4, 3, 4, 3, 7, 7, 11, 9, 13, 12, 13, 8, 19, 19, 15, 16, 20, 16, 16, 16, 12, 8, 11, 16, 19, 21, 21, 14, 15, 17, 16, 14, 14, 11, 10, 14, 7, 16, 12, 5, 4, 4, 13, 11, 8, 12, 2, 4, 4, 2, 2, 2, 2, 2]
YTOT: [0, 0, 0, 0, 0, 0, 0, 0, 0, 0, 0, 0, 0, 0, 0, 0, 0, 0, 0, 0, 0, 0, 0, 0, 0, 0, 0, 0, 0, 0, 0, 0, 0, 0, 0, 0, 0, 0, 0, 0, 0, 0, 0, 0, 0, 0, 0, 0, 0, 0, 0, 0, 0, 0, 0, 0, 1, 3, 5, 8, 12, 15, 19, 22, 29, 36, 47, 56, 69, 81, 94, 102, 121, 140, 155, 171, 191, 207, 223, 239, 251, 259, 270, 286, 305, 326, 347, 361, 376, 393, 409, 423, 437, 448, 458, 472, 479, 495, 507, 512, 516, 520, 533, 544, 552, 564, 566, 570, 574, 576, 578, 580, 582, 584]

INFO: Total Population: 443738
INFO: R0: 2
INFO: Incubation Period: 5
INFO: Illness Period: 7
X:[0, 1, 2, 3, 4, 5, 6, 7, 8, 9, 10, 11, 12, 13, 14, 15, 16, 17, 18, 19, 20, 21, 22, 23, 24, 25, 26, 27, 28, 29, 30, 31, 32, 33, 34, 35, 36, 37, 38, 39, 40, 41, 42, 43, 44, 45, 46, 47, 48, 49, 50, 51, 52, 53, 54, 55, 56, 57, 58, 59, 60, 61, 62, 63, 64, 65, 66, 67, 68, 69, 70, 71, 72, 73, 74, 75, 76, 77, 78, 79, 80, 81, 82, 83, 84, 85, 86, 87, 88, 89, 90, 91, 92, 93, 94, 95, 96, 97, 98, 99, 100, 101, 102, 103, 104, 105, 106, 107, 108, 109, 110, 111, 112, 113, 114, 115, 116, 117]
YNEW:[0, 0, 0, 0, 0, 0, 0, 0, 0, 0, 0, 0, 0, 0, 0, 0, 0, 0, 0, 0, 0, 0, 0, 0, 0, 0, 0, 0, 0, 0, 0, 0, 0, 0, 0, 0, 0, 0, 0, 0, 0, 0, 0, 0, 0, 0, 0, 0, 0, 0, 0, 0, 0, 0, 0, 0, 1, 2, 2, 3, 4, 3, 4, 3, 7, 7, 11, 9, 13, 12, 13, 8, 19, 19, 15, 16, 20, 16, 16, 16, 12, 8, 11, 16, 19, 21, 21, 14, 15, 17, 16, 14, 14, 11, 10, 11, 9, 13, 11, 9, 10, 9, 7, 12, 5, 3, 10, 4, 3, 4, 1, 3, 3, 1, 3, 1, 1]
YTOT: [0, 0, 0, 0, 0, 0, 0, 0, 0, 0, 0, 0, 0, 0, 0, 0, 0, 0, 0, 0, 0, 0, 0, 0, 0, 0, 0, 0, 0, 0, 0, 0, 0, 0, 0, 0, 0, 0, 0, 0, 0, 0, 0, 0, 0, 0, 0, 0, 0, 0, 0, 0, 0, 0, 0, 0, 1, 3, 5, 8, 12, 15, 19, 22, 29, 36, 47, 56, 69, 81, 94, 102, 121, 140, 155, 171, 191, 207, 223, 239, 251, 259, 270, 286, 305, 326, 347, 361, 376, 393, 409, 423, 437, 448, 458, 469, 478, 491, 502, 511, 521, 530, 537, 549, 554, 557, 567, 571, 574, 578, 579, 582, 585, 586, 589, 590, 591]

INFO: Total Population: 443738
INFO: R0: 2
INFO: Incubation Period: 5
INFO: Illness Period: 7
X:[0, 1, 2, 3, 4, 5, 6, 7, 8, 9, 10, 11, 12, 13, 14, 15, 16, 17, 18, 19, 20, 21, 22, 23, 24, 25, 26, 27, 28, 29, 30, 31, 32, 33, 34, 35, 36, 37, 38, 39, 40, 41, 42, 43, 44, 45, 46, 47, 48, 49, 50, 51, 52, 53, 54, 55, 56, 57, 58, 59, 60, 61, 62, 63, 64, 65, 66, 67, 68, 69, 70, 71, 72, 73, 74, 75, 76, 77, 78, 79, 80, 81, 82, 83, 84, 85, 86, 87, 88, 89, 90, 91, 92, 93, 94, 95, 96, 97, 98, 99, 100, 101, 102, 103, 104, 105, 106, 107, 108, 109, 110, 111, 112]
YNEW:[0, 0, 0, 0, 0, 0, 0, 0, 0, 0, 0, 0, 0, 0, 0, 0, 0, 0, 0, 0, 0, 0, 0, 0, 0, 0, 0, 0, 0, 0, 0, 0, 0, 0, 0, 0, 0, 0, 0, 0, 0, 0, 0, 0, 0, 0, 0, 0, 0, 0, 0, 0, 0, 0, 0, 0, 1, 2, 2, 3, 4, 3, 4, 3, 7, 7, 11, 9, 13, 12, 13, 8, 19, 19, 15, 16, 20, 16, 16, 16, 12, 8, 11, 16, 19, 21, 21, 14, 15, 17, 16, 14, 14, 11, 10, 11, 9, 9, 7, 7, 6, 11, 10, 6, 10, 8, 7, 5, 3, 2, 4, 1]
YTOT: [0, 0, 0, 0, 0, 0, 0, 0, 0, 0, 0, 0, 0, 0, 0, 0, 0, 0, 0, 0, 0, 0, 0, 0, 0, 0, 0, 0, 0, 0, 0, 0, 0, 0, 0, 0, 0, 0, 0, 0, 0, 0, 0, 0, 0, 0, 0, 0, 0, 0, 0, 0, 0, 0, 0, 0, 1, 3, 5, 8, 12, 15, 19, 22, 29, 36, 47, 56, 69, 81, 94, 102, 121, 140, 155, 171, 191, 207, 223, 239, 251, 259, 270, 286, 305, 326, 347, 361, 376, 393, 409, 423, 437, 448, 458, 469, 478, 487, 494, 501, 507, 518, 528, 534, 544, 552, 559, 564, 567, 569, 573, 574]

END