

INFO: Total Population: 1133247
INFO: R0: 2
INFO: Incubation Period: 5
INFO: Illness Period: 7
X:[0, 1, 2, 3, 4, 5, 6, 7, 8, 9, 10, 11, 12, 13, 14, 15, 16, 17, 18, 19, 20, 21, 22, 23, 24, 25, 26, 27, 28, 29, 30, 31, 32, 33, 34, 35, 36, 37, 38, 39, 40, 41, 42, 43, 44, 45, 46, 47, 48, 49, 50, 51, 52, 53, 54, 55, 56, 57, 58, 59, 60, 61, 62, 63, 64, 65, 66, 67, 68, 69, 70, 71, 72, 73, 74, 75, 76, 77, 78, 79, 80, 81, 82, 83, 84, 85, 86, 87, 88, 89, 90, 91, 92, 93, 94, 95, 96, 97, 98, 99, 100, 101, 102, 103, 104, 105, 106, 107, 108, 109]
YNEW:[0, 0, 0, 0, 0, 0, 0, 0, 0, 0, 0, 0, 0, 0, 0, 0, 0, 0, 0, 0, 0, 0, 0, 0, 0, 0, 0, 0, 0, 0, 0, 0, 0, 0, 0, 0, 0, 0, 0, 0, 0, 0, 0, 0, 1, 1, 2, 2, 2, 1, 1, 5, 5, 4, 4, 5, 3, 3, 3, 4, 6, 8, 11, 15, 19, 20, 20, 15, 13, 20, 23, 25, 28, 35, 35, 34, 31, 27, 24, 24, 22, 18, 16, 26, 23, 21, 20, 25, 19, 18, 19, 22, 18, 15, 18, 12, 18, 20, 18, 16, 13, 18, 10, 4, 11, 8, 4, 6, 1]
YTOT: [0, 0, 0, 0, 0, 0, 0, 0, 0, 0, 0, 0, 0, 0, 0, 0, 0, 0, 0, 0, 0, 0, 0, 0, 0, 0, 0, 0, 0, 0, 0, 0, 0, 0, 0, 0, 0, 0, 0, 0, 0, 0, 0, 0, 1, 2, 4, 6, 8, 9, 10, 15, 20, 24, 28, 33, 36, 39, 42, 46, 52, 60, 71, 86, 105, 125, 145, 160, 173, 193, 216, 241, 269, 304, 339, 373, 404, 431, 455, 479, 501, 519, 535, 561, 584, 605, 625, 650, 669, 687, 706, 728, 746, 761, 779, 791, 809, 829, 847, 863, 876, 894, 904, 908, 919, 927, 931, 937, 938]

INFO: Total Population: 1133247
INFO: R0: 2
INFO: Incubation Period: 5
INFO: Illness Period: 7
X:[0, 1, 2, 3, 4, 5, 6, 7, 8, 9, 10, 11, 12, 13, 14, 15, 16, 17, 18, 19, 20, 21, 22, 23, 24, 25, 26, 27, 28, 29, 30, 31, 32, 33, 34, 35, 36, 37, 38, 39, 40, 41, 42, 43, 44, 45, 46, 47, 48, 49, 50, 51, 52, 53, 54, 55, 56, 57, 58, 59, 60, 61, 62, 63, 64, 65, 66, 67, 68, 69, 70, 71, 72, 73, 74, 75, 76, 77, 78, 79, 80, 81, 82, 83, 84, 85, 86, 87, 88, 89, 90, 91, 92, 93, 94, 95, 96, 97, 98, 99, 100, 101, 102, 103, 104, 105, 106, 107, 108, 109, 110]
YNEW:[0, 0, 0, 0, 0, 0, 0, 0, 0, 0, 0, 0, 0, 0, 0, 0, 0, 0, 0, 0, 0, 0, 0, 0, 0, 0, 0, 0, 0, 0, 0, 0, 0, 0, 0, 0, 0, 0, 0, 0, 0, 0, 0, 0, 1, 1, 2, 2, 2, 1, 1, 5, 5, 4, 4, 5, 3, 3, 3, 4, 6, 8, 11, 15, 19, 20, 20, 15, 13, 20, 23, 25, 28, 35, 35, 34, 31, 27, 24, 24, 22, 18, 16, 26, 23, 21, 20, 25, 19, 18, 18, 26, 14, 12, 7, 21, 18, 15, 19, 16, 14, 10, 16, 3, 2, 6, 10, 4, 2, 3]
YTOT: [0, 0, 0, 0, 0, 0, 0, 0, 0, 0, 0, 0, 0, 0, 0, 0, 0, 0, 0, 0, 0, 0, 0, 0, 0, 0, 0, 0, 0, 0, 0, 0, 0, 0, 0, 0, 0, 0, 0, 0, 0, 0, 0, 0, 1, 2, 4, 6, 8, 9, 10, 15, 20, 24, 28, 33, 36, 39, 42, 46, 52, 60, 71, 86, 105, 125, 145, 160, 173, 193, 216, 241, 269, 304, 339, 373, 404, 431, 455, 479, 501, 519, 535, 561, 584, 605, 625, 650, 669, 687, 705, 731, 745, 757, 764, 785, 803, 818, 837, 853, 867, 877, 893, 896, 898, 904, 914, 918, 920, 923]

INFO: Total Population: 1133247
INFO: R0: 2
INFO: Incubation Period: 5
INFO: Illness Period: 7
X:[0, 1, 2, 3, 4, 5, 6, 7, 8, 9, 10, 11, 12, 13, 14, 15, 16, 17, 18, 19, 20, 21, 22, 23, 24, 25, 26, 27, 28, 29, 30, 31, 32, 33, 34, 35, 36, 37, 38, 39, 40, 41, 42, 43, 44, 45, 46, 47, 48, 49, 50, 51, 52, 53, 54, 55, 56, 57, 58, 59, 60, 61, 62, 63, 64, 65, 66, 67, 68, 69, 70, 71, 72, 73, 74, 75, 76, 77, 78, 79, 80, 81, 82, 83, 84, 85, 86, 87, 88, 89, 90, 91, 92, 93, 94, 95, 96, 97, 98, 99, 100, 101, 102, 103, 104, 105, 106, 107, 108, 109, 110]
YNEW:[0, 0, 0, 0, 0, 0, 0, 0, 0, 0, 0, 0, 0, 0, 0, 0, 0, 0, 0, 0, 0, 0, 0, 0, 0, 0, 0, 0, 0, 0, 0, 0, 0, 0, 0, 0, 0, 0, 0, 0, 0, 0, 0, 0, 1, 1, 2, 2, 2, 1, 1, 5, 5, 4, 4, 5, 3, 3, 3, 4, 6, 8, 11, 15, 19, 20, 20, 15, 13, 20, 23, 25, 28, 35, 35, 34, 31, 27, 24, 24, 22, 18, 16, 26, 23, 21, 20, 25, 19, 18, 17, 17, 19, 18, 17, 8, 12, 20, 16, 17, 21, 9, 12, 7, 5, 10, 4, 3, 2, 3]
YTOT: [0, 0, 0, 0, 0, 0, 0, 0, 0, 0, 0, 0, 0, 0, 0, 0, 0, 0, 0, 0, 0, 0, 0, 0, 0, 0, 0, 0, 0, 0, 0, 0, 0, 0, 0, 0, 0, 0, 0, 0, 0, 0, 0, 0, 1, 2, 4, 6, 8, 9, 10, 15, 20, 24, 28, 33, 36, 39, 42, 46, 52, 60, 71, 86, 105, 125, 145, 160, 173, 193, 216, 241, 269, 304, 339, 373, 404, 431, 455, 479, 501, 519, 535, 561, 584, 605, 625, 650, 669, 687, 704, 721, 740, 758, 775, 783, 795, 815, 831, 848, 869, 878, 890, 897, 902, 912, 916, 919, 921, 924]

INFO: Total Population: 1133247
INFO: R0: 2
INFO: Incubation Period: 5
INFO: Illness Period: 7
X:[0, 1, 2, 3, 4, 5, 6, 7, 8, 9, 10, 11, 12, 13, 14, 15, 16, 17, 18, 19, 20, 21, 22, 23, 24, 25, 26, 27, 28, 29, 30, 31, 32, 33, 34, 35, 36, 37, 38, 39, 40, 41, 42, 43, 44, 45, 46, 47, 48, 49, 50, 51, 52, 53, 54, 55, 56, 57, 58, 59, 60, 61, 62, 63, 64, 65, 66, 67, 68, 69, 70, 71, 72, 73, 74, 75, 76, 77, 78, 79, 80, 81, 82, 83, 84, 85, 86, 87, 88, 89, 90, 91, 92, 93, 94, 95, 96, 97, 98, 99, 100, 101, 102, 103, 104, 105, 106, 107, 108, 109, 110, 111]
YNEW:[0, 0, 0, 0, 0, 0, 0, 0, 0, 0, 0, 0, 0, 0, 0, 0, 0, 0, 0, 0, 0, 0, 0, 0, 0, 0, 0, 0, 0, 0, 0, 0, 0, 0, 0, 0, 0, 0, 0, 0, 0, 0, 0, 0, 1, 1, 2, 2, 2, 1, 1, 5, 5, 4, 4, 5, 3, 3, 3, 4, 6, 8, 11, 15, 19, 20, 20, 15, 13, 20, 23, 25, 28, 35, 35, 34, 31, 27, 24, 24, 22, 18, 16, 26, 23, 21, 20, 25, 19, 18, 16, 12, 20, 20, 13, 18, 16, 15, 20, 16, 7, 16, 9, 8, 17, 7, 5, 4, 2, 1, 1]
YTOT: [0, 0, 0, 0, 0, 0, 0, 0, 0, 0, 0, 0, 0, 0, 0, 0, 0, 0, 0, 0, 0, 0, 0, 0, 0, 0, 0, 0, 0, 0, 0, 0, 0, 0, 0, 0, 0, 0, 0, 0, 0, 0, 0, 0, 1, 2, 4, 6, 8, 9, 10, 15, 20, 24, 28, 33, 36, 39, 42, 46, 52, 60, 71, 86, 105, 125, 145, 160, 173, 193, 216, 241, 269, 304, 339, 373, 404, 431, 455, 479, 501, 519, 535, 561, 584, 605, 625, 650, 669, 687, 703, 715, 735, 755, 768, 786, 802, 817, 837, 853, 860, 876, 885, 893, 910, 917, 922, 926, 928, 929, 930]

INFO: Total Population: 1133247
INFO: R0: 2
INFO: Incubation Period: 5
INFO: Illness Period: 7
X:[0, 1, 2, 3, 4, 5, 6, 7, 8, 9, 10, 11, 12, 13, 14, 15, 16, 17, 18, 19, 20, 21, 22, 23, 24, 25, 26, 27, 28, 29, 30, 31, 32, 33, 34, 35, 36, 37, 38, 39, 40, 41, 42, 43, 44, 45, 46, 47, 48, 49, 50, 51, 52, 53, 54, 55, 56, 57, 58, 59, 60, 61, 62, 63, 64, 65, 66, 67, 68, 69, 70, 71, 72, 73, 74, 75, 76, 77, 78, 79, 80, 81, 82, 83, 84, 85, 86, 87, 88, 89, 90, 91, 92, 93, 94, 95, 96, 97, 98, 99, 100, 101, 102, 103, 104, 105, 106, 107, 108, 109, 110, 111]
YNEW:[0, 0, 0, 0, 0, 0, 0, 0, 0, 0, 0, 0, 0, 0, 0, 0, 0, 0, 0, 0, 0, 0, 0, 0, 0, 0, 0, 0, 0, 0, 0, 0, 0, 0, 0, 0, 0, 0, 0, 0, 0, 0, 0, 0, 1, 1, 2, 2, 2, 1, 1, 5, 5, 4, 4, 5, 3, 3, 3, 4, 6, 8, 11, 15, 19, 20, 20, 15, 13, 20, 23, 25, 28, 35, 35, 34, 31, 27, 24, 24, 22, 18, 16, 26, 23, 21, 20, 25, 19, 18, 16, 10, 23, 20, 16, 7, 16, 13, 17, 19, 13, 13, 12, 7, 10, 7, 2, 1, 2, 2, 1]
YTOT: [0, 0, 0, 0, 0, 0, 0, 0, 0, 0, 0, 0, 0, 0, 0, 0, 0, 0, 0, 0, 0, 0, 0, 0, 0, 0, 0, 0, 0, 0, 0, 0, 0, 0, 0, 0, 0, 0, 0, 0, 0, 0, 0, 0, 1, 2, 4, 6, 8, 9, 10, 15, 20, 24, 28, 33, 36, 39, 42, 46, 52, 60, 71, 86, 105, 125, 145, 160, 173, 193, 216, 241, 269, 304, 339, 373, 404, 431, 455, 479, 501, 519, 535, 561, 584, 605, 625, 650, 669, 687, 703, 713, 736, 756, 772, 779, 795, 808, 825, 844, 857, 870, 882, 889, 899, 906, 908, 909, 911, 913, 914]

INFO: Total Population: 1133247
INFO: R0: 2
INFO: Incubation Period: 5
INFO: Illness Period: 7
X:[0, 1, 2, 3, 4, 5, 6, 7, 8, 9, 10, 11, 12, 13, 14, 15, 16, 17, 18, 19, 20, 21, 22, 23, 24, 25, 26, 27, 28, 29, 30, 31, 32, 33, 34, 35, 36, 37, 38, 39, 40, 41, 42, 43, 44, 45, 46, 47, 48, 49, 50, 51, 52, 53, 54, 55, 56, 57, 58, 59, 60, 61, 62, 63, 64, 65, 66, 67, 68, 69, 70, 71, 72, 73, 74, 75, 76, 77, 78, 79, 80, 81, 82, 83, 84, 85, 86, 87, 88, 89, 90, 91, 92, 93, 94, 95, 96, 97, 98, 99, 100, 101, 102, 103, 104, 105, 106, 107, 108, 109, 110]
YNEW:[0, 0, 0, 0, 0, 0, 0, 0, 0, 0, 0, 0, 0, 0, 0, 0, 0, 0, 0, 0, 0, 0, 0, 0, 0, 0, 0, 0, 0, 0, 0, 0, 0, 0, 0, 0, 0, 0, 0, 0, 0, 0, 0, 0, 1, 1, 2, 2, 2, 1, 1, 5, 5, 4, 4, 5, 3, 3, 3, 4, 6, 8, 11, 15, 19, 20, 20, 15, 13, 20, 23, 25, 28, 35, 35, 34, 31, 27, 24, 24, 22, 18, 16, 26, 23, 21, 20, 25, 19, 18, 18, 17, 16, 15, 9, 13, 16, 16, 24, 20, 21, 4, 10, 6, 8, 6, 3, 2, 2, 1]
YTOT: [0, 0, 0, 0, 0, 0, 0, 0, 0, 0, 0, 0, 0, 0, 0, 0, 0, 0, 0, 0, 0, 0, 0, 0, 0, 0, 0, 0, 0, 0, 0, 0, 0, 0, 0, 0, 0, 0, 0, 0, 0, 0, 0, 0, 1, 2, 4, 6, 8, 9, 10, 15, 20, 24, 28, 33, 36, 39, 42, 46, 52, 60, 71, 86, 105, 125, 145, 160, 173, 193, 216, 241, 269, 304, 339, 373, 404, 431, 455, 479, 501, 519, 535, 561, 584, 605, 625, 650, 669, 687, 705, 722, 738, 753, 762, 775, 791, 807, 831, 851, 872, 876, 886, 892, 900, 906, 909, 911, 913, 914]

INFO: Total Population: 1133247
INFO: R0: 2
INFO: Incubation Period: 5
INFO: Illness Period: 7
X:[0, 1, 2, 3, 4, 5, 6, 7, 8, 9, 10, 11, 12, 13, 14, 15, 16, 17, 18, 19, 20, 21, 22, 23, 24, 25, 26, 27, 28, 29, 30, 31, 32, 33, 34, 35, 36, 37, 38, 39, 40, 41, 42, 43, 44, 45, 46, 47, 48, 49, 50, 51, 52, 53, 54, 55, 56, 57, 58, 59, 60, 61, 62, 63, 64, 65, 66, 67, 68, 69, 70, 71, 72, 73, 74, 75, 76, 77, 78, 79, 80, 81, 82, 83, 84, 85, 86, 87, 88, 89, 90, 91, 92, 93, 94, 95, 96, 97, 98, 99, 100, 101, 102, 103, 104, 105, 106, 107, 108, 109, 110, 111]
YNEW:[0, 0, 0, 0, 0, 0, 0, 0, 0, 0, 0, 0, 0, 0, 0, 0, 0, 0, 0, 0, 0, 0, 0, 0, 0, 0, 0, 0, 0, 0, 0, 0, 0, 0, 0, 0, 0, 0, 0, 0, 0, 0, 0, 0, 1, 1, 2, 2, 2, 1, 1, 5, 5, 4, 4, 5, 3, 3, 3, 4, 6, 8, 11, 15, 19, 20, 20, 15, 13, 20, 23, 25, 28, 35, 35, 34, 31, 27, 24, 24, 22, 18, 16, 26, 23, 21, 20, 25, 19, 18, 22, 11, 17, 14, 20, 13, 17, 18, 15, 18, 15, 13, 9, 9, 5, 9, 6, 4, 5, 1, 1]
YTOT: [0, 0, 0, 0, 0, 0, 0, 0, 0, 0, 0, 0, 0, 0, 0, 0, 0, 0, 0, 0, 0, 0, 0, 0, 0, 0, 0, 0, 0, 0, 0, 0, 0, 0, 0, 0, 0, 0, 0, 0, 0, 0, 0, 0, 1, 2, 4, 6, 8, 9, 10, 15, 20, 24, 28, 33, 36, 39, 42, 46, 52, 60, 71, 86, 105, 125, 145, 160, 173, 193, 216, 241, 269, 304, 339, 373, 404, 431, 455, 479, 501, 519, 535, 561, 584, 605, 625, 650, 669, 687, 709, 720, 737, 751, 771, 784, 801, 819, 834, 852, 867, 880, 889, 898, 903, 912, 918, 922, 927, 928, 929]

INFO: Total Population: 1133247
INFO: R0: 2
INFO: Incubation Period: 5
INFO: Illness Period: 7
X:[0, 1, 2, 3, 4, 5, 6, 7, 8, 9, 10, 11, 12, 13, 14, 15, 16, 17, 18, 19, 20, 21, 22, 23, 24, 25, 26, 27, 28, 29, 30, 31, 32, 33, 34, 35, 36, 37, 38, 39, 40, 41, 42, 43, 44, 45, 46, 47, 48, 49, 50, 51, 52, 53, 54, 55, 56, 57, 58, 59, 60, 61, 62, 63, 64, 65, 66, 67, 68, 69, 70, 71, 72, 73, 74, 75, 76, 77, 78, 79, 80, 81, 82, 83, 84, 85, 86, 87, 88, 89, 90, 91, 92, 93, 94, 95, 96, 97, 98, 99, 100, 101, 102, 103, 104, 105, 106, 107, 108, 109, 110, 111]
YNEW:[0, 0, 0, 0, 0, 0, 0, 0, 0, 0, 0, 0, 0, 0, 0, 0, 0, 0, 0, 0, 0, 0, 0, 0, 0, 0, 0, 0, 0, 0, 0, 0, 0, 0, 0, 0, 0, 0, 0, 0, 0, 0, 0, 0, 1, 1, 2, 2, 2, 1, 1, 5, 5, 4, 4, 5, 3, 3, 3, 4, 6, 8, 11, 15, 19, 20, 20, 15, 13, 20, 23, 25, 28, 35, 35, 34, 31, 27, 24, 24, 22, 18, 16, 26, 23, 21, 20, 25, 19, 18, 15, 23, 17, 11, 16, 13, 17, 17, 18, 22, 16, 19, 7, 6, 4, 6, 7, 3, 5, 3, 2]
YTOT: [0, 0, 0, 0, 0, 0, 0, 0, 0, 0, 0, 0, 0, 0, 0, 0, 0, 0, 0, 0, 0, 0, 0, 0, 0, 0, 0, 0, 0, 0, 0, 0, 0, 0, 0, 0, 0, 0, 0, 0, 0, 0, 0, 0, 1, 2, 4, 6, 8, 9, 10, 15, 20, 24, 28, 33, 36, 39, 42, 46, 52, 60, 71, 86, 105, 125, 145, 160, 173, 193, 216, 241, 269, 304, 339, 373, 404, 431, 455, 479, 501, 519, 535, 561, 584, 605, 625, 650, 669, 687, 702, 725, 742, 753, 769, 782, 799, 816, 834, 856, 872, 891, 898, 904, 908, 914, 921, 924, 929, 932, 934]

INFO: Total Population: 1133247
INFO: R0: 2
INFO: Incubation Period: 5
INFO: Illness Period: 7
X:[0, 1, 2, 3, 4, 5, 6, 7, 8, 9, 10, 11, 12, 13, 14, 15, 16, 17, 18, 19, 20, 21, 22, 23, 24, 25, 26, 27, 28, 29, 30, 31, 32, 33, 34, 35, 36, 37, 38, 39, 40, 41, 42, 43, 44, 45, 46, 47, 48, 49, 50, 51, 52, 53, 54, 55, 56, 57, 58, 59, 60, 61, 62, 63, 64, 65, 66, 67, 68, 69, 70, 71, 72, 73, 74, 75, 76, 77, 78, 79, 80, 81, 82, 83, 84, 85, 86, 87, 88, 89, 90, 91, 92, 93, 94, 95, 96, 97, 98, 99, 100, 101, 102, 103, 104, 105, 106, 107, 108, 109, 110, 111]
YNEW:[0, 0, 0, 0, 0, 0, 0, 0, 0, 0, 0, 0, 0, 0, 0, 0, 0, 0, 0, 0, 0, 0, 0, 0, 0, 0, 0, 0, 0, 0, 0, 0, 0, 0, 0, 0, 0, 0, 0, 0, 0, 0, 0, 0, 1, 1, 2, 2, 2, 1, 1, 5, 5, 4, 4, 5, 3, 3, 3, 4, 6, 8, 11, 15, 19, 20, 20, 15, 13, 20, 23, 25, 28, 35, 35, 34, 31, 27, 24, 24, 22, 18, 16, 26, 23, 21, 20, 25, 19, 18, 19, 15, 17, 19, 14, 11, 22, 18, 15, 20, 12, 11, 16, 12, 7, 3, 5, 2, 3, 1, 1]
YTOT: [0, 0, 0, 0, 0, 0, 0, 0, 0, 0, 0, 0, 0, 0, 0, 0, 0, 0, 0, 0, 0, 0, 0, 0, 0, 0, 0, 0, 0, 0, 0, 0, 0, 0, 0, 0, 0, 0, 0, 0, 0, 0, 0, 0, 1, 2, 4, 6, 8, 9, 10, 15, 20, 24, 28, 33, 36, 39, 42, 46, 52, 60, 71, 86, 105, 125, 145, 160, 173, 193, 216, 241, 269, 304, 339, 373, 404, 431, 455, 479, 501, 519, 535, 561, 584, 605, 625, 650, 669, 687, 706, 721, 738, 757, 771, 782, 804, 822, 837, 857, 869, 880, 896, 908, 915, 918, 923, 925, 928, 929, 930]

INFO: Total Population: 1133247
INFO: R0: 2
INFO: Incubation Period: 5
INFO: Illness Period: 7
X:[0, 1, 2, 3, 4, 5, 6, 7, 8, 9, 10, 11, 12, 13, 14, 15, 16, 17, 18, 19, 20, 21, 22, 23, 24, 25, 26, 27, 28, 29, 30, 31, 32, 33, 34, 35, 36, 37, 38, 39, 40, 41, 42, 43, 44, 45, 46, 47, 48, 49, 50, 51, 52, 53, 54, 55, 56, 57, 58, 59, 60, 61, 62, 63, 64, 65, 66, 67, 68, 69, 70, 71, 72, 73, 74, 75, 76, 77, 78, 79, 80, 81, 82, 83, 84, 85, 86, 87, 88, 89, 90, 91, 92, 93, 94, 95, 96, 97, 98, 99, 100, 101, 102, 103, 104, 105, 106, 107, 108, 109, 110, 111, 112]
YNEW:[0, 0, 0, 0, 0, 0, 0, 0, 0, 0, 0, 0, 0, 0, 0, 0, 0, 0, 0, 0, 0, 0, 0, 0, 0, 0, 0, 0, 0, 0, 0, 0, 0, 0, 0, 0, 0, 0, 0, 0, 0, 0, 0, 0, 1, 1, 2, 2, 2, 1, 1, 5, 5, 4, 4, 5, 3, 3, 3, 4, 6, 8, 11, 15, 19, 20, 20, 15, 13, 20, 23, 25, 28, 35, 35, 34, 31, 27, 24, 24, 22, 18, 16, 26, 23, 21, 20, 25, 19, 18, 23, 19, 15, 15, 17, 22, 19, 15, 12, 17, 19, 14, 11, 13, 9, 10, 7, 6, 1, 1, 3, 1]
YTOT: [0, 0, 0, 0, 0, 0, 0, 0, 0, 0, 0, 0, 0, 0, 0, 0, 0, 0, 0, 0, 0, 0, 0, 0, 0, 0, 0, 0, 0, 0, 0, 0, 0, 0, 0, 0, 0, 0, 0, 0, 0, 0, 0, 0, 1, 2, 4, 6, 8, 9, 10, 15, 20, 24, 28, 33, 36, 39, 42, 46, 52, 60, 71, 86, 105, 125, 145, 160, 173, 193, 216, 241, 269, 304, 339, 373, 404, 431, 455, 479, 501, 519, 535, 561, 584, 605, 625, 650, 669, 687, 710, 729, 744, 759, 776, 798, 817, 832, 844, 861, 880, 894, 905, 918, 927, 937, 944, 950, 951, 952, 955, 956]

INFO: Total Population: 1133247
INFO: R0: 2
INFO: Incubation Period: 5
INFO: Illness Period: 7
X:[0, 1, 2, 3, 4, 5, 6, 7, 8, 9, 10, 11, 12, 13, 14, 15, 16, 17, 18, 19, 20, 21, 22, 23, 24, 25, 26, 27, 28, 29, 30, 31, 32, 33, 34, 35, 36, 37, 38, 39, 40, 41, 42, 43, 44, 45, 46, 47, 48, 49, 50, 51, 52, 53, 54, 55, 56, 57, 58, 59, 60, 61, 62, 63, 64, 65, 66, 67, 68, 69, 70, 71, 72, 73, 74, 75, 76, 77, 78, 79, 80, 81, 82, 83, 84, 85, 86, 87, 88, 89, 90, 91, 92, 93, 94, 95, 96, 97, 98, 99, 100, 101, 102, 103, 104, 105, 106, 107, 108, 109, 110]
YNEW:[0, 0, 0, 0, 0, 0, 0, 0, 0, 0, 0, 0, 0, 0, 0, 0, 0, 0, 0, 0, 0, 0, 0, 0, 0, 0, 0, 0, 0, 0, 0, 0, 0, 0, 0, 0, 0, 0, 0, 0, 0, 0, 0, 0, 1, 1, 2, 2, 2, 1, 1, 5, 5, 4, 4, 5, 3, 3, 3, 4, 6, 8, 11, 15, 19, 20, 20, 15, 13, 20, 23, 25, 28, 35, 35, 34, 31, 27, 24, 24, 22, 18, 16, 26, 23, 21, 20, 25, 19, 18, 23, 19, 15, 15, 15, 15, 11, 16, 18, 19, 23, 9, 9, 12, 3, 7, 5, 2, 3, 1]
YTOT: [0, 0, 0, 0, 0, 0, 0, 0, 0, 0, 0, 0, 0, 0, 0, 0, 0, 0, 0, 0, 0, 0, 0, 0, 0, 0, 0, 0, 0, 0, 0, 0, 0, 0, 0, 0, 0, 0, 0, 0, 0, 0, 0, 0, 1, 2, 4, 6, 8, 9, 10, 15, 20, 24, 28, 33, 36, 39, 42, 46, 52, 60, 71, 86, 105, 125, 145, 160, 173, 193, 216, 241, 269, 304, 339, 373, 404, 431, 455, 479, 501, 519, 535, 561, 584, 605, 625, 650, 669, 687, 710, 729, 744, 759, 774, 789, 800, 816, 834, 853, 876, 885, 894, 906, 909, 916, 921, 923, 926, 927]

INFO: Total Population: 1133247
INFO: R0: 2
INFO: Incubation Period: 5
INFO: Illness Period: 7
X:[0, 1, 2, 3, 4, 5, 6, 7, 8, 9, 10, 11, 12, 13, 14, 15, 16, 17, 18, 19, 20, 21, 22, 23, 24, 25, 26, 27, 28, 29, 30, 31, 32, 33, 34, 35, 36, 37, 38, 39, 40, 41, 42, 43, 44, 45, 46, 47, 48, 49, 50, 51, 52, 53, 54, 55, 56, 57, 58, 59, 60, 61, 62, 63, 64, 65, 66, 67, 68, 69, 70, 71, 72, 73, 74, 75, 76, 77, 78, 79, 80, 81, 82, 83, 84, 85, 86, 87, 88, 89, 90, 91, 92, 93, 94, 95, 96, 97, 98, 99, 100, 101, 102, 103, 104, 105, 106, 107, 108, 109, 110, 111]
YNEW:[0, 0, 0, 0, 0, 0, 0, 0, 0, 0, 0, 0, 0, 0, 0, 0, 0, 0, 0, 0, 0, 0, 0, 0, 0, 0, 0, 0, 0, 0, 0, 0, 0, 0, 0, 0, 0, 0, 0, 0, 0, 0, 0, 0, 1, 1, 2, 2, 2, 1, 1, 5, 5, 4, 4, 5, 3, 3, 3, 4, 6, 8, 11, 15, 19, 20, 20, 15, 13, 20, 23, 25, 28, 35, 35, 34, 31, 27, 24, 24, 22, 18, 16, 26, 23, 21, 20, 25, 19, 18, 14, 19, 18, 18, 16, 8, 20, 19, 24, 19, 15, 11, 7, 8, 6, 5, 5, 3, 3, 2, 1]
YTOT: [0, 0, 0, 0, 0, 0, 0, 0, 0, 0, 0, 0, 0, 0, 0, 0, 0, 0, 0, 0, 0, 0, 0, 0, 0, 0, 0, 0, 0, 0, 0, 0, 0, 0, 0, 0, 0, 0, 0, 0, 0, 0, 0, 0, 1, 2, 4, 6, 8, 9, 10, 15, 20, 24, 28, 33, 36, 39, 42, 46, 52, 60, 71, 86, 105, 125, 145, 160, 173, 193, 216, 241, 269, 304, 339, 373, 404, 431, 455, 479, 501, 519, 535, 561, 584, 605, 625, 650, 669, 687, 701, 720, 738, 756, 772, 780, 800, 819, 843, 862, 877, 888, 895, 903, 909, 914, 919, 922, 925, 927, 928]

INFO: Total Population: 1133247
INFO: R0: 2
INFO: Incubation Period: 5
INFO: Illness Period: 7
X:[0, 1, 2, 3, 4, 5, 6, 7, 8, 9, 10, 11, 12, 13, 14, 15, 16, 17, 18, 19, 20, 21, 22, 23, 24, 25, 26, 27, 28, 29, 30, 31, 32, 33, 34, 35, 36, 37, 38, 39, 40, 41, 42, 43, 44, 45, 46, 47, 48, 49, 50, 51, 52, 53, 54, 55, 56, 57, 58, 59, 60, 61, 62, 63, 64, 65, 66, 67, 68, 69, 70, 71, 72, 73, 74, 75, 76, 77, 78, 79, 80, 81, 82, 83, 84, 85, 86, 87, 88, 89, 90, 91, 92, 93, 94, 95, 96, 97, 98, 99, 100, 101, 102, 103, 104, 105, 106, 107, 108, 109, 110, 111]
YNEW:[0, 0, 0, 0, 0, 0, 0, 0, 0, 0, 0, 0, 0, 0, 0, 0, 0, 0, 0, 0, 0, 0, 0, 0, 0, 0, 0, 0, 0, 0, 0, 0, 0, 0, 0, 0, 0, 0, 0, 0, 0, 0, 0, 0, 1, 1, 2, 2, 2, 1, 1, 5, 5, 4, 4, 5, 3, 3, 3, 4, 6, 8, 11, 15, 19, 20, 20, 15, 13, 20, 23, 25, 28, 35, 35, 34, 31, 27, 24, 24, 22, 18, 16, 26, 23, 21, 20, 25, 19, 18, 19, 23, 17, 19, 14, 14, 14, 14, 26, 21, 15, 10, 11, 3, 13, 11, 2, 2, 2, 1, 1]
YTOT: [0, 0, 0, 0, 0, 0, 0, 0, 0, 0, 0, 0, 0, 0, 0, 0, 0, 0, 0, 0, 0, 0, 0, 0, 0, 0, 0, 0, 0, 0, 0, 0, 0, 0, 0, 0, 0, 0, 0, 0, 0, 0, 0, 0, 1, 2, 4, 6, 8, 9, 10, 15, 20, 24, 28, 33, 36, 39, 42, 46, 52, 60, 71, 86, 105, 125, 145, 160, 173, 193, 216, 241, 269, 304, 339, 373, 404, 431, 455, 479, 501, 519, 535, 561, 584, 605, 625, 650, 669, 687, 706, 729, 746, 765, 779, 793, 807, 821, 847, 868, 883, 893, 904, 907, 920, 931, 933, 935, 937, 938, 939]

INFO: Total Population: 1133247
INFO: R0: 2
INFO: Incubation Period: 5
INFO: Illness Period: 7
X:[0, 1, 2, 3, 4, 5, 6, 7, 8, 9, 10, 11, 12, 13, 14, 15, 16, 17, 18, 19, 20, 21, 22, 23, 24, 25, 26, 27, 28, 29, 30, 31, 32, 33, 34, 35, 36, 37, 38, 39, 40, 41, 42, 43, 44, 45, 46, 47, 48, 49, 50, 51, 52, 53, 54, 55, 56, 57, 58, 59, 60, 61, 62, 63, 64, 65, 66, 67, 68, 69, 70, 71, 72, 73, 74, 75, 76, 77, 78, 79, 80, 81, 82, 83, 84, 85, 86, 87, 88, 89, 90, 91, 92, 93, 94, 95, 96, 97, 98, 99, 100, 101, 102, 103, 104, 105, 106, 107, 108, 109, 110, 111]
YNEW:[0, 0, 0, 0, 0, 0, 0, 0, 0, 0, 0, 0, 0, 0, 0, 0, 0, 0, 0, 0, 0, 0, 0, 0, 0, 0, 0, 0, 0, 0, 0, 0, 0, 0, 0, 0, 0, 0, 0, 0, 0, 0, 0, 0, 1, 1, 2, 2, 2, 1, 1, 5, 5, 4, 4, 5, 3, 3, 3, 4, 6, 8, 11, 15, 19, 20, 20, 15, 13, 20, 23, 25, 28, 35, 35, 34, 31, 27, 24, 24, 22, 18, 16, 26, 23, 21, 20, 25, 19, 18, 21, 25, 23, 11, 11, 17, 31, 11, 20, 23, 11, 16, 7, 10, 9, 7, 5, 3, 1, 4, 1]
YTOT: [0, 0, 0, 0, 0, 0, 0, 0, 0, 0, 0, 0, 0, 0, 0, 0, 0, 0, 0, 0, 0, 0, 0, 0, 0, 0, 0, 0, 0, 0, 0, 0, 0, 0, 0, 0, 0, 0, 0, 0, 0, 0, 0, 0, 1, 2, 4, 6, 8, 9, 10, 15, 20, 24, 28, 33, 36, 39, 42, 46, 52, 60, 71, 86, 105, 125, 145, 160, 173, 193, 216, 241, 269, 304, 339, 373, 404, 431, 455, 479, 501, 519, 535, 561, 584, 605, 625, 650, 669, 687, 708, 733, 756, 767, 778, 795, 826, 837, 857, 880, 891, 907, 914, 924, 933, 940, 945, 948, 949, 953, 954]

INFO: Total Population: 1133247
INFO: R0: 2
INFO: Incubation Period: 5
INFO: Illness Period: 7
X:[0, 1, 2, 3, 4, 5, 6, 7, 8, 9, 10, 11, 12, 13, 14, 15, 16, 17, 18, 19, 20, 21, 22, 23, 24, 25, 26, 27, 28, 29, 30, 31, 32, 33, 34, 35, 36, 37, 38, 39, 40, 41, 42, 43, 44, 45, 46, 47, 48, 49, 50, 51, 52, 53, 54, 55, 56, 57, 58, 59, 60, 61, 62, 63, 64, 65, 66, 67, 68, 69, 70, 71, 72, 73, 74, 75, 76, 77, 78, 79, 80, 81, 82, 83, 84, 85, 86, 87, 88, 89, 90, 91, 92, 93, 94, 95, 96, 97, 98, 99, 100, 101, 102, 103, 104, 105, 106, 107, 108, 109, 110, 111]
YNEW:[0, 0, 0, 0, 0, 0, 0, 0, 0, 0, 0, 0, 0, 0, 0, 0, 0, 0, 0, 0, 0, 0, 0, 0, 0, 0, 0, 0, 0, 0, 0, 0, 0, 0, 0, 0, 0, 0, 0, 0, 0, 0, 0, 0, 1, 1, 2, 2, 2, 1, 1, 5, 5, 4, 4, 5, 3, 3, 3, 4, 6, 8, 11, 15, 19, 20, 20, 15, 13, 20, 23, 25, 28, 35, 35, 34, 31, 27, 24, 24, 22, 18, 16, 26, 23, 21, 20, 25, 19, 18, 15, 21, 22, 15, 12, 22, 16, 15, 19, 14, 13, 26, 9, 4, 5, 6, 7, 4, 3, 2, 1]
YTOT: [0, 0, 0, 0, 0, 0, 0, 0, 0, 0, 0, 0, 0, 0, 0, 0, 0, 0, 0, 0, 0, 0, 0, 0, 0, 0, 0, 0, 0, 0, 0, 0, 0, 0, 0, 0, 0, 0, 0, 0, 0, 0, 0, 0, 1, 2, 4, 6, 8, 9, 10, 15, 20, 24, 28, 33, 36, 39, 42, 46, 52, 60, 71, 86, 105, 125, 145, 160, 173, 193, 216, 241, 269, 304, 339, 373, 404, 431, 455, 479, 501, 519, 535, 561, 584, 605, 625, 650, 669, 687, 702, 723, 745, 760, 772, 794, 810, 825, 844, 858, 871, 897, 906, 910, 915, 921, 928, 932, 935, 937, 938]

INFO: Total Population: 1133247
INFO: R0: 2
INFO: Incubation Period: 5
INFO: Illness Period: 7
X:[0, 1, 2, 3, 4, 5, 6, 7, 8, 9, 10, 11, 12, 13, 14, 15, 16, 17, 18, 19, 20, 21, 22, 23, 24, 25, 26, 27, 28, 29, 30, 31, 32, 33, 34, 35, 36, 37, 38, 39, 40, 41, 42, 43, 44, 45, 46, 47, 48, 49, 50, 51, 52, 53, 54, 55, 56, 57, 58, 59, 60, 61, 62, 63, 64, 65, 66, 67, 68, 69, 70, 71, 72, 73, 74, 75, 76, 77, 78, 79, 80, 81, 82, 83, 84, 85, 86, 87, 88, 89, 90, 91, 92, 93, 94, 95, 96, 97, 98, 99, 100, 101, 102, 103, 104, 105, 106, 107, 108, 109, 110, 111]
YNEW:[0, 0, 0, 0, 0, 0, 0, 0, 0, 0, 0, 0, 0, 0, 0, 0, 0, 0, 0, 0, 0, 0, 0, 0, 0, 0, 0, 0, 0, 0, 0, 0, 0, 0, 0, 0, 0, 0, 0, 0, 0, 0, 0, 0, 1, 1, 2, 2, 2, 1, 1, 5, 5, 4, 4, 5, 3, 3, 3, 4, 6, 8, 11, 15, 19, 20, 20, 15, 13, 20, 23, 25, 28, 35, 35, 34, 31, 27, 24, 24, 22, 18, 16, 26, 23, 21, 20, 25, 19, 18, 18, 18, 13, 16, 23, 6, 15, 18, 21, 15, 22, 9, 8, 10, 5, 4, 5, 3, 2, 2, 1]
YTOT: [0, 0, 0, 0, 0, 0, 0, 0, 0, 0, 0, 0, 0, 0, 0, 0, 0, 0, 0, 0, 0, 0, 0, 0, 0, 0, 0, 0, 0, 0, 0, 0, 0, 0, 0, 0, 0, 0, 0, 0, 0, 0, 0, 0, 1, 2, 4, 6, 8, 9, 10, 15, 20, 24, 28, 33, 36, 39, 42, 46, 52, 60, 71, 86, 105, 125, 145, 160, 173, 193, 216, 241, 269, 304, 339, 373, 404, 431, 455, 479, 501, 519, 535, 561, 584, 605, 625, 650, 669, 687, 705, 723, 736, 752, 775, 781, 796, 814, 835, 850, 872, 881, 889, 899, 904, 908, 913, 916, 918, 920, 921]

INFO: Total Population: 1133247
INFO: R0: 2
INFO: Incubation Period: 5
INFO: Illness Period: 7
X:[0, 1, 2, 3, 4, 5, 6, 7, 8, 9, 10, 11, 12, 13, 14, 15, 16, 17, 18, 19, 20, 21, 22, 23, 24, 25, 26, 27, 28, 29, 30, 31, 32, 33, 34, 35, 36, 37, 38, 39, 40, 41, 42, 43, 44, 45, 46, 47, 48, 49, 50, 51, 52, 53, 54, 55, 56, 57, 58, 59, 60, 61, 62, 63, 64, 65, 66, 67, 68, 69, 70, 71, 72, 73, 74, 75, 76, 77, 78, 79, 80, 81, 82, 83, 84, 85, 86, 87, 88, 89, 90, 91, 92, 93, 94, 95, 96, 97, 98, 99, 100, 101, 102, 103, 104, 105, 106, 107, 108, 109, 110, 111]
YNEW:[0, 0, 0, 0, 0, 0, 0, 0, 0, 0, 0, 0, 0, 0, 0, 0, 0, 0, 0, 0, 0, 0, 0, 0, 0, 0, 0, 0, 0, 0, 0, 0, 0, 0, 0, 0, 0, 0, 0, 0, 0, 0, 0, 0, 1, 1, 2, 2, 2, 1, 1, 5, 5, 4, 4, 5, 3, 3, 3, 4, 6, 8, 11, 15, 19, 20, 20, 15, 13, 20, 23, 25, 28, 35, 35, 34, 31, 27, 24, 24, 22, 18, 16, 26, 23, 21, 20, 25, 19, 18, 18, 21, 17, 18, 7, 13, 20, 19, 16, 16, 10, 12, 16, 10, 5, 9, 4, 4, 1, 1, 1]
YTOT: [0, 0, 0, 0, 0, 0, 0, 0, 0, 0, 0, 0, 0, 0, 0, 0, 0, 0, 0, 0, 0, 0, 0, 0, 0, 0, 0, 0, 0, 0, 0, 0, 0, 0, 0, 0, 0, 0, 0, 0, 0, 0, 0, 0, 1, 2, 4, 6, 8, 9, 10, 15, 20, 24, 28, 33, 36, 39, 42, 46, 52, 60, 71, 86, 105, 125, 145, 160, 173, 193, 216, 241, 269, 304, 339, 373, 404, 431, 455, 479, 501, 519, 535, 561, 584, 605, 625, 650, 669, 687, 705, 726, 743, 761, 768, 781, 801, 820, 836, 852, 862, 874, 890, 900, 905, 914, 918, 922, 923, 924, 925]

INFO: Total Population: 1133247
INFO: R0: 2
INFO: Incubation Period: 5
INFO: Illness Period: 7
X:[0, 1, 2, 3, 4, 5, 6, 7, 8, 9, 10, 11, 12, 13, 14, 15, 16, 17, 18, 19, 20, 21, 22, 23, 24, 25, 26, 27, 28, 29, 30, 31, 32, 33, 34, 35, 36, 37, 38, 39, 40, 41, 42, 43, 44, 45, 46, 47, 48, 49, 50, 51, 52, 53, 54, 55, 56, 57, 58, 59, 60, 61, 62, 63, 64, 65, 66, 67, 68, 69, 70, 71, 72, 73, 74, 75, 76, 77, 78, 79, 80, 81, 82, 83, 84, 85, 86, 87, 88, 89, 90, 91, 92, 93, 94, 95, 96, 97, 98, 99, 100, 101, 102, 103, 104, 105, 106, 107, 108, 109, 110, 111]
YNEW:[0, 0, 0, 0, 0, 0, 0, 0, 0, 0, 0, 0, 0, 0, 0, 0, 0, 0, 0, 0, 0, 0, 0, 0, 0, 0, 0, 0, 0, 0, 0, 0, 0, 0, 0, 0, 0, 0, 0, 0, 0, 0, 0, 0, 1, 1, 2, 2, 2, 1, 1, 5, 5, 4, 4, 5, 3, 3, 3, 4, 6, 8, 11, 15, 19, 20, 20, 15, 13, 20, 23, 25, 28, 35, 35, 34, 31, 27, 24, 24, 22, 18, 16, 26, 23, 21, 20, 25, 19, 18, 23, 22, 22, 19, 13, 13, 22, 11, 22, 19, 15, 13, 10, 9, 8, 5, 8, 5, 4, 2, 1]
YTOT: [0, 0, 0, 0, 0, 0, 0, 0, 0, 0, 0, 0, 0, 0, 0, 0, 0, 0, 0, 0, 0, 0, 0, 0, 0, 0, 0, 0, 0, 0, 0, 0, 0, 0, 0, 0, 0, 0, 0, 0, 0, 0, 0, 0, 1, 2, 4, 6, 8, 9, 10, 15, 20, 24, 28, 33, 36, 39, 42, 46, 52, 60, 71, 86, 105, 125, 145, 160, 173, 193, 216, 241, 269, 304, 339, 373, 404, 431, 455, 479, 501, 519, 535, 561, 584, 605, 625, 650, 669, 687, 710, 732, 754, 773, 786, 799, 821, 832, 854, 873, 888, 901, 911, 920, 928, 933, 941, 946, 950, 952, 953]

INFO: Total Population: 1133247
INFO: R0: 2
INFO: Incubation Period: 5
INFO: Illness Period: 7
X:[0, 1, 2, 3, 4, 5, 6, 7, 8, 9, 10, 11, 12, 13, 14, 15, 16, 17, 18, 19, 20, 21, 22, 23, 24, 25, 26, 27, 28, 29, 30, 31, 32, 33, 34, 35, 36, 37, 38, 39, 40, 41, 42, 43, 44, 45, 46, 47, 48, 49, 50, 51, 52, 53, 54, 55, 56, 57, 58, 59, 60, 61, 62, 63, 64, 65, 66, 67, 68, 69, 70, 71, 72, 73, 74, 75, 76, 77, 78, 79, 80, 81, 82, 83, 84, 85, 86, 87, 88, 89, 90, 91, 92, 93, 94, 95, 96, 97, 98, 99, 100, 101, 102, 103, 104, 105, 106, 107, 108, 109, 110, 111]
YNEW:[0, 0, 0, 0, 0, 0, 0, 0, 0, 0, 0, 0, 0, 0, 0, 0, 0, 0, 0, 0, 0, 0, 0, 0, 0, 0, 0, 0, 0, 0, 0, 0, 0, 0, 0, 0, 0, 0, 0, 0, 0, 0, 0, 0, 1, 1, 2, 2, 2, 1, 1, 5, 5, 4, 4, 5, 3, 3, 3, 4, 6, 8, 11, 15, 19, 20, 20, 15, 13, 20, 23, 25, 28, 35, 35, 34, 31, 27, 24, 24, 22, 18, 16, 26, 23, 21, 20, 25, 19, 18, 19, 16, 21, 19, 16, 16, 20, 16, 17, 19, 15, 8, 10, 13, 5, 5, 11, 6, 1, 2, 1]
YTOT: [0, 0, 0, 0, 0, 0, 0, 0, 0, 0, 0, 0, 0, 0, 0, 0, 0, 0, 0, 0, 0, 0, 0, 0, 0, 0, 0, 0, 0, 0, 0, 0, 0, 0, 0, 0, 0, 0, 0, 0, 0, 0, 0, 0, 1, 2, 4, 6, 8, 9, 10, 15, 20, 24, 28, 33, 36, 39, 42, 46, 52, 60, 71, 86, 105, 125, 145, 160, 173, 193, 216, 241, 269, 304, 339, 373, 404, 431, 455, 479, 501, 519, 535, 561, 584, 605, 625, 650, 669, 687, 706, 722, 743, 762, 778, 794, 814, 830, 847, 866, 881, 889, 899, 912, 917, 922, 933, 939, 940, 942, 943]

INFO: Total Population: 1133247
INFO: R0: 2
INFO: Incubation Period: 5
INFO: Illness Period: 7
X:[0, 1, 2, 3, 4, 5, 6, 7, 8, 9, 10, 11, 12, 13, 14, 15, 16, 17, 18, 19, 20, 21, 22, 23, 24, 25, 26, 27, 28, 29, 30, 31, 32, 33, 34, 35, 36, 37, 38, 39, 40, 41, 42, 43, 44, 45, 46, 47, 48, 49, 50, 51, 52, 53, 54, 55, 56, 57, 58, 59, 60, 61, 62, 63, 64, 65, 66, 67, 68, 69, 70, 71, 72, 73, 74, 75, 76, 77, 78, 79, 80, 81, 82, 83, 84, 85, 86, 87, 88, 89, 90, 91, 92, 93, 94, 95, 96, 97, 98, 99, 100, 101, 102, 103, 104, 105, 106, 107, 108, 109, 110, 111, 112]
YNEW:[0, 0, 0, 0, 0, 0, 0, 0, 0, 0, 0, 0, 0, 0, 0, 0, 0, 0, 0, 0, 0, 0, 0, 0, 0, 0, 0, 0, 0, 0, 0, 0, 0, 0, 0, 0, 0, 0, 0, 0, 0, 0, 0, 0, 1, 1, 2, 2, 2, 1, 1, 5, 5, 4, 4, 5, 3, 3, 3, 4, 6, 8, 11, 15, 19, 20, 20, 15, 13, 20, 23, 25, 28, 35, 35, 34, 31, 27, 24, 24, 22, 18, 16, 26, 23, 21, 20, 25, 19, 18, 19, 13, 25, 20, 15, 14, 13, 19, 16, 20, 13, 14, 7, 7, 10, 13, 5, 3, 4, 2, 3, 2]
YTOT: [0, 0, 0, 0, 0, 0, 0, 0, 0, 0, 0, 0, 0, 0, 0, 0, 0, 0, 0, 0, 0, 0, 0, 0, 0, 0, 0, 0, 0, 0, 0, 0, 0, 0, 0, 0, 0, 0, 0, 0, 0, 0, 0, 0, 1, 2, 4, 6, 8, 9, 10, 15, 20, 24, 28, 33, 36, 39, 42, 46, 52, 60, 71, 86, 105, 125, 145, 160, 173, 193, 216, 241, 269, 304, 339, 373, 404, 431, 455, 479, 501, 519, 535, 561, 584, 605, 625, 650, 669, 687, 706, 719, 744, 764, 779, 793, 806, 825, 841, 861, 874, 888, 895, 902, 912, 925, 930, 933, 937, 939, 942, 944]

END