

INFO: Total Population: 1133247
INFO: R0: 2
INFO: Incubation Period: 5
INFO: Illness Period: 7
X:[0, 1, 2, 3, 4, 5, 6, 7, 8, 9, 10, 11, 12, 13, 14, 15, 16, 17, 18, 19, 20, 21, 22, 23, 24, 25, 26, 27, 28, 29, 30, 31, 32, 33, 34, 35, 36, 37, 38, 39, 40, 41, 42, 43, 44, 45, 46, 47, 48, 49, 50, 51, 52, 53, 54, 55, 56, 57, 58, 59, 60, 61, 62, 63, 64, 65, 66, 67, 68, 69, 70, 71, 72, 73, 74, 75, 76, 77, 78, 79, 80, 81, 82, 83, 84, 85, 86, 87, 88, 89, 90, 91, 92, 93, 94, 95, 96, 97, 98, 99, 100, 101, 102, 103, 104, 105, 106, 107, 108, 109, 110, 111, 112]
YNEW:[0, 0, 0, 0, 0, 0, 0, 0, 0, 0, 0, 0, 0, 0, 0, 0, 0, 0, 0, 0, 0, 0, 0, 0, 0, 0, 0, 0, 0, 0, 0, 0, 0, 0, 0, 0, 0, 0, 0, 0, 0, 0, 0, 0, 1, 1, 2, 2, 2, 1, 1, 5, 5, 4, 4, 5, 3, 3, 3, 4, 6, 8, 11, 15, 19, 20, 20, 15, 13, 20, 23, 25, 28, 35, 35, 34, 31, 27, 24, 24, 22, 18, 16, 26, 23, 21, 20, 25, 19, 18, 20, 25, 28, 12, 13, 15, 19, 20, 23, 16, 21, 12, 10, 7, 7, 5, 4, 4, 3, 2, 1, 1]
YTOT: [0, 0, 0, 0, 0, 0, 0, 0, 0, 0, 0, 0, 0, 0, 0, 0, 0, 0, 0, 0, 0, 0, 0, 0, 0, 0, 0, 0, 0, 0, 0, 0, 0, 0, 0, 0, 0, 0, 0, 0, 0, 0, 0, 0, 1, 2, 4, 6, 8, 9, 10, 15, 20, 24, 28, 33, 36, 39, 42, 46, 52, 60, 71, 86, 105, 125, 145, 160, 173, 193, 216, 241, 269, 304, 339, 373, 404, 431, 455, 479, 501, 519, 535, 561, 584, 605, 625, 650, 669, 687, 707, 732, 760, 772, 785, 800, 819, 839, 862, 878, 899, 911, 921, 928, 935, 940, 944, 948, 951, 953, 954, 955]

INFO: Total Population: 1133247
INFO: R0: 2
INFO: Incubation Period: 5
INFO: Illness Period: 7
X:[0, 1, 2, 3, 4, 5, 6, 7, 8, 9, 10, 11, 12, 13, 14, 15, 16, 17, 18, 19, 20, 21, 22, 23, 24, 25, 26, 27, 28, 29, 30, 31, 32, 33, 34, 35, 36, 37, 38, 39, 40, 41, 42, 43, 44, 45, 46, 47, 48, 49, 50, 51, 52, 53, 54, 55, 56, 57, 58, 59, 60, 61, 62, 63, 64, 65, 66, 67, 68, 69, 70, 71, 72, 73, 74, 75, 76, 77, 78, 79, 80, 81, 82, 83, 84, 85, 86, 87, 88, 89, 90, 91, 92, 93, 94, 95, 96, 97, 98, 99, 100, 101, 102, 103, 104, 105, 106, 107, 108, 109, 110]
YNEW:[0, 0, 0, 0, 0, 0, 0, 0, 0, 0, 0, 0, 0, 0, 0, 0, 0, 0, 0, 0, 0, 0, 0, 0, 0, 0, 0, 0, 0, 0, 0, 0, 0, 0, 0, 0, 0, 0, 0, 0, 0, 0, 0, 0, 1, 1, 2, 2, 2, 1, 1, 5, 5, 4, 4, 5, 3, 3, 3, 4, 6, 8, 11, 15, 19, 20, 20, 15, 13, 20, 23, 25, 28, 35, 35, 34, 31, 27, 24, 24, 22, 18, 16, 26, 23, 21, 20, 25, 19, 18, 18, 20, 21, 15, 15, 17, 19, 14, 13, 16, 14, 17, 9, 12, 5, 5, 4, 3, 3, 1]
YTOT: [0, 0, 0, 0, 0, 0, 0, 0, 0, 0, 0, 0, 0, 0, 0, 0, 0, 0, 0, 0, 0, 0, 0, 0, 0, 0, 0, 0, 0, 0, 0, 0, 0, 0, 0, 0, 0, 0, 0, 0, 0, 0, 0, 0, 1, 2, 4, 6, 8, 9, 10, 15, 20, 24, 28, 33, 36, 39, 42, 46, 52, 60, 71, 86, 105, 125, 145, 160, 173, 193, 216, 241, 269, 304, 339, 373, 404, 431, 455, 479, 501, 519, 535, 561, 584, 605, 625, 650, 669, 687, 705, 725, 746, 761, 776, 793, 812, 826, 839, 855, 869, 886, 895, 907, 912, 917, 921, 924, 927, 928]

INFO: Total Population: 1133247
INFO: R0: 2
INFO: Incubation Period: 5
INFO: Illness Period: 7
X:[0, 1, 2, 3, 4, 5, 6, 7, 8, 9, 10, 11, 12, 13, 14, 15, 16, 17, 18, 19, 20, 21, 22, 23, 24, 25, 26, 27, 28, 29, 30, 31, 32, 33, 34, 35, 36, 37, 38, 39, 40, 41, 42, 43, 44, 45, 46, 47, 48, 49, 50, 51, 52, 53, 54, 55, 56, 57, 58, 59, 60, 61, 62, 63, 64, 65, 66, 67, 68, 69, 70, 71, 72, 73, 74, 75, 76, 77, 78, 79, 80, 81, 82, 83, 84, 85, 86, 87, 88, 89, 90, 91, 92, 93, 94, 95, 96, 97, 98, 99, 100, 101, 102, 103, 104, 105, 106, 107, 108, 109, 110, 111]
YNEW:[0, 0, 0, 0, 0, 0, 0, 0, 0, 0, 0, 0, 0, 0, 0, 0, 0, 0, 0, 0, 0, 0, 0, 0, 0, 0, 0, 0, 0, 0, 0, 0, 0, 0, 0, 0, 0, 0, 0, 0, 0, 0, 0, 0, 1, 1, 2, 2, 2, 1, 1, 5, 5, 4, 4, 5, 3, 3, 3, 4, 6, 8, 11, 15, 19, 20, 20, 15, 13, 20, 23, 25, 28, 35, 35, 34, 31, 27, 24, 24, 22, 18, 16, 26, 23, 21, 20, 25, 19, 18, 24, 18, 17, 15, 15, 14, 15, 12, 9, 14, 18, 17, 11, 5, 6, 9, 5, 6, 2, 1, 1]
YTOT: [0, 0, 0, 0, 0, 0, 0, 0, 0, 0, 0, 0, 0, 0, 0, 0, 0, 0, 0, 0, 0, 0, 0, 0, 0, 0, 0, 0, 0, 0, 0, 0, 0, 0, 0, 0, 0, 0, 0, 0, 0, 0, 0, 0, 1, 2, 4, 6, 8, 9, 10, 15, 20, 24, 28, 33, 36, 39, 42, 46, 52, 60, 71, 86, 105, 125, 145, 160, 173, 193, 216, 241, 269, 304, 339, 373, 404, 431, 455, 479, 501, 519, 535, 561, 584, 605, 625, 650, 669, 687, 711, 729, 746, 761, 776, 790, 805, 817, 826, 840, 858, 875, 886, 891, 897, 906, 911, 917, 919, 920, 921]

INFO: Total Population: 1133247
INFO: R0: 2
INFO: Incubation Period: 5
INFO: Illness Period: 7
X:[0, 1, 2, 3, 4, 5, 6, 7, 8, 9, 10, 11, 12, 13, 14, 15, 16, 17, 18, 19, 20, 21, 22, 23, 24, 25, 26, 27, 28, 29, 30, 31, 32, 33, 34, 35, 36, 37, 38, 39, 40, 41, 42, 43, 44, 45, 46, 47, 48, 49, 50, 51, 52, 53, 54, 55, 56, 57, 58, 59, 60, 61, 62, 63, 64, 65, 66, 67, 68, 69, 70, 71, 72, 73, 74, 75, 76, 77, 78, 79, 80, 81, 82, 83, 84, 85, 86, 87, 88, 89, 90, 91, 92, 93, 94, 95, 96, 97, 98, 99, 100, 101, 102, 103, 104, 105, 106, 107, 108, 109, 110, 111]
YNEW:[0, 0, 0, 0, 0, 0, 0, 0, 0, 0, 0, 0, 0, 0, 0, 0, 0, 0, 0, 0, 0, 0, 0, 0, 0, 0, 0, 0, 0, 0, 0, 0, 0, 0, 0, 0, 0, 0, 0, 0, 0, 0, 0, 0, 1, 1, 2, 2, 2, 1, 1, 5, 5, 4, 4, 5, 3, 3, 3, 4, 6, 8, 11, 15, 19, 20, 20, 15, 13, 20, 23, 25, 28, 35, 35, 34, 31, 27, 24, 24, 22, 18, 16, 26, 23, 21, 20, 25, 19, 18, 23, 18, 18, 21, 14, 8, 20, 14, 20, 17, 17, 13, 11, 6, 8, 6, 3, 4, 2, 1, 1]
YTOT: [0, 0, 0, 0, 0, 0, 0, 0, 0, 0, 0, 0, 0, 0, 0, 0, 0, 0, 0, 0, 0, 0, 0, 0, 0, 0, 0, 0, 0, 0, 0, 0, 0, 0, 0, 0, 0, 0, 0, 0, 0, 0, 0, 0, 1, 2, 4, 6, 8, 9, 10, 15, 20, 24, 28, 33, 36, 39, 42, 46, 52, 60, 71, 86, 105, 125, 145, 160, 173, 193, 216, 241, 269, 304, 339, 373, 404, 431, 455, 479, 501, 519, 535, 561, 584, 605, 625, 650, 669, 687, 710, 728, 746, 767, 781, 789, 809, 823, 843, 860, 877, 890, 901, 907, 915, 921, 924, 928, 930, 931, 932]

INFO: Total Population: 1133247
INFO: R0: 2
INFO: Incubation Period: 5
INFO: Illness Period: 7
X:[0, 1, 2, 3, 4, 5, 6, 7, 8, 9, 10, 11, 12, 13, 14, 15, 16, 17, 18, 19, 20, 21, 22, 23, 24, 25, 26, 27, 28, 29, 30, 31, 32, 33, 34, 35, 36, 37, 38, 39, 40, 41, 42, 43, 44, 45, 46, 47, 48, 49, 50, 51, 52, 53, 54, 55, 56, 57, 58, 59, 60, 61, 62, 63, 64, 65, 66, 67, 68, 69, 70, 71, 72, 73, 74, 75, 76, 77, 78, 79, 80, 81, 82, 83, 84, 85, 86, 87, 88, 89, 90, 91, 92, 93, 94, 95, 96, 97, 98, 99, 100, 101, 102, 103, 104, 105, 106, 107, 108, 109, 110, 111, 112]
YNEW:[0, 0, 0, 0, 0, 0, 0, 0, 0, 0, 0, 0, 0, 0, 0, 0, 0, 0, 0, 0, 0, 0, 0, 0, 0, 0, 0, 0, 0, 0, 0, 0, 0, 0, 0, 0, 0, 0, 0, 0, 0, 0, 0, 0, 1, 1, 2, 2, 2, 1, 1, 5, 5, 4, 4, 5, 3, 3, 3, 4, 6, 8, 11, 15, 19, 20, 20, 15, 13, 20, 23, 25, 28, 35, 35, 34, 31, 27, 24, 24, 22, 18, 16, 26, 23, 21, 20, 25, 19, 18, 28, 17, 18, 8, 15, 15, 10, 25, 17, 14, 5, 12, 10, 10, 9, 6, 3, 4, 1, 2, 1, 1]
YTOT: [0, 0, 0, 0, 0, 0, 0, 0, 0, 0, 0, 0, 0, 0, 0, 0, 0, 0, 0, 0, 0, 0, 0, 0, 0, 0, 0, 0, 0, 0, 0, 0, 0, 0, 0, 0, 0, 0, 0, 0, 0, 0, 0, 0, 1, 2, 4, 6, 8, 9, 10, 15, 20, 24, 28, 33, 36, 39, 42, 46, 52, 60, 71, 86, 105, 125, 145, 160, 173, 193, 216, 241, 269, 304, 339, 373, 404, 431, 455, 479, 501, 519, 535, 561, 584, 605, 625, 650, 669, 687, 715, 732, 750, 758, 773, 788, 798, 823, 840, 854, 859, 871, 881, 891, 900, 906, 909, 913, 914, 916, 917, 918]

INFO: Total Population: 1133247
INFO: R0: 2
INFO: Incubation Period: 5
INFO: Illness Period: 7
X:[0, 1, 2, 3, 4, 5, 6, 7, 8, 9, 10, 11, 12, 13, 14, 15, 16, 17, 18, 19, 20, 21, 22, 23, 24, 25, 26, 27, 28, 29, 30, 31, 32, 33, 34, 35, 36, 37, 38, 39, 40, 41, 42, 43, 44, 45, 46, 47, 48, 49, 50, 51, 52, 53, 54, 55, 56, 57, 58, 59, 60, 61, 62, 63, 64, 65, 66, 67, 68, 69, 70, 71, 72, 73, 74, 75, 76, 77, 78, 79, 80, 81, 82, 83, 84, 85, 86, 87, 88, 89, 90, 91, 92, 93, 94, 95, 96, 97, 98, 99, 100, 101, 102, 103, 104, 105, 106, 107, 108, 109, 110, 111, 112]
YNEW:[0, 0, 0, 0, 0, 0, 0, 0, 0, 0, 0, 0, 0, 0, 0, 0, 0, 0, 0, 0, 0, 0, 0, 0, 0, 0, 0, 0, 0, 0, 0, 0, 0, 0, 0, 0, 0, 0, 0, 0, 0, 0, 0, 0, 1, 1, 2, 2, 2, 1, 1, 5, 5, 4, 4, 5, 3, 3, 3, 4, 6, 8, 11, 15, 19, 20, 20, 15, 13, 20, 23, 25, 28, 35, 35, 34, 31, 27, 24, 24, 22, 18, 16, 26, 23, 21, 20, 25, 19, 18, 20, 14, 18, 13, 15, 17, 20, 18, 15, 18, 21, 16, 4, 7, 5, 4, 6, 3, 2, 1, 1, 1]
YTOT: [0, 0, 0, 0, 0, 0, 0, 0, 0, 0, 0, 0, 0, 0, 0, 0, 0, 0, 0, 0, 0, 0, 0, 0, 0, 0, 0, 0, 0, 0, 0, 0, 0, 0, 0, 0, 0, 0, 0, 0, 0, 0, 0, 0, 1, 2, 4, 6, 8, 9, 10, 15, 20, 24, 28, 33, 36, 39, 42, 46, 52, 60, 71, 86, 105, 125, 145, 160, 173, 193, 216, 241, 269, 304, 339, 373, 404, 431, 455, 479, 501, 519, 535, 561, 584, 605, 625, 650, 669, 687, 707, 721, 739, 752, 767, 784, 804, 822, 837, 855, 876, 892, 896, 903, 908, 912, 918, 921, 923, 924, 925, 926]

INFO: Total Population: 1133247
INFO: R0: 2
INFO: Incubation Period: 5
INFO: Illness Period: 7
X:[0, 1, 2, 3, 4, 5, 6, 7, 8, 9, 10, 11, 12, 13, 14, 15, 16, 17, 18, 19, 20, 21, 22, 23, 24, 25, 26, 27, 28, 29, 30, 31, 32, 33, 34, 35, 36, 37, 38, 39, 40, 41, 42, 43, 44, 45, 46, 47, 48, 49, 50, 51, 52, 53, 54, 55, 56, 57, 58, 59, 60, 61, 62, 63, 64, 65, 66, 67, 68, 69, 70, 71, 72, 73, 74, 75, 76, 77, 78, 79, 80, 81, 82, 83, 84, 85, 86, 87, 88, 89, 90, 91, 92, 93, 94, 95, 96, 97, 98, 99, 100, 101, 102, 103, 104, 105, 106, 107, 108, 109, 110, 111]
YNEW:[0, 0, 0, 0, 0, 0, 0, 0, 0, 0, 0, 0, 0, 0, 0, 0, 0, 0, 0, 0, 0, 0, 0, 0, 0, 0, 0, 0, 0, 0, 0, 0, 0, 0, 0, 0, 0, 0, 0, 0, 0, 0, 0, 0, 1, 1, 2, 2, 2, 1, 1, 5, 5, 4, 4, 5, 3, 3, 3, 4, 6, 8, 11, 15, 19, 20, 20, 15, 13, 20, 23, 25, 28, 35, 35, 34, 31, 27, 24, 24, 22, 18, 16, 26, 23, 21, 20, 25, 19, 18, 17, 17, 18, 13, 13, 9, 19, 13, 17, 18, 7, 13, 6, 7, 2, 5, 7, 2, 2, 1, 1]
YTOT: [0, 0, 0, 0, 0, 0, 0, 0, 0, 0, 0, 0, 0, 0, 0, 0, 0, 0, 0, 0, 0, 0, 0, 0, 0, 0, 0, 0, 0, 0, 0, 0, 0, 0, 0, 0, 0, 0, 0, 0, 0, 0, 0, 0, 1, 2, 4, 6, 8, 9, 10, 15, 20, 24, 28, 33, 36, 39, 42, 46, 52, 60, 71, 86, 105, 125, 145, 160, 173, 193, 216, 241, 269, 304, 339, 373, 404, 431, 455, 479, 501, 519, 535, 561, 584, 605, 625, 650, 669, 687, 704, 721, 739, 752, 765, 774, 793, 806, 823, 841, 848, 861, 867, 874, 876, 881, 888, 890, 892, 893, 894]

INFO: Total Population: 1133247
INFO: R0: 2
INFO: Incubation Period: 5
INFO: Illness Period: 7
X:[0, 1, 2, 3, 4, 5, 6, 7, 8, 9, 10, 11, 12, 13, 14, 15, 16, 17, 18, 19, 20, 21, 22, 23, 24, 25, 26, 27, 28, 29, 30, 31, 32, 33, 34, 35, 36, 37, 38, 39, 40, 41, 42, 43, 44, 45, 46, 47, 48, 49, 50, 51, 52, 53, 54, 55, 56, 57, 58, 59, 60, 61, 62, 63, 64, 65, 66, 67, 68, 69, 70, 71, 72, 73, 74, 75, 76, 77, 78, 79, 80, 81, 82, 83, 84, 85, 86, 87, 88, 89, 90, 91, 92, 93, 94, 95, 96, 97, 98, 99, 100, 101, 102, 103, 104, 105, 106, 107, 108, 109, 110]
YNEW:[0, 0, 0, 0, 0, 0, 0, 0, 0, 0, 0, 0, 0, 0, 0, 0, 0, 0, 0, 0, 0, 0, 0, 0, 0, 0, 0, 0, 0, 0, 0, 0, 0, 0, 0, 0, 0, 0, 0, 0, 0, 0, 0, 0, 1, 1, 2, 2, 2, 1, 1, 5, 5, 4, 4, 5, 3, 3, 3, 4, 6, 8, 11, 15, 19, 20, 20, 15, 13, 20, 23, 25, 28, 35, 35, 34, 31, 27, 24, 24, 22, 18, 16, 26, 23, 21, 20, 25, 19, 18, 14, 13, 21, 10, 14, 20, 20, 16, 16, 15, 15, 18, 9, 6, 2, 3, 3, 4, 5, 3]
YTOT: [0, 0, 0, 0, 0, 0, 0, 0, 0, 0, 0, 0, 0, 0, 0, 0, 0, 0, 0, 0, 0, 0, 0, 0, 0, 0, 0, 0, 0, 0, 0, 0, 0, 0, 0, 0, 0, 0, 0, 0, 0, 0, 0, 0, 1, 2, 4, 6, 8, 9, 10, 15, 20, 24, 28, 33, 36, 39, 42, 46, 52, 60, 71, 86, 105, 125, 145, 160, 173, 193, 216, 241, 269, 304, 339, 373, 404, 431, 455, 479, 501, 519, 535, 561, 584, 605, 625, 650, 669, 687, 701, 714, 735, 745, 759, 779, 799, 815, 831, 846, 861, 879, 888, 894, 896, 899, 902, 906, 911, 914]

INFO: Total Population: 1133247
INFO: R0: 2
INFO: Incubation Period: 5
INFO: Illness Period: 7
X:[0, 1, 2, 3, 4, 5, 6, 7, 8, 9, 10, 11, 12, 13, 14, 15, 16, 17, 18, 19, 20, 21, 22, 23, 24, 25, 26, 27, 28, 29, 30, 31, 32, 33, 34, 35, 36, 37, 38, 39, 40, 41, 42, 43, 44, 45, 46, 47, 48, 49, 50, 51, 52, 53, 54, 55, 56, 57, 58, 59, 60, 61, 62, 63, 64, 65, 66, 67, 68, 69, 70, 71, 72, 73, 74, 75, 76, 77, 78, 79, 80, 81, 82, 83, 84, 85, 86, 87, 88, 89, 90, 91, 92, 93, 94, 95, 96, 97, 98, 99, 100, 101, 102, 103, 104, 105, 106, 107, 108, 109, 110]
YNEW:[0, 0, 0, 0, 0, 0, 0, 0, 0, 0, 0, 0, 0, 0, 0, 0, 0, 0, 0, 0, 0, 0, 0, 0, 0, 0, 0, 0, 0, 0, 0, 0, 0, 0, 0, 0, 0, 0, 0, 0, 0, 0, 0, 0, 1, 1, 2, 2, 2, 1, 1, 5, 5, 4, 4, 5, 3, 3, 3, 4, 6, 8, 11, 15, 19, 20, 20, 15, 13, 20, 23, 25, 28, 35, 35, 34, 31, 27, 24, 24, 22, 18, 16, 26, 23, 21, 20, 25, 19, 18, 23, 23, 13, 24, 17, 12, 18, 19, 17, 16, 13, 13, 18, 10, 4, 13, 7, 3, 3, 1]
YTOT: [0, 0, 0, 0, 0, 0, 0, 0, 0, 0, 0, 0, 0, 0, 0, 0, 0, 0, 0, 0, 0, 0, 0, 0, 0, 0, 0, 0, 0, 0, 0, 0, 0, 0, 0, 0, 0, 0, 0, 0, 0, 0, 0, 0, 1, 2, 4, 6, 8, 9, 10, 15, 20, 24, 28, 33, 36, 39, 42, 46, 52, 60, 71, 86, 105, 125, 145, 160, 173, 193, 216, 241, 269, 304, 339, 373, 404, 431, 455, 479, 501, 519, 535, 561, 584, 605, 625, 650, 669, 687, 710, 733, 746, 770, 787, 799, 817, 836, 853, 869, 882, 895, 913, 923, 927, 940, 947, 950, 953, 954]

INFO: Total Population: 1133247
INFO: R0: 2
INFO: Incubation Period: 5
INFO: Illness Period: 7
X:[0, 1, 2, 3, 4, 5, 6, 7, 8, 9, 10, 11, 12, 13, 14, 15, 16, 17, 18, 19, 20, 21, 22, 23, 24, 25, 26, 27, 28, 29, 30, 31, 32, 33, 34, 35, 36, 37, 38, 39, 40, 41, 42, 43, 44, 45, 46, 47, 48, 49, 50, 51, 52, 53, 54, 55, 56, 57, 58, 59, 60, 61, 62, 63, 64, 65, 66, 67, 68, 69, 70, 71, 72, 73, 74, 75, 76, 77, 78, 79, 80, 81, 82, 83, 84, 85, 86, 87, 88, 89, 90, 91, 92, 93, 94, 95, 96, 97, 98, 99, 100, 101, 102, 103, 104, 105, 106, 107, 108, 109, 110, 111]
YNEW:[0, 0, 0, 0, 0, 0, 0, 0, 0, 0, 0, 0, 0, 0, 0, 0, 0, 0, 0, 0, 0, 0, 0, 0, 0, 0, 0, 0, 0, 0, 0, 0, 0, 0, 0, 0, 0, 0, 0, 0, 0, 0, 0, 0, 1, 1, 2, 2, 2, 1, 1, 5, 5, 4, 4, 5, 3, 3, 3, 4, 6, 8, 11, 15, 19, 20, 20, 15, 13, 20, 23, 25, 28, 35, 35, 34, 31, 27, 24, 24, 22, 18, 16, 26, 23, 21, 20, 25, 19, 18, 23, 18, 15, 10, 12, 18, 20, 21, 23, 14, 10, 12, 9, 10, 2, 6, 6, 9, 1, 1, 1]
YTOT: [0, 0, 0, 0, 0, 0, 0, 0, 0, 0, 0, 0, 0, 0, 0, 0, 0, 0, 0, 0, 0, 0, 0, 0, 0, 0, 0, 0, 0, 0, 0, 0, 0, 0, 0, 0, 0, 0, 0, 0, 0, 0, 0, 0, 1, 2, 4, 6, 8, 9, 10, 15, 20, 24, 28, 33, 36, 39, 42, 46, 52, 60, 71, 86, 105, 125, 145, 160, 173, 193, 216, 241, 269, 304, 339, 373, 404, 431, 455, 479, 501, 519, 535, 561, 584, 605, 625, 650, 669, 687, 710, 728, 743, 753, 765, 783, 803, 824, 847, 861, 871, 883, 892, 902, 904, 910, 916, 925, 926, 927, 928]

INFO: Total Population: 1133247
INFO: R0: 2
INFO: Incubation Period: 5
INFO: Illness Period: 7
X:[0, 1, 2, 3, 4, 5, 6, 7, 8, 9, 10, 11, 12, 13, 14, 15, 16, 17, 18, 19, 20, 21, 22, 23, 24, 25, 26, 27, 28, 29, 30, 31, 32, 33, 34, 35, 36, 37, 38, 39, 40, 41, 42, 43, 44, 45, 46, 47, 48, 49, 50, 51, 52, 53, 54, 55, 56, 57, 58, 59, 60, 61, 62, 63, 64, 65, 66, 67, 68, 69, 70, 71, 72, 73, 74, 75, 76, 77, 78, 79, 80, 81, 82, 83, 84, 85, 86, 87, 88, 89, 90, 91, 92, 93, 94, 95, 96, 97, 98, 99, 100, 101, 102, 103, 104, 105, 106, 107, 108, 109, 110, 111]
YNEW:[0, 0, 0, 0, 0, 0, 0, 0, 0, 0, 0, 0, 0, 0, 0, 0, 0, 0, 0, 0, 0, 0, 0, 0, 0, 0, 0, 0, 0, 0, 0, 0, 0, 0, 0, 0, 0, 0, 0, 0, 0, 0, 0, 0, 1, 1, 2, 2, 2, 1, 1, 5, 5, 4, 4, 5, 3, 3, 3, 4, 6, 8, 11, 15, 19, 20, 20, 15, 13, 20, 23, 25, 28, 35, 35, 34, 31, 27, 24, 24, 22, 18, 16, 26, 23, 21, 20, 25, 19, 18, 13, 22, 18, 14, 19, 13, 12, 17, 19, 20, 18, 8, 15, 8, 4, 7, 5, 3, 2, 2, 2]
YTOT: [0, 0, 0, 0, 0, 0, 0, 0, 0, 0, 0, 0, 0, 0, 0, 0, 0, 0, 0, 0, 0, 0, 0, 0, 0, 0, 0, 0, 0, 0, 0, 0, 0, 0, 0, 0, 0, 0, 0, 0, 0, 0, 0, 0, 1, 2, 4, 6, 8, 9, 10, 15, 20, 24, 28, 33, 36, 39, 42, 46, 52, 60, 71, 86, 105, 125, 145, 160, 173, 193, 216, 241, 269, 304, 339, 373, 404, 431, 455, 479, 501, 519, 535, 561, 584, 605, 625, 650, 669, 687, 700, 722, 740, 754, 773, 786, 798, 815, 834, 854, 872, 880, 895, 903, 907, 914, 919, 922, 924, 926, 928]

INFO: Total Population: 1133247
INFO: R0: 2
INFO: Incubation Period: 5
INFO: Illness Period: 7
X:[0, 1, 2, 3, 4, 5, 6, 7, 8, 9, 10, 11, 12, 13, 14, 15, 16, 17, 18, 19, 20, 21, 22, 23, 24, 25, 26, 27, 28, 29, 30, 31, 32, 33, 34, 35, 36, 37, 38, 39, 40, 41, 42, 43, 44, 45, 46, 47, 48, 49, 50, 51, 52, 53, 54, 55, 56, 57, 58, 59, 60, 61, 62, 63, 64, 65, 66, 67, 68, 69, 70, 71, 72, 73, 74, 75, 76, 77, 78, 79, 80, 81, 82, 83, 84, 85, 86, 87, 88, 89, 90, 91, 92, 93, 94, 95, 96, 97, 98, 99, 100, 101, 102, 103, 104, 105, 106, 107, 108, 109, 110, 111]
YNEW:[0, 0, 0, 0, 0, 0, 0, 0, 0, 0, 0, 0, 0, 0, 0, 0, 0, 0, 0, 0, 0, 0, 0, 0, 0, 0, 0, 0, 0, 0, 0, 0, 0, 0, 0, 0, 0, 0, 0, 0, 0, 0, 0, 0, 1, 1, 2, 2, 2, 1, 1, 5, 5, 4, 4, 5, 3, 3, 3, 4, 6, 8, 11, 15, 19, 20, 20, 15, 13, 20, 23, 25, 28, 35, 35, 34, 31, 27, 24, 24, 22, 18, 16, 26, 23, 21, 20, 25, 19, 18, 22, 13, 13, 18, 14, 17, 11, 16, 12, 21, 14, 13, 10, 12, 5, 5, 5, 6, 4, 1, 1]
YTOT: [0, 0, 0, 0, 0, 0, 0, 0, 0, 0, 0, 0, 0, 0, 0, 0, 0, 0, 0, 0, 0, 0, 0, 0, 0, 0, 0, 0, 0, 0, 0, 0, 0, 0, 0, 0, 0, 0, 0, 0, 0, 0, 0, 0, 1, 2, 4, 6, 8, 9, 10, 15, 20, 24, 28, 33, 36, 39, 42, 46, 52, 60, 71, 86, 105, 125, 145, 160, 173, 193, 216, 241, 269, 304, 339, 373, 404, 431, 455, 479, 501, 519, 535, 561, 584, 605, 625, 650, 669, 687, 709, 722, 735, 753, 767, 784, 795, 811, 823, 844, 858, 871, 881, 893, 898, 903, 908, 914, 918, 919, 920]

INFO: Total Population: 1133247
INFO: R0: 2
INFO: Incubation Period: 5
INFO: Illness Period: 7
X:[0, 1, 2, 3, 4, 5, 6, 7, 8, 9, 10, 11, 12, 13, 14, 15, 16, 17, 18, 19, 20, 21, 22, 23, 24, 25, 26, 27, 28, 29, 30, 31, 32, 33, 34, 35, 36, 37, 38, 39, 40, 41, 42, 43, 44, 45, 46, 47, 48, 49, 50, 51, 52, 53, 54, 55, 56, 57, 58, 59, 60, 61, 62, 63, 64, 65, 66, 67, 68, 69, 70, 71, 72, 73, 74, 75, 76, 77, 78, 79, 80, 81, 82, 83, 84, 85, 86, 87, 88, 89, 90, 91, 92, 93, 94, 95, 96, 97, 98, 99, 100, 101, 102, 103, 104, 105, 106, 107, 108, 109, 110]
YNEW:[0, 0, 0, 0, 0, 0, 0, 0, 0, 0, 0, 0, 0, 0, 0, 0, 0, 0, 0, 0, 0, 0, 0, 0, 0, 0, 0, 0, 0, 0, 0, 0, 0, 0, 0, 0, 0, 0, 0, 0, 0, 0, 0, 0, 1, 1, 2, 2, 2, 1, 1, 5, 5, 4, 4, 5, 3, 3, 3, 4, 6, 8, 11, 15, 19, 20, 20, 15, 13, 20, 23, 25, 28, 35, 35, 34, 31, 27, 24, 24, 22, 18, 16, 26, 23, 21, 20, 25, 19, 18, 22, 15, 20, 10, 14, 11, 14, 15, 21, 18, 11, 10, 10, 6, 5, 10, 5, 3, 5, 1]
YTOT: [0, 0, 0, 0, 0, 0, 0, 0, 0, 0, 0, 0, 0, 0, 0, 0, 0, 0, 0, 0, 0, 0, 0, 0, 0, 0, 0, 0, 0, 0, 0, 0, 0, 0, 0, 0, 0, 0, 0, 0, 0, 0, 0, 0, 1, 2, 4, 6, 8, 9, 10, 15, 20, 24, 28, 33, 36, 39, 42, 46, 52, 60, 71, 86, 105, 125, 145, 160, 173, 193, 216, 241, 269, 304, 339, 373, 404, 431, 455, 479, 501, 519, 535, 561, 584, 605, 625, 650, 669, 687, 709, 724, 744, 754, 768, 779, 793, 808, 829, 847, 858, 868, 878, 884, 889, 899, 904, 907, 912, 913]

INFO: Total Population: 1133247
INFO: R0: 2
INFO: Incubation Period: 5
INFO: Illness Period: 7
X:[0, 1, 2, 3, 4, 5, 6, 7, 8, 9, 10, 11, 12, 13, 14, 15, 16, 17, 18, 19, 20, 21, 22, 23, 24, 25, 26, 27, 28, 29, 30, 31, 32, 33, 34, 35, 36, 37, 38, 39, 40, 41, 42, 43, 44, 45, 46, 47, 48, 49, 50, 51, 52, 53, 54, 55, 56, 57, 58, 59, 60, 61, 62, 63, 64, 65, 66, 67, 68, 69, 70, 71, 72, 73, 74, 75, 76, 77, 78, 79, 80, 81, 82, 83, 84, 85, 86, 87, 88, 89, 90, 91, 92, 93, 94, 95, 96, 97, 98, 99, 100, 101, 102, 103, 104, 105, 106, 107, 108, 109, 110, 111, 112]
YNEW:[0, 0, 0, 0, 0, 0, 0, 0, 0, 0, 0, 0, 0, 0, 0, 0, 0, 0, 0, 0, 0, 0, 0, 0, 0, 0, 0, 0, 0, 0, 0, 0, 0, 0, 0, 0, 0, 0, 0, 0, 0, 0, 0, 0, 1, 1, 2, 2, 2, 1, 1, 5, 5, 4, 4, 5, 3, 3, 3, 4, 6, 8, 11, 15, 19, 20, 20, 15, 13, 20, 23, 25, 28, 35, 35, 34, 31, 27, 24, 24, 22, 18, 16, 26, 23, 21, 20, 25, 19, 18, 17, 18, 17, 17, 13, 11, 18, 20, 19, 15, 12, 11, 9, 12, 7, 5, 6, 5, 1, 3, 1, 1]
YTOT: [0, 0, 0, 0, 0, 0, 0, 0, 0, 0, 0, 0, 0, 0, 0, 0, 0, 0, 0, 0, 0, 0, 0, 0, 0, 0, 0, 0, 0, 0, 0, 0, 0, 0, 0, 0, 0, 0, 0, 0, 0, 0, 0, 0, 1, 2, 4, 6, 8, 9, 10, 15, 20, 24, 28, 33, 36, 39, 42, 46, 52, 60, 71, 86, 105, 125, 145, 160, 173, 193, 216, 241, 269, 304, 339, 373, 404, 431, 455, 479, 501, 519, 535, 561, 584, 605, 625, 650, 669, 687, 704, 722, 739, 756, 769, 780, 798, 818, 837, 852, 864, 875, 884, 896, 903, 908, 914, 919, 920, 923, 924, 925]

INFO: Total Population: 1133247
INFO: R0: 2
INFO: Incubation Period: 5
INFO: Illness Period: 7
X:[0, 1, 2, 3, 4, 5, 6, 7, 8, 9, 10, 11, 12, 13, 14, 15, 16, 17, 18, 19, 20, 21, 22, 23, 24, 25, 26, 27, 28, 29, 30, 31, 32, 33, 34, 35, 36, 37, 38, 39, 40, 41, 42, 43, 44, 45, 46, 47, 48, 49, 50, 51, 52, 53, 54, 55, 56, 57, 58, 59, 60, 61, 62, 63, 64, 65, 66, 67, 68, 69, 70, 71, 72, 73, 74, 75, 76, 77, 78, 79, 80, 81, 82, 83, 84, 85, 86, 87, 88, 89, 90, 91, 92, 93, 94, 95, 96, 97, 98, 99, 100, 101, 102, 103, 104, 105, 106, 107, 108, 109, 110]
YNEW:[0, 0, 0, 0, 0, 0, 0, 0, 0, 0, 0, 0, 0, 0, 0, 0, 0, 0, 0, 0, 0, 0, 0, 0, 0, 0, 0, 0, 0, 0, 0, 0, 0, 0, 0, 0, 0, 0, 0, 0, 0, 0, 0, 0, 1, 1, 2, 2, 2, 1, 1, 5, 5, 4, 4, 5, 3, 3, 3, 4, 6, 8, 11, 15, 19, 20, 20, 15, 13, 20, 23, 25, 28, 35, 35, 34, 31, 27, 24, 24, 22, 18, 16, 26, 23, 21, 20, 25, 19, 18, 18, 17, 19, 13, 14, 17, 17, 24, 12, 18, 14, 13, 8, 8, 9, 6, 3, 4, 2, 1]
YTOT: [0, 0, 0, 0, 0, 0, 0, 0, 0, 0, 0, 0, 0, 0, 0, 0, 0, 0, 0, 0, 0, 0, 0, 0, 0, 0, 0, 0, 0, 0, 0, 0, 0, 0, 0, 0, 0, 0, 0, 0, 0, 0, 0, 0, 1, 2, 4, 6, 8, 9, 10, 15, 20, 24, 28, 33, 36, 39, 42, 46, 52, 60, 71, 86, 105, 125, 145, 160, 173, 193, 216, 241, 269, 304, 339, 373, 404, 431, 455, 479, 501, 519, 535, 561, 584, 605, 625, 650, 669, 687, 705, 722, 741, 754, 768, 785, 802, 826, 838, 856, 870, 883, 891, 899, 908, 914, 917, 921, 923, 924]

INFO: Total Population: 1133247
INFO: R0: 2
INFO: Incubation Period: 5
INFO: Illness Period: 7
X:[0, 1, 2, 3, 4, 5, 6, 7, 8, 9, 10, 11, 12, 13, 14, 15, 16, 17, 18, 19, 20, 21, 22, 23, 24, 25, 26, 27, 28, 29, 30, 31, 32, 33, 34, 35, 36, 37, 38, 39, 40, 41, 42, 43, 44, 45, 46, 47, 48, 49, 50, 51, 52, 53, 54, 55, 56, 57, 58, 59, 60, 61, 62, 63, 64, 65, 66, 67, 68, 69, 70, 71, 72, 73, 74, 75, 76, 77, 78, 79, 80, 81, 82, 83, 84, 85, 86, 87, 88, 89, 90, 91, 92, 93, 94, 95, 96, 97, 98, 99, 100, 101, 102, 103, 104, 105, 106, 107, 108, 109, 110, 111]
YNEW:[0, 0, 0, 0, 0, 0, 0, 0, 0, 0, 0, 0, 0, 0, 0, 0, 0, 0, 0, 0, 0, 0, 0, 0, 0, 0, 0, 0, 0, 0, 0, 0, 0, 0, 0, 0, 0, 0, 0, 0, 0, 0, 0, 0, 1, 1, 2, 2, 2, 1, 1, 5, 5, 4, 4, 5, 3, 3, 3, 4, 6, 8, 11, 15, 19, 20, 20, 15, 13, 20, 23, 25, 28, 35, 35, 34, 31, 27, 24, 24, 22, 18, 16, 26, 23, 21, 20, 25, 19, 18, 16, 20, 14, 20, 15, 10, 13, 11, 18, 21, 14, 19, 4, 9, 9, 3, 5, 2, 2, 1, 1]
YTOT: [0, 0, 0, 0, 0, 0, 0, 0, 0, 0, 0, 0, 0, 0, 0, 0, 0, 0, 0, 0, 0, 0, 0, 0, 0, 0, 0, 0, 0, 0, 0, 0, 0, 0, 0, 0, 0, 0, 0, 0, 0, 0, 0, 0, 1, 2, 4, 6, 8, 9, 10, 15, 20, 24, 28, 33, 36, 39, 42, 46, 52, 60, 71, 86, 105, 125, 145, 160, 173, 193, 216, 241, 269, 304, 339, 373, 404, 431, 455, 479, 501, 519, 535, 561, 584, 605, 625, 650, 669, 687, 703, 723, 737, 757, 772, 782, 795, 806, 824, 845, 859, 878, 882, 891, 900, 903, 908, 910, 912, 913, 914]

INFO: Total Population: 1133247
INFO: R0: 2
INFO: Incubation Period: 5
INFO: Illness Period: 7
X:[0, 1, 2, 3, 4, 5, 6, 7, 8, 9, 10, 11, 12, 13, 14, 15, 16, 17, 18, 19, 20, 21, 22, 23, 24, 25, 26, 27, 28, 29, 30, 31, 32, 33, 34, 35, 36, 37, 38, 39, 40, 41, 42, 43, 44, 45, 46, 47, 48, 49, 50, 51, 52, 53, 54, 55, 56, 57, 58, 59, 60, 61, 62, 63, 64, 65, 66, 67, 68, 69, 70, 71, 72, 73, 74, 75, 76, 77, 78, 79, 80, 81, 82, 83, 84, 85, 86, 87, 88, 89, 90, 91, 92, 93, 94, 95, 96, 97, 98, 99, 100, 101, 102, 103, 104, 105, 106, 107, 108, 109, 110]
YNEW:[0, 0, 0, 0, 0, 0, 0, 0, 0, 0, 0, 0, 0, 0, 0, 0, 0, 0, 0, 0, 0, 0, 0, 0, 0, 0, 0, 0, 0, 0, 0, 0, 0, 0, 0, 0, 0, 0, 0, 0, 0, 0, 0, 0, 1, 1, 2, 2, 2, 1, 1, 5, 5, 4, 4, 5, 3, 3, 3, 4, 6, 8, 11, 15, 19, 20, 20, 15, 13, 20, 23, 25, 28, 35, 35, 34, 31, 27, 24, 24, 22, 18, 16, 26, 23, 21, 20, 25, 19, 18, 23, 26, 14, 20, 16, 17, 13, 16, 19, 18, 20, 20, 13, 6, 6, 6, 3, 3, 1, 3]
YTOT: [0, 0, 0, 0, 0, 0, 0, 0, 0, 0, 0, 0, 0, 0, 0, 0, 0, 0, 0, 0, 0, 0, 0, 0, 0, 0, 0, 0, 0, 0, 0, 0, 0, 0, 0, 0, 0, 0, 0, 0, 0, 0, 0, 0, 1, 2, 4, 6, 8, 9, 10, 15, 20, 24, 28, 33, 36, 39, 42, 46, 52, 60, 71, 86, 105, 125, 145, 160, 173, 193, 216, 241, 269, 304, 339, 373, 404, 431, 455, 479, 501, 519, 535, 561, 584, 605, 625, 650, 669, 687, 710, 736, 750, 770, 786, 803, 816, 832, 851, 869, 889, 909, 922, 928, 934, 940, 943, 946, 947, 950]

INFO: Total Population: 1133247
INFO: R0: 2
INFO: Incubation Period: 5
INFO: Illness Period: 7
X:[0, 1, 2, 3, 4, 5, 6, 7, 8, 9, 10, 11, 12, 13, 14, 15, 16, 17, 18, 19, 20, 21, 22, 23, 24, 25, 26, 27, 28, 29, 30, 31, 32, 33, 34, 35, 36, 37, 38, 39, 40, 41, 42, 43, 44, 45, 46, 47, 48, 49, 50, 51, 52, 53, 54, 55, 56, 57, 58, 59, 60, 61, 62, 63, 64, 65, 66, 67, 68, 69, 70, 71, 72, 73, 74, 75, 76, 77, 78, 79, 80, 81, 82, 83, 84, 85, 86, 87, 88, 89, 90, 91, 92, 93, 94, 95, 96, 97, 98, 99, 100, 101, 102, 103, 104, 105, 106, 107, 108, 109, 110, 111, 112]
YNEW:[0, 0, 0, 0, 0, 0, 0, 0, 0, 0, 0, 0, 0, 0, 0, 0, 0, 0, 0, 0, 0, 0, 0, 0, 0, 0, 0, 0, 0, 0, 0, 0, 0, 0, 0, 0, 0, 0, 0, 0, 0, 0, 0, 0, 1, 1, 2, 2, 2, 1, 1, 5, 5, 4, 4, 5, 3, 3, 3, 4, 6, 8, 11, 15, 19, 20, 20, 15, 13, 20, 23, 25, 28, 35, 35, 34, 31, 27, 24, 24, 22, 18, 16, 26, 23, 21, 20, 25, 19, 18, 16, 22, 19, 15, 13, 14, 10, 16, 23, 15, 20, 11, 10, 13, 5, 1, 5, 4, 4, 1, 3, 1]
YTOT: [0, 0, 0, 0, 0, 0, 0, 0, 0, 0, 0, 0, 0, 0, 0, 0, 0, 0, 0, 0, 0, 0, 0, 0, 0, 0, 0, 0, 0, 0, 0, 0, 0, 0, 0, 0, 0, 0, 0, 0, 0, 0, 0, 0, 1, 2, 4, 6, 8, 9, 10, 15, 20, 24, 28, 33, 36, 39, 42, 46, 52, 60, 71, 86, 105, 125, 145, 160, 173, 193, 216, 241, 269, 304, 339, 373, 404, 431, 455, 479, 501, 519, 535, 561, 584, 605, 625, 650, 669, 687, 703, 725, 744, 759, 772, 786, 796, 812, 835, 850, 870, 881, 891, 904, 909, 910, 915, 919, 923, 924, 927, 928]

INFO: Total Population: 1133247
INFO: R0: 2
INFO: Incubation Period: 5
INFO: Illness Period: 7
X:[0, 1, 2, 3, 4, 5, 6, 7, 8, 9, 10, 11, 12, 13, 14, 15, 16, 17, 18, 19, 20, 21, 22, 23, 24, 25, 26, 27, 28, 29, 30, 31, 32, 33, 34, 35, 36, 37, 38, 39, 40, 41, 42, 43, 44, 45, 46, 47, 48, 49, 50, 51, 52, 53, 54, 55, 56, 57, 58, 59, 60, 61, 62, 63, 64, 65, 66, 67, 68, 69, 70, 71, 72, 73, 74, 75, 76, 77, 78, 79, 80, 81, 82, 83, 84, 85, 86, 87, 88, 89, 90, 91, 92, 93, 94, 95, 96, 97, 98, 99, 100, 101, 102, 103, 104, 105, 106, 107, 108, 109, 110, 111, 112]
YNEW:[0, 0, 0, 0, 0, 0, 0, 0, 0, 0, 0, 0, 0, 0, 0, 0, 0, 0, 0, 0, 0, 0, 0, 0, 0, 0, 0, 0, 0, 0, 0, 0, 0, 0, 0, 0, 0, 0, 0, 0, 0, 0, 0, 0, 1, 1, 2, 2, 2, 1, 1, 5, 5, 4, 4, 5, 3, 3, 3, 4, 6, 8, 11, 15, 19, 20, 20, 15, 13, 20, 23, 25, 28, 35, 35, 34, 31, 27, 24, 24, 22, 18, 16, 26, 23, 21, 20, 25, 19, 18, 26, 22, 17, 8, 16, 20, 21, 19, 18, 15, 22, 13, 7, 8, 9, 6, 1, 5, 1, 1, 2, 1]
YTOT: [0, 0, 0, 0, 0, 0, 0, 0, 0, 0, 0, 0, 0, 0, 0, 0, 0, 0, 0, 0, 0, 0, 0, 0, 0, 0, 0, 0, 0, 0, 0, 0, 0, 0, 0, 0, 0, 0, 0, 0, 0, 0, 0, 0, 1, 2, 4, 6, 8, 9, 10, 15, 20, 24, 28, 33, 36, 39, 42, 46, 52, 60, 71, 86, 105, 125, 145, 160, 173, 193, 216, 241, 269, 304, 339, 373, 404, 431, 455, 479, 501, 519, 535, 561, 584, 605, 625, 650, 669, 687, 713, 735, 752, 760, 776, 796, 817, 836, 854, 869, 891, 904, 911, 919, 928, 934, 935, 940, 941, 942, 944, 945]

INFO: Total Population: 1133247
INFO: R0: 2
INFO: Incubation Period: 5
INFO: Illness Period: 7
X:[0, 1, 2, 3, 4, 5, 6, 7, 8, 9, 10, 11, 12, 13, 14, 15, 16, 17, 18, 19, 20, 21, 22, 23, 24, 25, 26, 27, 28, 29, 30, 31, 32, 33, 34, 35, 36, 37, 38, 39, 40, 41, 42, 43, 44, 45, 46, 47, 48, 49, 50, 51, 52, 53, 54, 55, 56, 57, 58, 59, 60, 61, 62, 63, 64, 65, 66, 67, 68, 69, 70, 71, 72, 73, 74, 75, 76, 77, 78, 79, 80, 81, 82, 83, 84, 85, 86, 87, 88, 89, 90, 91, 92, 93, 94, 95, 96, 97, 98, 99, 100, 101, 102, 103, 104, 105, 106, 107, 108, 109, 110, 111]
YNEW:[0, 0, 0, 0, 0, 0, 0, 0, 0, 0, 0, 0, 0, 0, 0, 0, 0, 0, 0, 0, 0, 0, 0, 0, 0, 0, 0, 0, 0, 0, 0, 0, 0, 0, 0, 0, 0, 0, 0, 0, 0, 0, 0, 0, 1, 1, 2, 2, 2, 1, 1, 5, 5, 4, 4, 5, 3, 3, 3, 4, 6, 8, 11, 15, 19, 20, 20, 15, 13, 20, 23, 25, 28, 35, 35, 34, 31, 27, 24, 24, 22, 18, 16, 26, 23, 21, 20, 25, 19, 18, 17, 24, 19, 16, 16, 19, 18, 16, 13, 14, 8, 17, 12, 8, 5, 12, 10, 2, 6, 2, 2]
YTOT: [0, 0, 0, 0, 0, 0, 0, 0, 0, 0, 0, 0, 0, 0, 0, 0, 0, 0, 0, 0, 0, 0, 0, 0, 0, 0, 0, 0, 0, 0, 0, 0, 0, 0, 0, 0, 0, 0, 0, 0, 0, 0, 0, 0, 1, 2, 4, 6, 8, 9, 10, 15, 20, 24, 28, 33, 36, 39, 42, 46, 52, 60, 71, 86, 105, 125, 145, 160, 173, 193, 216, 241, 269, 304, 339, 373, 404, 431, 455, 479, 501, 519, 535, 561, 584, 605, 625, 650, 669, 687, 704, 728, 747, 763, 779, 798, 816, 832, 845, 859, 867, 884, 896, 904, 909, 921, 931, 933, 939, 941, 943]

END