

INFO: Total Population: 765935
INFO: R0: 2
INFO: Incubation Period: 5
INFO: Illness Period: 7
X:[0, 1, 2, 3, 4, 5, 6, 7, 8, 9, 10, 11, 12, 13, 14, 15, 16, 17, 18, 19, 20, 21, 22, 23, 24, 25, 26, 27, 28, 29, 30, 31, 32, 33, 34, 35, 36, 37, 38, 39, 40, 41, 42, 43, 44, 45, 46, 47, 48, 49, 50, 51, 52, 53, 54, 55, 56, 57, 58, 59, 60, 61, 62, 63, 64, 65, 66, 67, 68, 69, 70, 71, 72, 73, 74, 75, 76, 77, 78, 79, 80, 81, 82, 83, 84, 85, 86, 87, 88, 89, 90, 91, 92, 93, 94, 95, 96, 97, 98, 99, 100, 101, 102, 103, 104, 105, 106, 107, 108, 109, 110, 111, 112, 113, 114, 115, 116, 117, 118, 119, 120, 121, 122, 123, 124, 125, 126, 127, 128, 129]
YNEW:[0, 0, 0, 0, 0, 0, 0, 0, 0, 0, 0, 0, 0, 0, 0, 0, 0, 0, 0, 0, 0, 0, 0, 0, 0, 0, 0, 0, 0, 0, 0, 0, 0, 0, 0, 0, 0, 0, 0, 0, 0, 1, 0, 0, 0, 0, 0, 2, 4, 3, 2, 3, 6, 4, 6, 12, 14, 16, 16, 11, 8, 13, 15, 12, 19, 28, 31, 23, 26, 17, 35, 47, 46, 50, 40, 32, 22, 23, 19, 14, 14, 9, 21, 22, 25, 24, 26, 30, 21, 41, 34, 31, 23, 22, 22, 15, 30, 28, 32, 35, 32, 32, 22, 29, 30, 30, 20, 22, 29, 24, 23, 18, 16, 24, 27, 36, 21, 24, 18, 23, 18, 17, 17, 8, 9, 3, 4, 2, 1]
YTOT: [0, 0, 0, 0, 0, 0, 0, 0, 0, 0, 0, 0, 0, 0, 0, 0, 0, 0, 0, 0, 0, 0, 0, 0, 0, 0, 0, 0, 0, 0, 0, 0, 0, 0, 0, 0, 0, 0, 0, 0, 0, 1, 1, 1, 1, 1, 1, 3, 7, 10, 12, 15, 21, 25, 31, 43, 57, 73, 89, 100, 108, 121, 136, 148, 167, 195, 226, 249, 275, 292, 327, 374, 420, 470, 510, 542, 564, 587, 606, 620, 634, 643, 664, 686, 711, 735, 761, 791, 812, 853, 887, 918, 941, 963, 985, 1000, 1030, 1058, 1090, 1125, 1157, 1189, 1211, 1240, 1270, 1300, 1320, 1342, 1371, 1395, 1418, 1436, 1452, 1476, 1503, 1539, 1560, 1584, 1602, 1625, 1643, 1660, 1677, 1685, 1694, 1697, 1701, 1703, 1704]

INFO: Total Population: 765935
INFO: R0: 2
INFO: Incubation Period: 5
INFO: Illness Period: 7
X:[0, 1, 2, 3, 4, 5, 6, 7, 8, 9, 10, 11, 12, 13, 14, 15, 16, 17, 18, 19, 20, 21, 22, 23, 24, 25, 26, 27, 28, 29, 30, 31, 32, 33, 34, 35, 36, 37, 38, 39, 40, 41, 42, 43, 44, 45, 46, 47, 48, 49, 50, 51, 52, 53, 54, 55, 56, 57, 58, 59, 60, 61, 62, 63, 64, 65, 66, 67, 68, 69, 70, 71, 72, 73, 74, 75, 76, 77, 78, 79, 80, 81, 82, 83, 84, 85, 86, 87, 88, 89, 90, 91, 92, 93, 94, 95, 96, 97, 98, 99, 100, 101, 102, 103, 104, 105, 106, 107, 108, 109, 110, 111, 112, 113, 114, 115, 116, 117, 118, 119, 120, 121, 122, 123, 124, 125, 126, 127, 128, 129]
YNEW:[0, 0, 0, 0, 0, 0, 0, 0, 0, 0, 0, 0, 0, 0, 0, 0, 0, 0, 0, 0, 0, 0, 0, 0, 0, 0, 0, 0, 0, 0, 0, 0, 0, 0, 0, 0, 0, 0, 0, 0, 0, 1, 0, 0, 0, 0, 0, 2, 4, 3, 2, 3, 6, 4, 6, 12, 14, 16, 16, 11, 8, 13, 15, 12, 19, 28, 31, 23, 26, 17, 35, 47, 46, 50, 40, 32, 22, 23, 19, 14, 14, 9, 21, 22, 25, 24, 26, 30, 21, 41, 34, 31, 23, 22, 22, 15, 30, 28, 32, 35, 32, 32, 22, 29, 30, 30, 20, 32, 24, 20, 15, 20, 25, 29, 28, 25, 26, 30, 26, 19, 17, 15, 11, 16, 2, 5, 5, 4, 2]
YTOT: [0, 0, 0, 0, 0, 0, 0, 0, 0, 0, 0, 0, 0, 0, 0, 0, 0, 0, 0, 0, 0, 0, 0, 0, 0, 0, 0, 0, 0, 0, 0, 0, 0, 0, 0, 0, 0, 0, 0, 0, 0, 1, 1, 1, 1, 1, 1, 3, 7, 10, 12, 15, 21, 25, 31, 43, 57, 73, 89, 100, 108, 121, 136, 148, 167, 195, 226, 249, 275, 292, 327, 374, 420, 470, 510, 542, 564, 587, 606, 620, 634, 643, 664, 686, 711, 735, 761, 791, 812, 853, 887, 918, 941, 963, 985, 1000, 1030, 1058, 1090, 1125, 1157, 1189, 1211, 1240, 1270, 1300, 1320, 1352, 1376, 1396, 1411, 1431, 1456, 1485, 1513, 1538, 1564, 1594, 1620, 1639, 1656, 1671, 1682, 1698, 1700, 1705, 1710, 1714, 1716]

INFO: Total Population: 765935
INFO: R0: 2
INFO: Incubation Period: 5
INFO: Illness Period: 7
X:[0, 1, 2, 3, 4, 5, 6, 7, 8, 9, 10, 11, 12, 13, 14, 15, 16, 17, 18, 19, 20, 21, 22, 23, 24, 25, 26, 27, 28, 29, 30, 31, 32, 33, 34, 35, 36, 37, 38, 39, 40, 41, 42, 43, 44, 45, 46, 47, 48, 49, 50, 51, 52, 53, 54, 55, 56, 57, 58, 59, 60, 61, 62, 63, 64, 65, 66, 67, 68, 69, 70, 71, 72, 73, 74, 75, 76, 77, 78, 79, 80, 81, 82, 83, 84, 85, 86, 87, 88, 89, 90, 91, 92, 93, 94, 95, 96, 97, 98, 99, 100, 101, 102, 103, 104, 105, 106, 107, 108, 109, 110, 111, 112, 113, 114, 115, 116, 117, 118, 119, 120, 121, 122, 123, 124, 125, 126, 127, 128]
YNEW:[0, 0, 0, 0, 0, 0, 0, 0, 0, 0, 0, 0, 0, 0, 0, 0, 0, 0, 0, 0, 0, 0, 0, 0, 0, 0, 0, 0, 0, 0, 0, 0, 0, 0, 0, 0, 0, 0, 0, 0, 0, 1, 0, 0, 0, 0, 0, 2, 4, 3, 2, 3, 6, 4, 6, 12, 14, 16, 16, 11, 8, 13, 15, 12, 19, 28, 31, 23, 26, 17, 35, 47, 46, 50, 40, 32, 22, 23, 19, 14, 14, 9, 21, 22, 25, 24, 26, 30, 21, 41, 34, 31, 23, 22, 22, 15, 30, 28, 32, 35, 32, 32, 22, 29, 30, 30, 20, 21, 28, 23, 29, 15, 18, 20, 22, 33, 34, 29, 25, 18, 11, 15, 15, 8, 5, 4, 2, 2]
YTOT: [0, 0, 0, 0, 0, 0, 0, 0, 0, 0, 0, 0, 0, 0, 0, 0, 0, 0, 0, 0, 0, 0, 0, 0, 0, 0, 0, 0, 0, 0, 0, 0, 0, 0, 0, 0, 0, 0, 0, 0, 0, 1, 1, 1, 1, 1, 1, 3, 7, 10, 12, 15, 21, 25, 31, 43, 57, 73, 89, 100, 108, 121, 136, 148, 167, 195, 226, 249, 275, 292, 327, 374, 420, 470, 510, 542, 564, 587, 606, 620, 634, 643, 664, 686, 711, 735, 761, 791, 812, 853, 887, 918, 941, 963, 985, 1000, 1030, 1058, 1090, 1125, 1157, 1189, 1211, 1240, 1270, 1300, 1320, 1341, 1369, 1392, 1421, 1436, 1454, 1474, 1496, 1529, 1563, 1592, 1617, 1635, 1646, 1661, 1676, 1684, 1689, 1693, 1695, 1697]

INFO: Total Population: 765935
INFO: R0: 2
INFO: Incubation Period: 5
INFO: Illness Period: 7
X:[0, 1, 2, 3, 4, 5, 6, 7, 8, 9, 10, 11, 12, 13, 14, 15, 16, 17, 18, 19, 20, 21, 22, 23, 24, 25, 26, 27, 28, 29, 30, 31, 32, 33, 34, 35, 36, 37, 38, 39, 40, 41, 42, 43, 44, 45, 46, 47, 48, 49, 50, 51, 52, 53, 54, 55, 56, 57, 58, 59, 60, 61, 62, 63, 64, 65, 66, 67, 68, 69, 70, 71, 72, 73, 74, 75, 76, 77, 78, 79, 80, 81, 82, 83, 84, 85, 86, 87, 88, 89, 90, 91, 92, 93, 94, 95, 96, 97, 98, 99, 100, 101, 102, 103, 104, 105, 106, 107, 108, 109, 110, 111, 112, 113, 114, 115, 116, 117, 118, 119, 120, 121, 122, 123, 124, 125, 126, 127, 128, 129]
YNEW:[0, 0, 0, 0, 0, 0, 0, 0, 0, 0, 0, 0, 0, 0, 0, 0, 0, 0, 0, 0, 0, 0, 0, 0, 0, 0, 0, 0, 0, 0, 0, 0, 0, 0, 0, 0, 0, 0, 0, 0, 0, 1, 0, 0, 0, 0, 0, 2, 4, 3, 2, 3, 6, 4, 6, 12, 14, 16, 16, 11, 8, 13, 15, 12, 19, 28, 31, 23, 26, 17, 35, 47, 46, 50, 40, 32, 22, 23, 19, 14, 14, 9, 21, 22, 25, 24, 26, 30, 21, 41, 34, 31, 23, 22, 22, 15, 30, 28, 32, 35, 32, 32, 22, 29, 30, 30, 20, 31, 28, 25, 20, 19, 22, 28, 34, 31, 25, 26, 20, 31, 17, 16, 10, 15, 7, 5, 2, 3, 1]
YTOT: [0, 0, 0, 0, 0, 0, 0, 0, 0, 0, 0, 0, 0, 0, 0, 0, 0, 0, 0, 0, 0, 0, 0, 0, 0, 0, 0, 0, 0, 0, 0, 0, 0, 0, 0, 0, 0, 0, 0, 0, 0, 1, 1, 1, 1, 1, 1, 3, 7, 10, 12, 15, 21, 25, 31, 43, 57, 73, 89, 100, 108, 121, 136, 148, 167, 195, 226, 249, 275, 292, 327, 374, 420, 470, 510, 542, 564, 587, 606, 620, 634, 643, 664, 686, 711, 735, 761, 791, 812, 853, 887, 918, 941, 963, 985, 1000, 1030, 1058, 1090, 1125, 1157, 1189, 1211, 1240, 1270, 1300, 1320, 1351, 1379, 1404, 1424, 1443, 1465, 1493, 1527, 1558, 1583, 1609, 1629, 1660, 1677, 1693, 1703, 1718, 1725, 1730, 1732, 1735, 1736]

INFO: Total Population: 765935
INFO: R0: 2
INFO: Incubation Period: 5
INFO: Illness Period: 7
X:[0, 1, 2, 3, 4, 5, 6, 7, 8, 9, 10, 11, 12, 13, 14, 15, 16, 17, 18, 19, 20, 21, 22, 23, 24, 25, 26, 27, 28, 29, 30, 31, 32, 33, 34, 35, 36, 37, 38, 39, 40, 41, 42, 43, 44, 45, 46, 47, 48, 49, 50, 51, 52, 53, 54, 55, 56, 57, 58, 59, 60, 61, 62, 63, 64, 65, 66, 67, 68, 69, 70, 71, 72, 73, 74, 75, 76, 77, 78, 79, 80, 81, 82, 83, 84, 85, 86, 87, 88, 89, 90, 91, 92, 93, 94, 95, 96, 97, 98, 99, 100, 101, 102, 103, 104, 105, 106, 107, 108, 109, 110, 111, 112, 113, 114, 115, 116, 117, 118, 119, 120, 121, 122, 123, 124, 125, 126, 127, 128]
YNEW:[0, 0, 0, 0, 0, 0, 0, 0, 0, 0, 0, 0, 0, 0, 0, 0, 0, 0, 0, 0, 0, 0, 0, 0, 0, 0, 0, 0, 0, 0, 0, 0, 0, 0, 0, 0, 0, 0, 0, 0, 0, 1, 0, 0, 0, 0, 0, 2, 4, 3, 2, 3, 6, 4, 6, 12, 14, 16, 16, 11, 8, 13, 15, 12, 19, 28, 31, 23, 26, 17, 35, 47, 46, 50, 40, 32, 22, 23, 19, 14, 14, 9, 21, 22, 25, 24, 26, 30, 21, 41, 34, 31, 23, 22, 22, 15, 30, 28, 32, 35, 32, 32, 22, 29, 30, 30, 20, 26, 23, 30, 21, 18, 22, 21, 25, 23, 32, 36, 21, 20, 19, 17, 8, 9, 6, 5, 3, 2]
YTOT: [0, 0, 0, 0, 0, 0, 0, 0, 0, 0, 0, 0, 0, 0, 0, 0, 0, 0, 0, 0, 0, 0, 0, 0, 0, 0, 0, 0, 0, 0, 0, 0, 0, 0, 0, 0, 0, 0, 0, 0, 0, 1, 1, 1, 1, 1, 1, 3, 7, 10, 12, 15, 21, 25, 31, 43, 57, 73, 89, 100, 108, 121, 136, 148, 167, 195, 226, 249, 275, 292, 327, 374, 420, 470, 510, 542, 564, 587, 606, 620, 634, 643, 664, 686, 711, 735, 761, 791, 812, 853, 887, 918, 941, 963, 985, 1000, 1030, 1058, 1090, 1125, 1157, 1189, 1211, 1240, 1270, 1300, 1320, 1346, 1369, 1399, 1420, 1438, 1460, 1481, 1506, 1529, 1561, 1597, 1618, 1638, 1657, 1674, 1682, 1691, 1697, 1702, 1705, 1707]

INFO: Total Population: 765935
INFO: R0: 2
INFO: Incubation Period: 5
INFO: Illness Period: 7
X:[0, 1, 2, 3, 4, 5, 6, 7, 8, 9, 10, 11, 12, 13, 14, 15, 16, 17, 18, 19, 20, 21, 22, 23, 24, 25, 26, 27, 28, 29, 30, 31, 32, 33, 34, 35, 36, 37, 38, 39, 40, 41, 42, 43, 44, 45, 46, 47, 48, 49, 50, 51, 52, 53, 54, 55, 56, 57, 58, 59, 60, 61, 62, 63, 64, 65, 66, 67, 68, 69, 70, 71, 72, 73, 74, 75, 76, 77, 78, 79, 80, 81, 82, 83, 84, 85, 86, 87, 88, 89, 90, 91, 92, 93, 94, 95, 96, 97, 98, 99, 100, 101, 102, 103, 104, 105, 106, 107, 108, 109, 110, 111, 112, 113, 114, 115, 116, 117, 118, 119, 120, 121, 122, 123, 124, 125, 126, 127, 128, 129]
YNEW:[0, 0, 0, 0, 0, 0, 0, 0, 0, 0, 0, 0, 0, 0, 0, 0, 0, 0, 0, 0, 0, 0, 0, 0, 0, 0, 0, 0, 0, 0, 0, 0, 0, 0, 0, 0, 0, 0, 0, 0, 0, 1, 0, 0, 0, 0, 0, 2, 4, 3, 2, 3, 6, 4, 6, 12, 14, 16, 16, 11, 8, 13, 15, 12, 19, 28, 31, 23, 26, 17, 35, 47, 46, 50, 40, 32, 22, 23, 19, 14, 14, 9, 21, 22, 25, 24, 26, 30, 21, 41, 34, 31, 23, 22, 22, 15, 30, 28, 32, 35, 32, 32, 22, 29, 30, 30, 20, 29, 23, 26, 26, 14, 25, 22, 25, 31, 19, 29, 21, 13, 20, 17, 11, 11, 10, 4, 2, 1, 2]
YTOT: [0, 0, 0, 0, 0, 0, 0, 0, 0, 0, 0, 0, 0, 0, 0, 0, 0, 0, 0, 0, 0, 0, 0, 0, 0, 0, 0, 0, 0, 0, 0, 0, 0, 0, 0, 0, 0, 0, 0, 0, 0, 1, 1, 1, 1, 1, 1, 3, 7, 10, 12, 15, 21, 25, 31, 43, 57, 73, 89, 100, 108, 121, 136, 148, 167, 195, 226, 249, 275, 292, 327, 374, 420, 470, 510, 542, 564, 587, 606, 620, 634, 643, 664, 686, 711, 735, 761, 791, 812, 853, 887, 918, 941, 963, 985, 1000, 1030, 1058, 1090, 1125, 1157, 1189, 1211, 1240, 1270, 1300, 1320, 1349, 1372, 1398, 1424, 1438, 1463, 1485, 1510, 1541, 1560, 1589, 1610, 1623, 1643, 1660, 1671, 1682, 1692, 1696, 1698, 1699, 1701]

INFO: Total Population: 765935
INFO: R0: 2
INFO: Incubation Period: 5
INFO: Illness Period: 7
X:[0, 1, 2, 3, 4, 5, 6, 7, 8, 9, 10, 11, 12, 13, 14, 15, 16, 17, 18, 19, 20, 21, 22, 23, 24, 25, 26, 27, 28, 29, 30, 31, 32, 33, 34, 35, 36, 37, 38, 39, 40, 41, 42, 43, 44, 45, 46, 47, 48, 49, 50, 51, 52, 53, 54, 55, 56, 57, 58, 59, 60, 61, 62, 63, 64, 65, 66, 67, 68, 69, 70, 71, 72, 73, 74, 75, 76, 77, 78, 79, 80, 81, 82, 83, 84, 85, 86, 87, 88, 89, 90, 91, 92, 93, 94, 95, 96, 97, 98, 99, 100, 101, 102, 103, 104, 105, 106, 107, 108, 109, 110, 111, 112, 113, 114, 115, 116, 117, 118, 119, 120, 121, 122, 123, 124, 125, 126, 127, 128, 129, 130]
YNEW:[0, 0, 0, 0, 0, 0, 0, 0, 0, 0, 0, 0, 0, 0, 0, 0, 0, 0, 0, 0, 0, 0, 0, 0, 0, 0, 0, 0, 0, 0, 0, 0, 0, 0, 0, 0, 0, 0, 0, 0, 0, 1, 0, 0, 0, 0, 0, 2, 4, 3, 2, 3, 6, 4, 6, 12, 14, 16, 16, 11, 8, 13, 15, 12, 19, 28, 31, 23, 26, 17, 35, 47, 46, 50, 40, 32, 22, 23, 19, 14, 14, 9, 21, 22, 25, 24, 26, 30, 21, 41, 34, 31, 23, 22, 22, 15, 30, 28, 32, 35, 32, 32, 22, 29, 30, 30, 20, 33, 28, 18, 23, 15, 18, 27, 23, 31, 34, 30, 22, 28, 15, 13, 11, 5, 6, 4, 1, 1, 1, 1]
YTOT: [0, 0, 0, 0, 0, 0, 0, 0, 0, 0, 0, 0, 0, 0, 0, 0, 0, 0, 0, 0, 0, 0, 0, 0, 0, 0, 0, 0, 0, 0, 0, 0, 0, 0, 0, 0, 0, 0, 0, 0, 0, 1, 1, 1, 1, 1, 1, 3, 7, 10, 12, 15, 21, 25, 31, 43, 57, 73, 89, 100, 108, 121, 136, 148, 167, 195, 226, 249, 275, 292, 327, 374, 420, 470, 510, 542, 564, 587, 606, 620, 634, 643, 664, 686, 711, 735, 761, 791, 812, 853, 887, 918, 941, 963, 985, 1000, 1030, 1058, 1090, 1125, 1157, 1189, 1211, 1240, 1270, 1300, 1320, 1353, 1381, 1399, 1422, 1437, 1455, 1482, 1505, 1536, 1570, 1600, 1622, 1650, 1665, 1678, 1689, 1694, 1700, 1704, 1705, 1706, 1707, 1708]

INFO: Total Population: 765935
INFO: R0: 2
INFO: Incubation Period: 5
INFO: Illness Period: 7
X:[0, 1, 2, 3, 4, 5, 6, 7, 8, 9, 10, 11, 12, 13, 14, 15, 16, 17, 18, 19, 20, 21, 22, 23, 24, 25, 26, 27, 28, 29, 30, 31, 32, 33, 34, 35, 36, 37, 38, 39, 40, 41, 42, 43, 44, 45, 46, 47, 48, 49, 50, 51, 52, 53, 54, 55, 56, 57, 58, 59, 60, 61, 62, 63, 64, 65, 66, 67, 68, 69, 70, 71, 72, 73, 74, 75, 76, 77, 78, 79, 80, 81, 82, 83, 84, 85, 86, 87, 88, 89, 90, 91, 92, 93, 94, 95, 96, 97, 98, 99, 100, 101, 102, 103, 104, 105, 106, 107, 108, 109, 110, 111, 112, 113, 114, 115, 116, 117, 118, 119, 120, 121, 122, 123, 124, 125, 126, 127, 128, 129, 130]
YNEW:[0, 0, 0, 0, 0, 0, 0, 0, 0, 0, 0, 0, 0, 0, 0, 0, 0, 0, 0, 0, 0, 0, 0, 0, 0, 0, 0, 0, 0, 0, 0, 0, 0, 0, 0, 0, 0, 0, 0, 0, 0, 1, 0, 0, 0, 0, 0, 2, 4, 3, 2, 3, 6, 4, 6, 12, 14, 16, 16, 11, 8, 13, 15, 12, 19, 28, 31, 23, 26, 17, 35, 47, 46, 50, 40, 32, 22, 23, 19, 14, 14, 9, 21, 22, 25, 24, 26, 30, 21, 41, 34, 31, 23, 22, 22, 15, 30, 28, 32, 35, 32, 32, 22, 29, 30, 30, 20, 26, 26, 28, 33, 23, 17, 27, 20, 35, 29, 34, 26, 26, 18, 16, 16, 5, 6, 5, 2, 1, 2, 1]
YTOT: [0, 0, 0, 0, 0, 0, 0, 0, 0, 0, 0, 0, 0, 0, 0, 0, 0, 0, 0, 0, 0, 0, 0, 0, 0, 0, 0, 0, 0, 0, 0, 0, 0, 0, 0, 0, 0, 0, 0, 0, 0, 1, 1, 1, 1, 1, 1, 3, 7, 10, 12, 15, 21, 25, 31, 43, 57, 73, 89, 100, 108, 121, 136, 148, 167, 195, 226, 249, 275, 292, 327, 374, 420, 470, 510, 542, 564, 587, 606, 620, 634, 643, 664, 686, 711, 735, 761, 791, 812, 853, 887, 918, 941, 963, 985, 1000, 1030, 1058, 1090, 1125, 1157, 1189, 1211, 1240, 1270, 1300, 1320, 1346, 1372, 1400, 1433, 1456, 1473, 1500, 1520, 1555, 1584, 1618, 1644, 1670, 1688, 1704, 1720, 1725, 1731, 1736, 1738, 1739, 1741, 1742]

INFO: Total Population: 765935
INFO: R0: 2
INFO: Incubation Period: 5
INFO: Illness Period: 7
X:[0, 1, 2, 3, 4, 5, 6, 7, 8, 9, 10, 11, 12, 13, 14, 15, 16, 17, 18, 19, 20, 21, 22, 23, 24, 25, 26, 27, 28, 29, 30, 31, 32, 33, 34, 35, 36, 37, 38, 39, 40, 41, 42, 43, 44, 45, 46, 47, 48, 49, 50, 51, 52, 53, 54, 55, 56, 57, 58, 59, 60, 61, 62, 63, 64, 65, 66, 67, 68, 69, 70, 71, 72, 73, 74, 75, 76, 77, 78, 79, 80, 81, 82, 83, 84, 85, 86, 87, 88, 89, 90, 91, 92, 93, 94, 95, 96, 97, 98, 99, 100, 101, 102, 103, 104, 105, 106, 107, 108, 109, 110, 111, 112, 113, 114, 115, 116, 117, 118, 119, 120, 121, 122, 123, 124, 125, 126, 127, 128]
YNEW:[0, 0, 0, 0, 0, 0, 0, 0, 0, 0, 0, 0, 0, 0, 0, 0, 0, 0, 0, 0, 0, 0, 0, 0, 0, 0, 0, 0, 0, 0, 0, 0, 0, 0, 0, 0, 0, 0, 0, 0, 0, 1, 0, 0, 0, 0, 0, 2, 4, 3, 2, 3, 6, 4, 6, 12, 14, 16, 16, 11, 8, 13, 15, 12, 19, 28, 31, 23, 26, 17, 35, 47, 46, 50, 40, 32, 22, 23, 19, 14, 14, 9, 21, 22, 25, 24, 26, 30, 21, 41, 34, 31, 23, 22, 22, 15, 30, 28, 32, 35, 32, 32, 22, 29, 30, 30, 20, 22, 28, 22, 31, 19, 15, 17, 34, 28, 30, 28, 22, 22, 11, 13, 9, 6, 6, 3, 1, 2]
YTOT: [0, 0, 0, 0, 0, 0, 0, 0, 0, 0, 0, 0, 0, 0, 0, 0, 0, 0, 0, 0, 0, 0, 0, 0, 0, 0, 0, 0, 0, 0, 0, 0, 0, 0, 0, 0, 0, 0, 0, 0, 0, 1, 1, 1, 1, 1, 1, 3, 7, 10, 12, 15, 21, 25, 31, 43, 57, 73, 89, 100, 108, 121, 136, 148, 167, 195, 226, 249, 275, 292, 327, 374, 420, 470, 510, 542, 564, 587, 606, 620, 634, 643, 664, 686, 711, 735, 761, 791, 812, 853, 887, 918, 941, 963, 985, 1000, 1030, 1058, 1090, 1125, 1157, 1189, 1211, 1240, 1270, 1300, 1320, 1342, 1370, 1392, 1423, 1442, 1457, 1474, 1508, 1536, 1566, 1594, 1616, 1638, 1649, 1662, 1671, 1677, 1683, 1686, 1687, 1689]

INFO: Total Population: 765935
INFO: R0: 2
INFO: Incubation Period: 5
INFO: Illness Period: 7
X:[0, 1, 2, 3, 4, 5, 6, 7, 8, 9, 10, 11, 12, 13, 14, 15, 16, 17, 18, 19, 20, 21, 22, 23, 24, 25, 26, 27, 28, 29, 30, 31, 32, 33, 34, 35, 36, 37, 38, 39, 40, 41, 42, 43, 44, 45, 46, 47, 48, 49, 50, 51, 52, 53, 54, 55, 56, 57, 58, 59, 60, 61, 62, 63, 64, 65, 66, 67, 68, 69, 70, 71, 72, 73, 74, 75, 76, 77, 78, 79, 80, 81, 82, 83, 84, 85, 86, 87, 88, 89, 90, 91, 92, 93, 94, 95, 96, 97, 98, 99, 100, 101, 102, 103, 104, 105, 106, 107, 108, 109, 110, 111, 112, 113, 114, 115, 116, 117, 118, 119, 120, 121, 122, 123, 124, 125, 126, 127, 128]
YNEW:[0, 0, 0, 0, 0, 0, 0, 0, 0, 0, 0, 0, 0, 0, 0, 0, 0, 0, 0, 0, 0, 0, 0, 0, 0, 0, 0, 0, 0, 0, 0, 0, 0, 0, 0, 0, 0, 0, 0, 0, 0, 1, 0, 0, 0, 0, 0, 2, 4, 3, 2, 3, 6, 4, 6, 12, 14, 16, 16, 11, 8, 13, 15, 12, 19, 28, 31, 23, 26, 17, 35, 47, 46, 50, 40, 32, 22, 23, 19, 14, 14, 9, 21, 22, 25, 24, 26, 30, 21, 41, 34, 31, 23, 22, 22, 15, 30, 28, 32, 35, 32, 32, 22, 29, 30, 30, 20, 26, 22, 23, 28, 18, 18, 23, 20, 25, 33, 31, 30, 18, 10, 12, 10, 7, 4, 5, 1, 5]
YTOT: [0, 0, 0, 0, 0, 0, 0, 0, 0, 0, 0, 0, 0, 0, 0, 0, 0, 0, 0, 0, 0, 0, 0, 0, 0, 0, 0, 0, 0, 0, 0, 0, 0, 0, 0, 0, 0, 0, 0, 0, 0, 1, 1, 1, 1, 1, 1, 3, 7, 10, 12, 15, 21, 25, 31, 43, 57, 73, 89, 100, 108, 121, 136, 148, 167, 195, 226, 249, 275, 292, 327, 374, 420, 470, 510, 542, 564, 587, 606, 620, 634, 643, 664, 686, 711, 735, 761, 791, 812, 853, 887, 918, 941, 963, 985, 1000, 1030, 1058, 1090, 1125, 1157, 1189, 1211, 1240, 1270, 1300, 1320, 1346, 1368, 1391, 1419, 1437, 1455, 1478, 1498, 1523, 1556, 1587, 1617, 1635, 1645, 1657, 1667, 1674, 1678, 1683, 1684, 1689]

INFO: Total Population: 765935
INFO: R0: 2
INFO: Incubation Period: 5
INFO: Illness Period: 7
X:[0, 1, 2, 3, 4, 5, 6, 7, 8, 9, 10, 11, 12, 13, 14, 15, 16, 17, 18, 19, 20, 21, 22, 23, 24, 25, 26, 27, 28, 29, 30, 31, 32, 33, 34, 35, 36, 37, 38, 39, 40, 41, 42, 43, 44, 45, 46, 47, 48, 49, 50, 51, 52, 53, 54, 55, 56, 57, 58, 59, 60, 61, 62, 63, 64, 65, 66, 67, 68, 69, 70, 71, 72, 73, 74, 75, 76, 77, 78, 79, 80, 81, 82, 83, 84, 85, 86, 87, 88, 89, 90, 91, 92, 93, 94, 95, 96, 97, 98, 99, 100, 101, 102, 103, 104, 105, 106, 107, 108, 109, 110, 111, 112, 113, 114, 115, 116, 117, 118, 119, 120, 121, 122, 123, 124, 125, 126, 127, 128, 129]
YNEW:[0, 0, 0, 0, 0, 0, 0, 0, 0, 0, 0, 0, 0, 0, 0, 0, 0, 0, 0, 0, 0, 0, 0, 0, 0, 0, 0, 0, 0, 0, 0, 0, 0, 0, 0, 0, 0, 0, 0, 0, 0, 1, 0, 0, 0, 0, 0, 2, 4, 3, 2, 3, 6, 4, 6, 12, 14, 16, 16, 11, 8, 13, 15, 12, 19, 28, 31, 23, 26, 17, 35, 47, 46, 50, 40, 32, 22, 23, 19, 14, 14, 9, 21, 22, 25, 24, 26, 30, 21, 41, 34, 31, 23, 22, 22, 15, 30, 28, 32, 35, 32, 32, 22, 29, 30, 30, 20, 22, 35, 26, 19, 22, 10, 37, 25, 33, 29, 34, 23, 13, 12, 18, 8, 12, 9, 3, 1, 2, 1]
YTOT: [0, 0, 0, 0, 0, 0, 0, 0, 0, 0, 0, 0, 0, 0, 0, 0, 0, 0, 0, 0, 0, 0, 0, 0, 0, 0, 0, 0, 0, 0, 0, 0, 0, 0, 0, 0, 0, 0, 0, 0, 0, 1, 1, 1, 1, 1, 1, 3, 7, 10, 12, 15, 21, 25, 31, 43, 57, 73, 89, 100, 108, 121, 136, 148, 167, 195, 226, 249, 275, 292, 327, 374, 420, 470, 510, 542, 564, 587, 606, 620, 634, 643, 664, 686, 711, 735, 761, 791, 812, 853, 887, 918, 941, 963, 985, 1000, 1030, 1058, 1090, 1125, 1157, 1189, 1211, 1240, 1270, 1300, 1320, 1342, 1377, 1403, 1422, 1444, 1454, 1491, 1516, 1549, 1578, 1612, 1635, 1648, 1660, 1678, 1686, 1698, 1707, 1710, 1711, 1713, 1714]

INFO: Total Population: 765935
INFO: R0: 2
INFO: Incubation Period: 5
INFO: Illness Period: 7
X:[0, 1, 2, 3, 4, 5, 6, 7, 8, 9, 10, 11, 12, 13, 14, 15, 16, 17, 18, 19, 20, 21, 22, 23, 24, 25, 26, 27, 28, 29, 30, 31, 32, 33, 34, 35, 36, 37, 38, 39, 40, 41, 42, 43, 44, 45, 46, 47, 48, 49, 50, 51, 52, 53, 54, 55, 56, 57, 58, 59, 60, 61, 62, 63, 64, 65, 66, 67, 68, 69, 70, 71, 72, 73, 74, 75, 76, 77, 78, 79, 80, 81, 82, 83, 84, 85, 86, 87, 88, 89, 90, 91, 92, 93, 94, 95, 96, 97, 98, 99, 100, 101, 102, 103, 104, 105, 106, 107, 108, 109, 110, 111, 112, 113, 114, 115, 116, 117, 118, 119, 120, 121, 122, 123, 124, 125, 126, 127, 128, 129]
YNEW:[0, 0, 0, 0, 0, 0, 0, 0, 0, 0, 0, 0, 0, 0, 0, 0, 0, 0, 0, 0, 0, 0, 0, 0, 0, 0, 0, 0, 0, 0, 0, 0, 0, 0, 0, 0, 0, 0, 0, 0, 0, 1, 0, 0, 0, 0, 0, 2, 4, 3, 2, 3, 6, 4, 6, 12, 14, 16, 16, 11, 8, 13, 15, 12, 19, 28, 31, 23, 26, 17, 35, 47, 46, 50, 40, 32, 22, 23, 19, 14, 14, 9, 21, 22, 25, 24, 26, 30, 21, 41, 34, 31, 23, 22, 22, 15, 30, 28, 32, 35, 32, 32, 22, 29, 30, 30, 20, 33, 21, 25, 16, 18, 17, 23, 27, 25, 31, 27, 20, 10, 13, 15, 13, 7, 10, 6, 1, 1, 1]
YTOT: [0, 0, 0, 0, 0, 0, 0, 0, 0, 0, 0, 0, 0, 0, 0, 0, 0, 0, 0, 0, 0, 0, 0, 0, 0, 0, 0, 0, 0, 0, 0, 0, 0, 0, 0, 0, 0, 0, 0, 0, 0, 1, 1, 1, 1, 1, 1, 3, 7, 10, 12, 15, 21, 25, 31, 43, 57, 73, 89, 100, 108, 121, 136, 148, 167, 195, 226, 249, 275, 292, 327, 374, 420, 470, 510, 542, 564, 587, 606, 620, 634, 643, 664, 686, 711, 735, 761, 791, 812, 853, 887, 918, 941, 963, 985, 1000, 1030, 1058, 1090, 1125, 1157, 1189, 1211, 1240, 1270, 1300, 1320, 1353, 1374, 1399, 1415, 1433, 1450, 1473, 1500, 1525, 1556, 1583, 1603, 1613, 1626, 1641, 1654, 1661, 1671, 1677, 1678, 1679, 1680]

INFO: Total Population: 765935
INFO: R0: 2
INFO: Incubation Period: 5
INFO: Illness Period: 7
X:[0, 1, 2, 3, 4, 5, 6, 7, 8, 9, 10, 11, 12, 13, 14, 15, 16, 17, 18, 19, 20, 21, 22, 23, 24, 25, 26, 27, 28, 29, 30, 31, 32, 33, 34, 35, 36, 37, 38, 39, 40, 41, 42, 43, 44, 45, 46, 47, 48, 49, 50, 51, 52, 53, 54, 55, 56, 57, 58, 59, 60, 61, 62, 63, 64, 65, 66, 67, 68, 69, 70, 71, 72, 73, 74, 75, 76, 77, 78, 79, 80, 81, 82, 83, 84, 85, 86, 87, 88, 89, 90, 91, 92, 93, 94, 95, 96, 97, 98, 99, 100, 101, 102, 103, 104, 105, 106, 107, 108, 109, 110, 111, 112, 113, 114, 115, 116, 117, 118, 119, 120, 121, 122, 123, 124, 125, 126, 127, 128, 129]
YNEW:[0, 0, 0, 0, 0, 0, 0, 0, 0, 0, 0, 0, 0, 0, 0, 0, 0, 0, 0, 0, 0, 0, 0, 0, 0, 0, 0, 0, 0, 0, 0, 0, 0, 0, 0, 0, 0, 0, 0, 0, 0, 1, 0, 0, 0, 0, 0, 2, 4, 3, 2, 3, 6, 4, 6, 12, 14, 16, 16, 11, 8, 13, 15, 12, 19, 28, 31, 23, 26, 17, 35, 47, 46, 50, 40, 32, 22, 23, 19, 14, 14, 9, 21, 22, 25, 24, 26, 30, 21, 41, 34, 31, 23, 22, 22, 15, 30, 28, 32, 35, 32, 32, 22, 29, 30, 30, 20, 25, 17, 29, 20, 17, 20, 24, 24, 29, 23, 36, 23, 17, 15, 15, 9, 7, 9, 2, 2, 2, 1]
YTOT: [0, 0, 0, 0, 0, 0, 0, 0, 0, 0, 0, 0, 0, 0, 0, 0, 0, 0, 0, 0, 0, 0, 0, 0, 0, 0, 0, 0, 0, 0, 0, 0, 0, 0, 0, 0, 0, 0, 0, 0, 0, 1, 1, 1, 1, 1, 1, 3, 7, 10, 12, 15, 21, 25, 31, 43, 57, 73, 89, 100, 108, 121, 136, 148, 167, 195, 226, 249, 275, 292, 327, 374, 420, 470, 510, 542, 564, 587, 606, 620, 634, 643, 664, 686, 711, 735, 761, 791, 812, 853, 887, 918, 941, 963, 985, 1000, 1030, 1058, 1090, 1125, 1157, 1189, 1211, 1240, 1270, 1300, 1320, 1345, 1362, 1391, 1411, 1428, 1448, 1472, 1496, 1525, 1548, 1584, 1607, 1624, 1639, 1654, 1663, 1670, 1679, 1681, 1683, 1685, 1686]

INFO: Total Population: 765935
INFO: R0: 2
INFO: Incubation Period: 5
INFO: Illness Period: 7
X:[0, 1, 2, 3, 4, 5, 6, 7, 8, 9, 10, 11, 12, 13, 14, 15, 16, 17, 18, 19, 20, 21, 22, 23, 24, 25, 26, 27, 28, 29, 30, 31, 32, 33, 34, 35, 36, 37, 38, 39, 40, 41, 42, 43, 44, 45, 46, 47, 48, 49, 50, 51, 52, 53, 54, 55, 56, 57, 58, 59, 60, 61, 62, 63, 64, 65, 66, 67, 68, 69, 70, 71, 72, 73, 74, 75, 76, 77, 78, 79, 80, 81, 82, 83, 84, 85, 86, 87, 88, 89, 90, 91, 92, 93, 94, 95, 96, 97, 98, 99, 100, 101, 102, 103, 104, 105, 106, 107, 108, 109, 110, 111, 112, 113, 114, 115, 116, 117, 118, 119, 120, 121, 122, 123, 124, 125, 126, 127, 128, 129, 130]
YNEW:[0, 0, 0, 0, 0, 0, 0, 0, 0, 0, 0, 0, 0, 0, 0, 0, 0, 0, 0, 0, 0, 0, 0, 0, 0, 0, 0, 0, 0, 0, 0, 0, 0, 0, 0, 0, 0, 0, 0, 0, 0, 1, 0, 0, 0, 0, 0, 2, 4, 3, 2, 3, 6, 4, 6, 12, 14, 16, 16, 11, 8, 13, 15, 12, 19, 28, 31, 23, 26, 17, 35, 47, 46, 50, 40, 32, 22, 23, 19, 14, 14, 9, 21, 22, 25, 24, 26, 30, 21, 41, 34, 31, 23, 22, 22, 15, 30, 28, 32, 35, 32, 32, 22, 29, 30, 30, 20, 25, 30, 33, 17, 20, 22, 29, 19, 26, 29, 32, 22, 21, 18, 14, 8, 12, 9, 5, 2, 3, 1, 1]
YTOT: [0, 0, 0, 0, 0, 0, 0, 0, 0, 0, 0, 0, 0, 0, 0, 0, 0, 0, 0, 0, 0, 0, 0, 0, 0, 0, 0, 0, 0, 0, 0, 0, 0, 0, 0, 0, 0, 0, 0, 0, 0, 1, 1, 1, 1, 1, 1, 3, 7, 10, 12, 15, 21, 25, 31, 43, 57, 73, 89, 100, 108, 121, 136, 148, 167, 195, 226, 249, 275, 292, 327, 374, 420, 470, 510, 542, 564, 587, 606, 620, 634, 643, 664, 686, 711, 735, 761, 791, 812, 853, 887, 918, 941, 963, 985, 1000, 1030, 1058, 1090, 1125, 1157, 1189, 1211, 1240, 1270, 1300, 1320, 1345, 1375, 1408, 1425, 1445, 1467, 1496, 1515, 1541, 1570, 1602, 1624, 1645, 1663, 1677, 1685, 1697, 1706, 1711, 1713, 1716, 1717, 1718]

INFO: Total Population: 765935
INFO: R0: 2
INFO: Incubation Period: 5
INFO: Illness Period: 7
X:[0, 1, 2, 3, 4, 5, 6, 7, 8, 9, 10, 11, 12, 13, 14, 15, 16, 17, 18, 19, 20, 21, 22, 23, 24, 25, 26, 27, 28, 29, 30, 31, 32, 33, 34, 35, 36, 37, 38, 39, 40, 41, 42, 43, 44, 45, 46, 47, 48, 49, 50, 51, 52, 53, 54, 55, 56, 57, 58, 59, 60, 61, 62, 63, 64, 65, 66, 67, 68, 69, 70, 71, 72, 73, 74, 75, 76, 77, 78, 79, 80, 81, 82, 83, 84, 85, 86, 87, 88, 89, 90, 91, 92, 93, 94, 95, 96, 97, 98, 99, 100, 101, 102, 103, 104, 105, 106, 107, 108, 109, 110, 111, 112, 113, 114, 115, 116, 117, 118, 119, 120, 121, 122, 123, 124, 125, 126, 127, 128]
YNEW:[0, 0, 0, 0, 0, 0, 0, 0, 0, 0, 0, 0, 0, 0, 0, 0, 0, 0, 0, 0, 0, 0, 0, 0, 0, 0, 0, 0, 0, 0, 0, 0, 0, 0, 0, 0, 0, 0, 0, 0, 0, 1, 0, 0, 0, 0, 0, 2, 4, 3, 2, 3, 6, 4, 6, 12, 14, 16, 16, 11, 8, 13, 15, 12, 19, 28, 31, 23, 26, 17, 35, 47, 46, 50, 40, 32, 22, 23, 19, 14, 14, 9, 21, 22, 25, 24, 26, 30, 21, 41, 34, 31, 23, 22, 22, 15, 30, 28, 32, 35, 32, 32, 22, 29, 30, 30, 20, 22, 30, 23, 25, 20, 21, 27, 22, 26, 28, 25, 23, 23, 19, 20, 11, 8, 9, 7, 2, 3]
YTOT: [0, 0, 0, 0, 0, 0, 0, 0, 0, 0, 0, 0, 0, 0, 0, 0, 0, 0, 0, 0, 0, 0, 0, 0, 0, 0, 0, 0, 0, 0, 0, 0, 0, 0, 0, 0, 0, 0, 0, 0, 0, 1, 1, 1, 1, 1, 1, 3, 7, 10, 12, 15, 21, 25, 31, 43, 57, 73, 89, 100, 108, 121, 136, 148, 167, 195, 226, 249, 275, 292, 327, 374, 420, 470, 510, 542, 564, 587, 606, 620, 634, 643, 664, 686, 711, 735, 761, 791, 812, 853, 887, 918, 941, 963, 985, 1000, 1030, 1058, 1090, 1125, 1157, 1189, 1211, 1240, 1270, 1300, 1320, 1342, 1372, 1395, 1420, 1440, 1461, 1488, 1510, 1536, 1564, 1589, 1612, 1635, 1654, 1674, 1685, 1693, 1702, 1709, 1711, 1714]

INFO: Total Population: 765935
INFO: R0: 2
INFO: Incubation Period: 5
INFO: Illness Period: 7
X:[0, 1, 2, 3, 4, 5, 6, 7, 8, 9, 10, 11, 12, 13, 14, 15, 16, 17, 18, 19, 20, 21, 22, 23, 24, 25, 26, 27, 28, 29, 30, 31, 32, 33, 34, 35, 36, 37, 38, 39, 40, 41, 42, 43, 44, 45, 46, 47, 48, 49, 50, 51, 52, 53, 54, 55, 56, 57, 58, 59, 60, 61, 62, 63, 64, 65, 66, 67, 68, 69, 70, 71, 72, 73, 74, 75, 76, 77, 78, 79, 80, 81, 82, 83, 84, 85, 86, 87, 88, 89, 90, 91, 92, 93, 94, 95, 96, 97, 98, 99, 100, 101, 102, 103, 104, 105, 106, 107, 108, 109, 110, 111, 112, 113, 114, 115, 116, 117, 118, 119, 120, 121, 122, 123, 124, 125, 126, 127, 128, 129]
YNEW:[0, 0, 0, 0, 0, 0, 0, 0, 0, 0, 0, 0, 0, 0, 0, 0, 0, 0, 0, 0, 0, 0, 0, 0, 0, 0, 0, 0, 0, 0, 0, 0, 0, 0, 0, 0, 0, 0, 0, 0, 0, 1, 0, 0, 0, 0, 0, 2, 4, 3, 2, 3, 6, 4, 6, 12, 14, 16, 16, 11, 8, 13, 15, 12, 19, 28, 31, 23, 26, 17, 35, 47, 46, 50, 40, 32, 22, 23, 19, 14, 14, 9, 21, 22, 25, 24, 26, 30, 21, 41, 34, 31, 23, 22, 22, 15, 30, 28, 32, 35, 32, 32, 22, 29, 30, 30, 20, 25, 27, 29, 20, 19, 16, 25, 35, 28, 30, 25, 18, 15, 11, 11, 17, 10, 6, 11, 2, 2, 1]
YTOT: [0, 0, 0, 0, 0, 0, 0, 0, 0, 0, 0, 0, 0, 0, 0, 0, 0, 0, 0, 0, 0, 0, 0, 0, 0, 0, 0, 0, 0, 0, 0, 0, 0, 0, 0, 0, 0, 0, 0, 0, 0, 1, 1, 1, 1, 1, 1, 3, 7, 10, 12, 15, 21, 25, 31, 43, 57, 73, 89, 100, 108, 121, 136, 148, 167, 195, 226, 249, 275, 292, 327, 374, 420, 470, 510, 542, 564, 587, 606, 620, 634, 643, 664, 686, 711, 735, 761, 791, 812, 853, 887, 918, 941, 963, 985, 1000, 1030, 1058, 1090, 1125, 1157, 1189, 1211, 1240, 1270, 1300, 1320, 1345, 1372, 1401, 1421, 1440, 1456, 1481, 1516, 1544, 1574, 1599, 1617, 1632, 1643, 1654, 1671, 1681, 1687, 1698, 1700, 1702, 1703]

INFO: Total Population: 765935
INFO: R0: 2
INFO: Incubation Period: 5
INFO: Illness Period: 7
X:[0, 1, 2, 3, 4, 5, 6, 7, 8, 9, 10, 11, 12, 13, 14, 15, 16, 17, 18, 19, 20, 21, 22, 23, 24, 25, 26, 27, 28, 29, 30, 31, 32, 33, 34, 35, 36, 37, 38, 39, 40, 41, 42, 43, 44, 45, 46, 47, 48, 49, 50, 51, 52, 53, 54, 55, 56, 57, 58, 59, 60, 61, 62, 63, 64, 65, 66, 67, 68, 69, 70, 71, 72, 73, 74, 75, 76, 77, 78, 79, 80, 81, 82, 83, 84, 85, 86, 87, 88, 89, 90, 91, 92, 93, 94, 95, 96, 97, 98, 99, 100, 101, 102, 103, 104, 105, 106, 107, 108, 109, 110, 111, 112, 113, 114, 115, 116, 117, 118, 119, 120, 121, 122, 123, 124, 125, 126, 127, 128, 129]
YNEW:[0, 0, 0, 0, 0, 0, 0, 0, 0, 0, 0, 0, 0, 0, 0, 0, 0, 0, 0, 0, 0, 0, 0, 0, 0, 0, 0, 0, 0, 0, 0, 0, 0, 0, 0, 0, 0, 0, 0, 0, 0, 1, 0, 0, 0, 0, 0, 2, 4, 3, 2, 3, 6, 4, 6, 12, 14, 16, 16, 11, 8, 13, 15, 12, 19, 28, 31, 23, 26, 17, 35, 47, 46, 50, 40, 32, 22, 23, 19, 14, 14, 9, 21, 22, 25, 24, 26, 30, 21, 41, 34, 31, 23, 22, 22, 15, 30, 28, 32, 35, 32, 32, 22, 29, 30, 30, 20, 27, 27, 25, 28, 24, 19, 24, 26, 35, 31, 31, 29, 16, 14, 14, 14, 13, 9, 5, 3, 2, 1]
YTOT: [0, 0, 0, 0, 0, 0, 0, 0, 0, 0, 0, 0, 0, 0, 0, 0, 0, 0, 0, 0, 0, 0, 0, 0, 0, 0, 0, 0, 0, 0, 0, 0, 0, 0, 0, 0, 0, 0, 0, 0, 0, 1, 1, 1, 1, 1, 1, 3, 7, 10, 12, 15, 21, 25, 31, 43, 57, 73, 89, 100, 108, 121, 136, 148, 167, 195, 226, 249, 275, 292, 327, 374, 420, 470, 510, 542, 564, 587, 606, 620, 634, 643, 664, 686, 711, 735, 761, 791, 812, 853, 887, 918, 941, 963, 985, 1000, 1030, 1058, 1090, 1125, 1157, 1189, 1211, 1240, 1270, 1300, 1320, 1347, 1374, 1399, 1427, 1451, 1470, 1494, 1520, 1555, 1586, 1617, 1646, 1662, 1676, 1690, 1704, 1717, 1726, 1731, 1734, 1736, 1737]

INFO: Total Population: 765935
INFO: R0: 2
INFO: Incubation Period: 5
INFO: Illness Period: 7
X:[0, 1, 2, 3, 4, 5, 6, 7, 8, 9, 10, 11, 12, 13, 14, 15, 16, 17, 18, 19, 20, 21, 22, 23, 24, 25, 26, 27, 28, 29, 30, 31, 32, 33, 34, 35, 36, 37, 38, 39, 40, 41, 42, 43, 44, 45, 46, 47, 48, 49, 50, 51, 52, 53, 54, 55, 56, 57, 58, 59, 60, 61, 62, 63, 64, 65, 66, 67, 68, 69, 70, 71, 72, 73, 74, 75, 76, 77, 78, 79, 80, 81, 82, 83, 84, 85, 86, 87, 88, 89, 90, 91, 92, 93, 94, 95, 96, 97, 98, 99, 100, 101, 102, 103, 104, 105, 106, 107, 108, 109, 110, 111, 112, 113, 114, 115, 116, 117, 118, 119, 120, 121, 122, 123, 124, 125, 126, 127, 128]
YNEW:[0, 0, 0, 0, 0, 0, 0, 0, 0, 0, 0, 0, 0, 0, 0, 0, 0, 0, 0, 0, 0, 0, 0, 0, 0, 0, 0, 0, 0, 0, 0, 0, 0, 0, 0, 0, 0, 0, 0, 0, 0, 1, 0, 0, 0, 0, 0, 2, 4, 3, 2, 3, 6, 4, 6, 12, 14, 16, 16, 11, 8, 13, 15, 12, 19, 28, 31, 23, 26, 17, 35, 47, 46, 50, 40, 32, 22, 23, 19, 14, 14, 9, 21, 22, 25, 24, 26, 30, 21, 41, 34, 31, 23, 22, 22, 15, 30, 28, 32, 35, 32, 32, 22, 29, 30, 30, 20, 27, 26, 29, 20, 18, 20, 26, 29, 30, 29, 29, 24, 20, 17, 18, 9, 4, 7, 8, 2, 2]
YTOT: [0, 0, 0, 0, 0, 0, 0, 0, 0, 0, 0, 0, 0, 0, 0, 0, 0, 0, 0, 0, 0, 0, 0, 0, 0, 0, 0, 0, 0, 0, 0, 0, 0, 0, 0, 0, 0, 0, 0, 0, 0, 1, 1, 1, 1, 1, 1, 3, 7, 10, 12, 15, 21, 25, 31, 43, 57, 73, 89, 100, 108, 121, 136, 148, 167, 195, 226, 249, 275, 292, 327, 374, 420, 470, 510, 542, 564, 587, 606, 620, 634, 643, 664, 686, 711, 735, 761, 791, 812, 853, 887, 918, 941, 963, 985, 1000, 1030, 1058, 1090, 1125, 1157, 1189, 1211, 1240, 1270, 1300, 1320, 1347, 1373, 1402, 1422, 1440, 1460, 1486, 1515, 1545, 1574, 1603, 1627, 1647, 1664, 1682, 1691, 1695, 1702, 1710, 1712, 1714]

INFO: Total Population: 765935
INFO: R0: 2
INFO: Incubation Period: 5
INFO: Illness Period: 7
X:[0, 1, 2, 3, 4, 5, 6, 7, 8, 9, 10, 11, 12, 13, 14, 15, 16, 17, 18, 19, 20, 21, 22, 23, 24, 25, 26, 27, 28, 29, 30, 31, 32, 33, 34, 35, 36, 37, 38, 39, 40, 41, 42, 43, 44, 45, 46, 47, 48, 49, 50, 51, 52, 53, 54, 55, 56, 57, 58, 59, 60, 61, 62, 63, 64, 65, 66, 67, 68, 69, 70, 71, 72, 73, 74, 75, 76, 77, 78, 79, 80, 81, 82, 83, 84, 85, 86, 87, 88, 89, 90, 91, 92, 93, 94, 95, 96, 97, 98, 99, 100, 101, 102, 103, 104, 105, 106, 107, 108, 109, 110, 111, 112, 113, 114, 115, 116, 117, 118, 119, 120, 121, 122, 123, 124, 125, 126, 127, 128, 129]
YNEW:[0, 0, 0, 0, 0, 0, 0, 0, 0, 0, 0, 0, 0, 0, 0, 0, 0, 0, 0, 0, 0, 0, 0, 0, 0, 0, 0, 0, 0, 0, 0, 0, 0, 0, 0, 0, 0, 0, 0, 0, 0, 1, 0, 0, 0, 0, 0, 2, 4, 3, 2, 3, 6, 4, 6, 12, 14, 16, 16, 11, 8, 13, 15, 12, 19, 28, 31, 23, 26, 17, 35, 47, 46, 50, 40, 32, 22, 23, 19, 14, 14, 9, 21, 22, 25, 24, 26, 30, 21, 41, 34, 31, 23, 22, 22, 15, 30, 28, 32, 35, 32, 32, 22, 29, 30, 30, 20, 20, 23, 24, 15, 20, 19, 31, 21, 18, 35, 25, 16, 19, 26, 15, 7, 3, 4, 2, 2, 1, 1]
YTOT: [0, 0, 0, 0, 0, 0, 0, 0, 0, 0, 0, 0, 0, 0, 0, 0, 0, 0, 0, 0, 0, 0, 0, 0, 0, 0, 0, 0, 0, 0, 0, 0, 0, 0, 0, 0, 0, 0, 0, 0, 0, 1, 1, 1, 1, 1, 1, 3, 7, 10, 12, 15, 21, 25, 31, 43, 57, 73, 89, 100, 108, 121, 136, 148, 167, 195, 226, 249, 275, 292, 327, 374, 420, 470, 510, 542, 564, 587, 606, 620, 634, 643, 664, 686, 711, 735, 761, 791, 812, 853, 887, 918, 941, 963, 985, 1000, 1030, 1058, 1090, 1125, 1157, 1189, 1211, 1240, 1270, 1300, 1320, 1340, 1363, 1387, 1402, 1422, 1441, 1472, 1493, 1511, 1546, 1571, 1587, 1606, 1632, 1647, 1654, 1657, 1661, 1663, 1665, 1666, 1667]

INFO: Total Population: 765935
INFO: R0: 2
INFO: Incubation Period: 5
INFO: Illness Period: 7
X:[0, 1, 2, 3, 4, 5, 6, 7, 8, 9, 10, 11, 12, 13, 14, 15, 16, 17, 18, 19, 20, 21, 22, 23, 24, 25, 26, 27, 28, 29, 30, 31, 32, 33, 34, 35, 36, 37, 38, 39, 40, 41, 42, 43, 44, 45, 46, 47, 48, 49, 50, 51, 52, 53, 54, 55, 56, 57, 58, 59, 60, 61, 62, 63, 64, 65, 66, 67, 68, 69, 70, 71, 72, 73, 74, 75, 76, 77, 78, 79, 80, 81, 82, 83, 84, 85, 86, 87, 88, 89, 90, 91, 92, 93, 94, 95, 96, 97, 98, 99, 100, 101, 102, 103, 104, 105, 106, 107, 108, 109, 110, 111, 112, 113, 114, 115, 116, 117, 118, 119, 120, 121, 122, 123, 124, 125, 126, 127, 128, 129, 130]
YNEW:[0, 0, 0, 0, 0, 0, 0, 0, 0, 0, 0, 0, 0, 0, 0, 0, 0, 0, 0, 0, 0, 0, 0, 0, 0, 0, 0, 0, 0, 0, 0, 0, 0, 0, 0, 0, 0, 0, 0, 0, 0, 1, 0, 0, 0, 0, 0, 2, 4, 3, 2, 3, 6, 4, 6, 12, 14, 16, 16, 11, 8, 13, 15, 12, 19, 28, 31, 23, 26, 17, 35, 47, 46, 50, 40, 32, 22, 23, 19, 14, 14, 9, 21, 22, 25, 24, 26, 30, 21, 41, 34, 31, 23, 22, 22, 15, 30, 28, 32, 35, 32, 32, 22, 29, 30, 30, 20, 32, 18, 22, 28, 22, 12, 26, 24, 23, 28, 29, 21, 11, 13, 16, 16, 11, 6, 5, 4, 3, 1, 1]
YTOT: [0, 0, 0, 0, 0, 0, 0, 0, 0, 0, 0, 0, 0, 0, 0, 0, 0, 0, 0, 0, 0, 0, 0, 0, 0, 0, 0, 0, 0, 0, 0, 0, 0, 0, 0, 0, 0, 0, 0, 0, 0, 1, 1, 1, 1, 1, 1, 3, 7, 10, 12, 15, 21, 25, 31, 43, 57, 73, 89, 100, 108, 121, 136, 148, 167, 195, 226, 249, 275, 292, 327, 374, 420, 470, 510, 542, 564, 587, 606, 620, 634, 643, 664, 686, 711, 735, 761, 791, 812, 853, 887, 918, 941, 963, 985, 1000, 1030, 1058, 1090, 1125, 1157, 1189, 1211, 1240, 1270, 1300, 1320, 1352, 1370, 1392, 1420, 1442, 1454, 1480, 1504, 1527, 1555, 1584, 1605, 1616, 1629, 1645, 1661, 1672, 1678, 1683, 1687, 1690, 1691, 1692]

END