

INFO: Total Population: 571425
INFO: R0: 2
INFO: Incubation Period: 5
INFO: Illness Period: 7
X:[0, 1, 2, 3, 4, 5, 6, 7, 8, 9, 10, 11, 12, 13, 14, 15, 16, 17, 18, 19, 20, 21, 22, 23, 24, 25, 26, 27, 28, 29, 30, 31, 32, 33, 34, 35, 36, 37, 38, 39, 40, 41, 42, 43, 44, 45, 46, 47, 48, 49, 50, 51, 52, 53, 54, 55, 56, 57, 58, 59, 60, 61, 62, 63, 64, 65, 66, 67, 68, 69, 70, 71, 72, 73, 74, 75, 76, 77, 78, 79, 80, 81, 82, 83, 84, 85, 86, 87, 88, 89, 90, 91, 92, 93, 94, 95, 96, 97, 98, 99, 100, 101, 102, 103, 104, 105, 106, 107, 108, 109, 110, 111, 112, 113, 114, 115, 116, 117]
YNEW:[0, 0, 0, 0, 0, 0, 0, 0, 0, 0, 0, 0, 0, 0, 0, 0, 0, 0, 0, 0, 0, 0, 0, 0, 0, 0, 0, 0, 0, 0, 0, 0, 0, 0, 0, 0, 0, 0, 0, 0, 0, 0, 0, 0, 0, 0, 0, 0, 0, 0, 0, 0, 0, 0, 0, 0, 0, 0, 0, 1, 1, 1, 2, 2, 4, 5, 5, 5, 6, 7, 9, 11, 11, 17, 17, 17, 19, 22, 23, 22, 23, 26, 25, 30, 35, 42, 43, 57, 47, 37, 38, 46, 53, 56, 55, 38, 42, 41, 36, 32, 38, 32, 46, 45, 45, 44, 26, 33, 32, 15, 22, 11, 11, 10, 2, 3, 2]
YTOT: [0, 0, 0, 0, 0, 0, 0, 0, 0, 0, 0, 0, 0, 0, 0, 0, 0, 0, 0, 0, 0, 0, 0, 0, 0, 0, 0, 0, 0, 0, 0, 0, 0, 0, 0, 0, 0, 0, 0, 0, 0, 0, 0, 0, 0, 0, 0, 0, 0, 0, 0, 0, 0, 0, 0, 0, 0, 0, 0, 1, 2, 3, 5, 7, 11, 16, 21, 26, 32, 39, 48, 59, 70, 87, 104, 121, 140, 162, 185, 207, 230, 256, 281, 311, 346, 388, 431, 488, 535, 572, 610, 656, 709, 765, 820, 858, 900, 941, 977, 1009, 1047, 1079, 1125, 1170, 1215, 1259, 1285, 1318, 1350, 1365, 1387, 1398, 1409, 1419, 1421, 1424, 1426]

INFO: Total Population: 571425
INFO: R0: 2
INFO: Incubation Period: 5
INFO: Illness Period: 7
X:[0, 1, 2, 3, 4, 5, 6, 7, 8, 9, 10, 11, 12, 13, 14, 15, 16, 17, 18, 19, 20, 21, 22, 23, 24, 25, 26, 27, 28, 29, 30, 31, 32, 33, 34, 35, 36, 37, 38, 39, 40, 41, 42, 43, 44, 45, 46, 47, 48, 49, 50, 51, 52, 53, 54, 55, 56, 57, 58, 59, 60, 61, 62, 63, 64, 65, 66, 67, 68, 69, 70, 71, 72, 73, 74, 75, 76, 77, 78, 79, 80, 81, 82, 83, 84, 85, 86, 87, 88, 89, 90, 91, 92, 93, 94, 95, 96, 97, 98, 99, 100, 101, 102, 103, 104, 105, 106, 107, 108, 109, 110, 111, 112, 113, 114, 115, 116, 117, 118]
YNEW:[0, 0, 0, 0, 0, 0, 0, 0, 0, 0, 0, 0, 0, 0, 0, 0, 0, 0, 0, 0, 0, 0, 0, 0, 0, 0, 0, 0, 0, 0, 0, 0, 0, 0, 0, 0, 0, 0, 0, 0, 0, 0, 0, 0, 0, 0, 0, 0, 0, 0, 0, 0, 0, 0, 0, 0, 0, 0, 0, 1, 1, 1, 2, 2, 4, 5, 5, 5, 6, 7, 9, 11, 11, 17, 17, 17, 19, 22, 23, 22, 23, 26, 25, 30, 35, 42, 43, 57, 47, 37, 38, 46, 53, 56, 55, 43, 44, 42, 35, 30, 35, 51, 44, 43, 44, 42, 28, 28, 27, 21, 16, 13, 10, 1, 6, 3, 1, 2]
YTOT: [0, 0, 0, 0, 0, 0, 0, 0, 0, 0, 0, 0, 0, 0, 0, 0, 0, 0, 0, 0, 0, 0, 0, 0, 0, 0, 0, 0, 0, 0, 0, 0, 0, 0, 0, 0, 0, 0, 0, 0, 0, 0, 0, 0, 0, 0, 0, 0, 0, 0, 0, 0, 0, 0, 0, 0, 0, 0, 0, 1, 2, 3, 5, 7, 11, 16, 21, 26, 32, 39, 48, 59, 70, 87, 104, 121, 140, 162, 185, 207, 230, 256, 281, 311, 346, 388, 431, 488, 535, 572, 610, 656, 709, 765, 820, 863, 907, 949, 984, 1014, 1049, 1100, 1144, 1187, 1231, 1273, 1301, 1329, 1356, 1377, 1393, 1406, 1416, 1417, 1423, 1426, 1427, 1429]

INFO: Total Population: 571425
INFO: R0: 2
INFO: Incubation Period: 5
INFO: Illness Period: 7
X:[0, 1, 2, 3, 4, 5, 6, 7, 8, 9, 10, 11, 12, 13, 14, 15, 16, 17, 18, 19, 20, 21, 22, 23, 24, 25, 26, 27, 28, 29, 30, 31, 32, 33, 34, 35, 36, 37, 38, 39, 40, 41, 42, 43, 44, 45, 46, 47, 48, 49, 50, 51, 52, 53, 54, 55, 56, 57, 58, 59, 60, 61, 62, 63, 64, 65, 66, 67, 68, 69, 70, 71, 72, 73, 74, 75, 76, 77, 78, 79, 80, 81, 82, 83, 84, 85, 86, 87, 88, 89, 90, 91, 92, 93, 94, 95, 96, 97, 98, 99, 100, 101, 102, 103, 104, 105, 106, 107, 108, 109, 110, 111, 112, 113, 114, 115]
YNEW:[0, 0, 0, 0, 0, 0, 0, 0, 0, 0, 0, 0, 0, 0, 0, 0, 0, 0, 0, 0, 0, 0, 0, 0, 0, 0, 0, 0, 0, 0, 0, 0, 0, 0, 0, 0, 0, 0, 0, 0, 0, 0, 0, 0, 0, 0, 0, 0, 0, 0, 0, 0, 0, 0, 0, 0, 0, 0, 0, 1, 1, 1, 2, 2, 4, 5, 5, 5, 6, 7, 9, 11, 11, 17, 17, 17, 19, 22, 23, 22, 23, 26, 25, 30, 35, 42, 43, 57, 47, 37, 38, 46, 53, 56, 55, 38, 50, 35, 36, 36, 28, 50, 36, 47, 50, 48, 37, 27, 35, 25, 11, 15, 5, 8, 2]
YTOT: [0, 0, 0, 0, 0, 0, 0, 0, 0, 0, 0, 0, 0, 0, 0, 0, 0, 0, 0, 0, 0, 0, 0, 0, 0, 0, 0, 0, 0, 0, 0, 0, 0, 0, 0, 0, 0, 0, 0, 0, 0, 0, 0, 0, 0, 0, 0, 0, 0, 0, 0, 0, 0, 0, 0, 0, 0, 0, 0, 1, 2, 3, 5, 7, 11, 16, 21, 26, 32, 39, 48, 59, 70, 87, 104, 121, 140, 162, 185, 207, 230, 256, 281, 311, 346, 388, 431, 488, 535, 572, 610, 656, 709, 765, 820, 858, 908, 943, 979, 1015, 1043, 1093, 1129, 1176, 1226, 1274, 1311, 1338, 1373, 1398, 1409, 1424, 1429, 1437, 1439]

INFO: Total Population: 571425
INFO: R0: 2
INFO: Incubation Period: 5
INFO: Illness Period: 7
X:[0, 1, 2, 3, 4, 5, 6, 7, 8, 9, 10, 11, 12, 13, 14, 15, 16, 17, 18, 19, 20, 21, 22, 23, 24, 25, 26, 27, 28, 29, 30, 31, 32, 33, 34, 35, 36, 37, 38, 39, 40, 41, 42, 43, 44, 45, 46, 47, 48, 49, 50, 51, 52, 53, 54, 55, 56, 57, 58, 59, 60, 61, 62, 63, 64, 65, 66, 67, 68, 69, 70, 71, 72, 73, 74, 75, 76, 77, 78, 79, 80, 81, 82, 83, 84, 85, 86, 87, 88, 89, 90, 91, 92, 93, 94, 95, 96, 97, 98, 99, 100, 101, 102, 103, 104, 105, 106, 107, 108, 109, 110, 111, 112, 113, 114, 115, 116, 117]
YNEW:[0, 0, 0, 0, 0, 0, 0, 0, 0, 0, 0, 0, 0, 0, 0, 0, 0, 0, 0, 0, 0, 0, 0, 0, 0, 0, 0, 0, 0, 0, 0, 0, 0, 0, 0, 0, 0, 0, 0, 0, 0, 0, 0, 0, 0, 0, 0, 0, 0, 0, 0, 0, 0, 0, 0, 0, 0, 0, 0, 1, 1, 1, 2, 2, 4, 5, 5, 5, 6, 7, 9, 11, 11, 17, 17, 17, 19, 22, 23, 22, 23, 26, 25, 30, 35, 42, 43, 57, 47, 37, 38, 46, 53, 56, 55, 43, 46, 37, 38, 34, 21, 42, 43, 49, 37, 47, 30, 36, 23, 15, 16, 14, 11, 11, 4, 2, 3]
YTOT: [0, 0, 0, 0, 0, 0, 0, 0, 0, 0, 0, 0, 0, 0, 0, 0, 0, 0, 0, 0, 0, 0, 0, 0, 0, 0, 0, 0, 0, 0, 0, 0, 0, 0, 0, 0, 0, 0, 0, 0, 0, 0, 0, 0, 0, 0, 0, 0, 0, 0, 0, 0, 0, 0, 0, 0, 0, 0, 0, 1, 2, 3, 5, 7, 11, 16, 21, 26, 32, 39, 48, 59, 70, 87, 104, 121, 140, 162, 185, 207, 230, 256, 281, 311, 346, 388, 431, 488, 535, 572, 610, 656, 709, 765, 820, 863, 909, 946, 984, 1018, 1039, 1081, 1124, 1173, 1210, 1257, 1287, 1323, 1346, 1361, 1377, 1391, 1402, 1413, 1417, 1419, 1422]

INFO: Total Population: 571425
INFO: R0: 2
INFO: Incubation Period: 5
INFO: Illness Period: 7
X:[0, 1, 2, 3, 4, 5, 6, 7, 8, 9, 10, 11, 12, 13, 14, 15, 16, 17, 18, 19, 20, 21, 22, 23, 24, 25, 26, 27, 28, 29, 30, 31, 32, 33, 34, 35, 36, 37, 38, 39, 40, 41, 42, 43, 44, 45, 46, 47, 48, 49, 50, 51, 52, 53, 54, 55, 56, 57, 58, 59, 60, 61, 62, 63, 64, 65, 66, 67, 68, 69, 70, 71, 72, 73, 74, 75, 76, 77, 78, 79, 80, 81, 82, 83, 84, 85, 86, 87, 88, 89, 90, 91, 92, 93, 94, 95, 96, 97, 98, 99, 100, 101, 102, 103, 104, 105, 106, 107, 108, 109, 110, 111, 112, 113, 114, 115, 116, 117]
YNEW:[0, 0, 0, 0, 0, 0, 0, 0, 0, 0, 0, 0, 0, 0, 0, 0, 0, 0, 0, 0, 0, 0, 0, 0, 0, 0, 0, 0, 0, 0, 0, 0, 0, 0, 0, 0, 0, 0, 0, 0, 0, 0, 0, 0, 0, 0, 0, 0, 0, 0, 0, 0, 0, 0, 0, 0, 0, 0, 0, 1, 1, 1, 2, 2, 4, 5, 5, 5, 6, 7, 9, 11, 11, 17, 17, 17, 19, 22, 23, 22, 23, 26, 25, 30, 35, 42, 43, 57, 47, 37, 38, 46, 53, 56, 55, 40, 40, 29, 37, 41, 22, 44, 38, 44, 52, 38, 37, 27, 28, 15, 21, 9, 4, 3, 8, 3, 5]
YTOT: [0, 0, 0, 0, 0, 0, 0, 0, 0, 0, 0, 0, 0, 0, 0, 0, 0, 0, 0, 0, 0, 0, 0, 0, 0, 0, 0, 0, 0, 0, 0, 0, 0, 0, 0, 0, 0, 0, 0, 0, 0, 0, 0, 0, 0, 0, 0, 0, 0, 0, 0, 0, 0, 0, 0, 0, 0, 0, 0, 1, 2, 3, 5, 7, 11, 16, 21, 26, 32, 39, 48, 59, 70, 87, 104, 121, 140, 162, 185, 207, 230, 256, 281, 311, 346, 388, 431, 488, 535, 572, 610, 656, 709, 765, 820, 860, 900, 929, 966, 1007, 1029, 1073, 1111, 1155, 1207, 1245, 1282, 1309, 1337, 1352, 1373, 1382, 1386, 1389, 1397, 1400, 1405]

INFO: Total Population: 571425
INFO: R0: 2
INFO: Incubation Period: 5
INFO: Illness Period: 7
X:[0, 1, 2, 3, 4, 5, 6, 7, 8, 9, 10, 11, 12, 13, 14, 15, 16, 17, 18, 19, 20, 21, 22, 23, 24, 25, 26, 27, 28, 29, 30, 31, 32, 33, 34, 35, 36, 37, 38, 39, 40, 41, 42, 43, 44, 45, 46, 47, 48, 49, 50, 51, 52, 53, 54, 55, 56, 57, 58, 59, 60, 61, 62, 63, 64, 65, 66, 67, 68, 69, 70, 71, 72, 73, 74, 75, 76, 77, 78, 79, 80, 81, 82, 83, 84, 85, 86, 87, 88, 89, 90, 91, 92, 93, 94, 95, 96, 97, 98, 99, 100, 101, 102, 103, 104, 105, 106, 107, 108, 109, 110, 111, 112, 113, 114, 115, 116, 117]
YNEW:[0, 0, 0, 0, 0, 0, 0, 0, 0, 0, 0, 0, 0, 0, 0, 0, 0, 0, 0, 0, 0, 0, 0, 0, 0, 0, 0, 0, 0, 0, 0, 0, 0, 0, 0, 0, 0, 0, 0, 0, 0, 0, 0, 0, 0, 0, 0, 0, 0, 0, 0, 0, 0, 0, 0, 0, 0, 0, 0, 1, 1, 1, 2, 2, 4, 5, 5, 5, 6, 7, 9, 11, 11, 17, 17, 17, 19, 22, 23, 22, 23, 26, 25, 30, 35, 42, 43, 57, 47, 37, 38, 46, 53, 56, 55, 50, 30, 41, 31, 23, 39, 38, 43, 46, 51, 35, 31, 22, 33, 16, 14, 9, 15, 11, 3, 2, 3]
YTOT: [0, 0, 0, 0, 0, 0, 0, 0, 0, 0, 0, 0, 0, 0, 0, 0, 0, 0, 0, 0, 0, 0, 0, 0, 0, 0, 0, 0, 0, 0, 0, 0, 0, 0, 0, 0, 0, 0, 0, 0, 0, 0, 0, 0, 0, 0, 0, 0, 0, 0, 0, 0, 0, 0, 0, 0, 0, 0, 0, 1, 2, 3, 5, 7, 11, 16, 21, 26, 32, 39, 48, 59, 70, 87, 104, 121, 140, 162, 185, 207, 230, 256, 281, 311, 346, 388, 431, 488, 535, 572, 610, 656, 709, 765, 820, 870, 900, 941, 972, 995, 1034, 1072, 1115, 1161, 1212, 1247, 1278, 1300, 1333, 1349, 1363, 1372, 1387, 1398, 1401, 1403, 1406]

INFO: Total Population: 571425
INFO: R0: 2
INFO: Incubation Period: 5
INFO: Illness Period: 7
X:[0, 1, 2, 3, 4, 5, 6, 7, 8, 9, 10, 11, 12, 13, 14, 15, 16, 17, 18, 19, 20, 21, 22, 23, 24, 25, 26, 27, 28, 29, 30, 31, 32, 33, 34, 35, 36, 37, 38, 39, 40, 41, 42, 43, 44, 45, 46, 47, 48, 49, 50, 51, 52, 53, 54, 55, 56, 57, 58, 59, 60, 61, 62, 63, 64, 65, 66, 67, 68, 69, 70, 71, 72, 73, 74, 75, 76, 77, 78, 79, 80, 81, 82, 83, 84, 85, 86, 87, 88, 89, 90, 91, 92, 93, 94, 95, 96, 97, 98, 99, 100, 101, 102, 103, 104, 105, 106, 107, 108, 109, 110, 111, 112, 113, 114, 115, 116, 117]
YNEW:[0, 0, 0, 0, 0, 0, 0, 0, 0, 0, 0, 0, 0, 0, 0, 0, 0, 0, 0, 0, 0, 0, 0, 0, 0, 0, 0, 0, 0, 0, 0, 0, 0, 0, 0, 0, 0, 0, 0, 0, 0, 0, 0, 0, 0, 0, 0, 0, 0, 0, 0, 0, 0, 0, 0, 0, 0, 0, 0, 1, 1, 1, 2, 2, 4, 5, 5, 5, 6, 7, 9, 11, 11, 17, 17, 17, 19, 22, 23, 22, 23, 26, 25, 30, 35, 42, 43, 57, 47, 37, 38, 46, 53, 56, 55, 39, 39, 51, 37, 27, 33, 47, 48, 58, 32, 46, 33, 26, 27, 23, 25, 15, 7, 7, 4, 1, 1]
YTOT: [0, 0, 0, 0, 0, 0, 0, 0, 0, 0, 0, 0, 0, 0, 0, 0, 0, 0, 0, 0, 0, 0, 0, 0, 0, 0, 0, 0, 0, 0, 0, 0, 0, 0, 0, 0, 0, 0, 0, 0, 0, 0, 0, 0, 0, 0, 0, 0, 0, 0, 0, 0, 0, 0, 0, 0, 0, 0, 0, 1, 2, 3, 5, 7, 11, 16, 21, 26, 32, 39, 48, 59, 70, 87, 104, 121, 140, 162, 185, 207, 230, 256, 281, 311, 346, 388, 431, 488, 535, 572, 610, 656, 709, 765, 820, 859, 898, 949, 986, 1013, 1046, 1093, 1141, 1199, 1231, 1277, 1310, 1336, 1363, 1386, 1411, 1426, 1433, 1440, 1444, 1445, 1446]

INFO: Total Population: 571425
INFO: R0: 2
INFO: Incubation Period: 5
INFO: Illness Period: 7
X:[0, 1, 2, 3, 4, 5, 6, 7, 8, 9, 10, 11, 12, 13, 14, 15, 16, 17, 18, 19, 20, 21, 22, 23, 24, 25, 26, 27, 28, 29, 30, 31, 32, 33, 34, 35, 36, 37, 38, 39, 40, 41, 42, 43, 44, 45, 46, 47, 48, 49, 50, 51, 52, 53, 54, 55, 56, 57, 58, 59, 60, 61, 62, 63, 64, 65, 66, 67, 68, 69, 70, 71, 72, 73, 74, 75, 76, 77, 78, 79, 80, 81, 82, 83, 84, 85, 86, 87, 88, 89, 90, 91, 92, 93, 94, 95, 96, 97, 98, 99, 100, 101, 102, 103, 104, 105, 106, 107, 108, 109, 110, 111, 112, 113, 114, 115, 116, 117, 118]
YNEW:[0, 0, 0, 0, 0, 0, 0, 0, 0, 0, 0, 0, 0, 0, 0, 0, 0, 0, 0, 0, 0, 0, 0, 0, 0, 0, 0, 0, 0, 0, 0, 0, 0, 0, 0, 0, 0, 0, 0, 0, 0, 0, 0, 0, 0, 0, 0, 0, 0, 0, 0, 0, 0, 0, 0, 0, 0, 0, 0, 1, 1, 1, 2, 2, 4, 5, 5, 5, 6, 7, 9, 11, 11, 17, 17, 17, 19, 22, 23, 22, 23, 26, 25, 30, 35, 42, 43, 57, 47, 37, 38, 46, 53, 56, 55, 30, 36, 46, 32, 30, 40, 32, 44, 44, 35, 42, 26, 43, 18, 27, 21, 12, 11, 7, 5, 3, 1, 1]
YTOT: [0, 0, 0, 0, 0, 0, 0, 0, 0, 0, 0, 0, 0, 0, 0, 0, 0, 0, 0, 0, 0, 0, 0, 0, 0, 0, 0, 0, 0, 0, 0, 0, 0, 0, 0, 0, 0, 0, 0, 0, 0, 0, 0, 0, 0, 0, 0, 0, 0, 0, 0, 0, 0, 0, 0, 0, 0, 0, 0, 1, 2, 3, 5, 7, 11, 16, 21, 26, 32, 39, 48, 59, 70, 87, 104, 121, 140, 162, 185, 207, 230, 256, 281, 311, 346, 388, 431, 488, 535, 572, 610, 656, 709, 765, 820, 850, 886, 932, 964, 994, 1034, 1066, 1110, 1154, 1189, 1231, 1257, 1300, 1318, 1345, 1366, 1378, 1389, 1396, 1401, 1404, 1405, 1406]

INFO: Total Population: 571425
INFO: R0: 2
INFO: Incubation Period: 5
INFO: Illness Period: 7
X:[0, 1, 2, 3, 4, 5, 6, 7, 8, 9, 10, 11, 12, 13, 14, 15, 16, 17, 18, 19, 20, 21, 22, 23, 24, 25, 26, 27, 28, 29, 30, 31, 32, 33, 34, 35, 36, 37, 38, 39, 40, 41, 42, 43, 44, 45, 46, 47, 48, 49, 50, 51, 52, 53, 54, 55, 56, 57, 58, 59, 60, 61, 62, 63, 64, 65, 66, 67, 68, 69, 70, 71, 72, 73, 74, 75, 76, 77, 78, 79, 80, 81, 82, 83, 84, 85, 86, 87, 88, 89, 90, 91, 92, 93, 94, 95, 96, 97, 98, 99, 100, 101, 102, 103, 104, 105, 106, 107, 108, 109, 110, 111, 112, 113, 114, 115, 116]
YNEW:[0, 0, 0, 0, 0, 0, 0, 0, 0, 0, 0, 0, 0, 0, 0, 0, 0, 0, 0, 0, 0, 0, 0, 0, 0, 0, 0, 0, 0, 0, 0, 0, 0, 0, 0, 0, 0, 0, 0, 0, 0, 0, 0, 0, 0, 0, 0, 0, 0, 0, 0, 0, 0, 0, 0, 0, 0, 0, 0, 1, 1, 1, 2, 2, 4, 5, 5, 5, 6, 7, 9, 11, 11, 17, 17, 17, 19, 22, 23, 22, 23, 26, 25, 30, 35, 42, 43, 57, 47, 37, 38, 46, 53, 56, 55, 59, 38, 49, 38, 27, 39, 51, 41, 50, 55, 46, 27, 38, 29, 24, 16, 11, 16, 6, 1, 1]
YTOT: [0, 0, 0, 0, 0, 0, 0, 0, 0, 0, 0, 0, 0, 0, 0, 0, 0, 0, 0, 0, 0, 0, 0, 0, 0, 0, 0, 0, 0, 0, 0, 0, 0, 0, 0, 0, 0, 0, 0, 0, 0, 0, 0, 0, 0, 0, 0, 0, 0, 0, 0, 0, 0, 0, 0, 0, 0, 0, 0, 1, 2, 3, 5, 7, 11, 16, 21, 26, 32, 39, 48, 59, 70, 87, 104, 121, 140, 162, 185, 207, 230, 256, 281, 311, 346, 388, 431, 488, 535, 572, 610, 656, 709, 765, 820, 879, 917, 966, 1004, 1031, 1070, 1121, 1162, 1212, 1267, 1313, 1340, 1378, 1407, 1431, 1447, 1458, 1474, 1480, 1481, 1482]

INFO: Total Population: 571425
INFO: R0: 2
INFO: Incubation Period: 5
INFO: Illness Period: 7
X:[0, 1, 2, 3, 4, 5, 6, 7, 8, 9, 10, 11, 12, 13, 14, 15, 16, 17, 18, 19, 20, 21, 22, 23, 24, 25, 26, 27, 28, 29, 30, 31, 32, 33, 34, 35, 36, 37, 38, 39, 40, 41, 42, 43, 44, 45, 46, 47, 48, 49, 50, 51, 52, 53, 54, 55, 56, 57, 58, 59, 60, 61, 62, 63, 64, 65, 66, 67, 68, 69, 70, 71, 72, 73, 74, 75, 76, 77, 78, 79, 80, 81, 82, 83, 84, 85, 86, 87, 88, 89, 90, 91, 92, 93, 94, 95, 96, 97, 98, 99, 100, 101, 102, 103, 104, 105, 106, 107, 108, 109, 110, 111, 112, 113, 114, 115, 116, 117, 118]
YNEW:[0, 0, 0, 0, 0, 0, 0, 0, 0, 0, 0, 0, 0, 0, 0, 0, 0, 0, 0, 0, 0, 0, 0, 0, 0, 0, 0, 0, 0, 0, 0, 0, 0, 0, 0, 0, 0, 0, 0, 0, 0, 0, 0, 0, 0, 0, 0, 0, 0, 0, 0, 0, 0, 0, 0, 0, 0, 0, 0, 1, 1, 1, 2, 2, 4, 5, 5, 5, 6, 7, 9, 11, 11, 17, 17, 17, 19, 22, 23, 22, 23, 26, 25, 30, 35, 42, 43, 57, 47, 37, 38, 46, 53, 56, 55, 32, 40, 41, 29, 32, 31, 42, 43, 52, 46, 47, 31, 22, 20, 17, 14, 16, 10, 7, 7, 2, 1, 1]
YTOT: [0, 0, 0, 0, 0, 0, 0, 0, 0, 0, 0, 0, 0, 0, 0, 0, 0, 0, 0, 0, 0, 0, 0, 0, 0, 0, 0, 0, 0, 0, 0, 0, 0, 0, 0, 0, 0, 0, 0, 0, 0, 0, 0, 0, 0, 0, 0, 0, 0, 0, 0, 0, 0, 0, 0, 0, 0, 0, 0, 1, 2, 3, 5, 7, 11, 16, 21, 26, 32, 39, 48, 59, 70, 87, 104, 121, 140, 162, 185, 207, 230, 256, 281, 311, 346, 388, 431, 488, 535, 572, 610, 656, 709, 765, 820, 852, 892, 933, 962, 994, 1025, 1067, 1110, 1162, 1208, 1255, 1286, 1308, 1328, 1345, 1359, 1375, 1385, 1392, 1399, 1401, 1402, 1403]

INFO: Total Population: 571425
INFO: R0: 2
INFO: Incubation Period: 5
INFO: Illness Period: 7
X:[0, 1, 2, 3, 4, 5, 6, 7, 8, 9, 10, 11, 12, 13, 14, 15, 16, 17, 18, 19, 20, 21, 22, 23, 24, 25, 26, 27, 28, 29, 30, 31, 32, 33, 34, 35, 36, 37, 38, 39, 40, 41, 42, 43, 44, 45, 46, 47, 48, 49, 50, 51, 52, 53, 54, 55, 56, 57, 58, 59, 60, 61, 62, 63, 64, 65, 66, 67, 68, 69, 70, 71, 72, 73, 74, 75, 76, 77, 78, 79, 80, 81, 82, 83, 84, 85, 86, 87, 88, 89, 90, 91, 92, 93, 94, 95, 96, 97, 98, 99, 100, 101, 102, 103, 104, 105, 106, 107, 108, 109, 110, 111, 112, 113, 114, 115, 116]
YNEW:[0, 0, 0, 0, 0, 0, 0, 0, 0, 0, 0, 0, 0, 0, 0, 0, 0, 0, 0, 0, 0, 0, 0, 0, 0, 0, 0, 0, 0, 0, 0, 0, 0, 0, 0, 0, 0, 0, 0, 0, 0, 0, 0, 0, 0, 0, 0, 0, 0, 0, 0, 0, 0, 0, 0, 0, 0, 0, 0, 1, 1, 1, 2, 2, 4, 5, 5, 5, 6, 7, 9, 11, 11, 17, 17, 17, 19, 22, 23, 22, 23, 26, 25, 30, 35, 42, 43, 57, 47, 37, 38, 46, 53, 56, 55, 36, 42, 30, 42, 41, 27, 41, 36, 55, 47, 47, 29, 29, 30, 21, 21, 16, 9, 9, 3, 2]
YTOT: [0, 0, 0, 0, 0, 0, 0, 0, 0, 0, 0, 0, 0, 0, 0, 0, 0, 0, 0, 0, 0, 0, 0, 0, 0, 0, 0, 0, 0, 0, 0, 0, 0, 0, 0, 0, 0, 0, 0, 0, 0, 0, 0, 0, 0, 0, 0, 0, 0, 0, 0, 0, 0, 0, 0, 0, 0, 0, 0, 1, 2, 3, 5, 7, 11, 16, 21, 26, 32, 39, 48, 59, 70, 87, 104, 121, 140, 162, 185, 207, 230, 256, 281, 311, 346, 388, 431, 488, 535, 572, 610, 656, 709, 765, 820, 856, 898, 928, 970, 1011, 1038, 1079, 1115, 1170, 1217, 1264, 1293, 1322, 1352, 1373, 1394, 1410, 1419, 1428, 1431, 1433]

INFO: Total Population: 571425
INFO: R0: 2
INFO: Incubation Period: 5
INFO: Illness Period: 7
X:[0, 1, 2, 3, 4, 5, 6, 7, 8, 9, 10, 11, 12, 13, 14, 15, 16, 17, 18, 19, 20, 21, 22, 23, 24, 25, 26, 27, 28, 29, 30, 31, 32, 33, 34, 35, 36, 37, 38, 39, 40, 41, 42, 43, 44, 45, 46, 47, 48, 49, 50, 51, 52, 53, 54, 55, 56, 57, 58, 59, 60, 61, 62, 63, 64, 65, 66, 67, 68, 69, 70, 71, 72, 73, 74, 75, 76, 77, 78, 79, 80, 81, 82, 83, 84, 85, 86, 87, 88, 89, 90, 91, 92, 93, 94, 95, 96, 97, 98, 99, 100, 101, 102, 103, 104, 105, 106, 107, 108, 109, 110, 111, 112, 113, 114, 115, 116, 117, 118]
YNEW:[0, 0, 0, 0, 0, 0, 0, 0, 0, 0, 0, 0, 0, 0, 0, 0, 0, 0, 0, 0, 0, 0, 0, 0, 0, 0, 0, 0, 0, 0, 0, 0, 0, 0, 0, 0, 0, 0, 0, 0, 0, 0, 0, 0, 0, 0, 0, 0, 0, 0, 0, 0, 0, 0, 0, 0, 0, 0, 0, 1, 1, 1, 2, 2, 4, 5, 5, 5, 6, 7, 9, 11, 11, 17, 17, 17, 19, 22, 23, 22, 23, 26, 25, 30, 35, 42, 43, 57, 47, 37, 38, 46, 53, 56, 55, 43, 37, 41, 43, 27, 44, 40, 58, 44, 43, 48, 48, 33, 17, 18, 17, 17, 7, 5, 6, 5, 1, 1]
YTOT: [0, 0, 0, 0, 0, 0, 0, 0, 0, 0, 0, 0, 0, 0, 0, 0, 0, 0, 0, 0, 0, 0, 0, 0, 0, 0, 0, 0, 0, 0, 0, 0, 0, 0, 0, 0, 0, 0, 0, 0, 0, 0, 0, 0, 0, 0, 0, 0, 0, 0, 0, 0, 0, 0, 0, 0, 0, 0, 0, 1, 2, 3, 5, 7, 11, 16, 21, 26, 32, 39, 48, 59, 70, 87, 104, 121, 140, 162, 185, 207, 230, 256, 281, 311, 346, 388, 431, 488, 535, 572, 610, 656, 709, 765, 820, 863, 900, 941, 984, 1011, 1055, 1095, 1153, 1197, 1240, 1288, 1336, 1369, 1386, 1404, 1421, 1438, 1445, 1450, 1456, 1461, 1462, 1463]

INFO: Total Population: 571425
INFO: R0: 2
INFO: Incubation Period: 5
INFO: Illness Period: 7
X:[0, 1, 2, 3, 4, 5, 6, 7, 8, 9, 10, 11, 12, 13, 14, 15, 16, 17, 18, 19, 20, 21, 22, 23, 24, 25, 26, 27, 28, 29, 30, 31, 32, 33, 34, 35, 36, 37, 38, 39, 40, 41, 42, 43, 44, 45, 46, 47, 48, 49, 50, 51, 52, 53, 54, 55, 56, 57, 58, 59, 60, 61, 62, 63, 64, 65, 66, 67, 68, 69, 70, 71, 72, 73, 74, 75, 76, 77, 78, 79, 80, 81, 82, 83, 84, 85, 86, 87, 88, 89, 90, 91, 92, 93, 94, 95, 96, 97, 98, 99, 100, 101, 102, 103, 104, 105, 106, 107, 108, 109, 110, 111, 112, 113, 114, 115, 116]
YNEW:[0, 0, 0, 0, 0, 0, 0, 0, 0, 0, 0, 0, 0, 0, 0, 0, 0, 0, 0, 0, 0, 0, 0, 0, 0, 0, 0, 0, 0, 0, 0, 0, 0, 0, 0, 0, 0, 0, 0, 0, 0, 0, 0, 0, 0, 0, 0, 0, 0, 0, 0, 0, 0, 0, 0, 0, 0, 0, 0, 1, 1, 1, 2, 2, 4, 5, 5, 5, 6, 7, 9, 11, 11, 17, 17, 17, 19, 22, 23, 22, 23, 26, 25, 30, 35, 42, 43, 57, 47, 37, 38, 46, 53, 56, 55, 38, 43, 46, 31, 34, 29, 48, 44, 48, 33, 43, 42, 21, 30, 19, 20, 10, 13, 6, 3, 4]
YTOT: [0, 0, 0, 0, 0, 0, 0, 0, 0, 0, 0, 0, 0, 0, 0, 0, 0, 0, 0, 0, 0, 0, 0, 0, 0, 0, 0, 0, 0, 0, 0, 0, 0, 0, 0, 0, 0, 0, 0, 0, 0, 0, 0, 0, 0, 0, 0, 0, 0, 0, 0, 0, 0, 0, 0, 0, 0, 0, 0, 1, 2, 3, 5, 7, 11, 16, 21, 26, 32, 39, 48, 59, 70, 87, 104, 121, 140, 162, 185, 207, 230, 256, 281, 311, 346, 388, 431, 488, 535, 572, 610, 656, 709, 765, 820, 858, 901, 947, 978, 1012, 1041, 1089, 1133, 1181, 1214, 1257, 1299, 1320, 1350, 1369, 1389, 1399, 1412, 1418, 1421, 1425]

INFO: Total Population: 571425
INFO: R0: 2
INFO: Incubation Period: 5
INFO: Illness Period: 7
X:[0, 1, 2, 3, 4, 5, 6, 7, 8, 9, 10, 11, 12, 13, 14, 15, 16, 17, 18, 19, 20, 21, 22, 23, 24, 25, 26, 27, 28, 29, 30, 31, 32, 33, 34, 35, 36, 37, 38, 39, 40, 41, 42, 43, 44, 45, 46, 47, 48, 49, 50, 51, 52, 53, 54, 55, 56, 57, 58, 59, 60, 61, 62, 63, 64, 65, 66, 67, 68, 69, 70, 71, 72, 73, 74, 75, 76, 77, 78, 79, 80, 81, 82, 83, 84, 85, 86, 87, 88, 89, 90, 91, 92, 93, 94, 95, 96, 97, 98, 99, 100, 101, 102, 103, 104, 105, 106, 107, 108, 109, 110, 111, 112, 113, 114, 115, 116, 117, 118]
YNEW:[0, 0, 0, 0, 0, 0, 0, 0, 0, 0, 0, 0, 0, 0, 0, 0, 0, 0, 0, 0, 0, 0, 0, 0, 0, 0, 0, 0, 0, 0, 0, 0, 0, 0, 0, 0, 0, 0, 0, 0, 0, 0, 0, 0, 0, 0, 0, 0, 0, 0, 0, 0, 0, 0, 0, 0, 0, 0, 0, 1, 1, 1, 2, 2, 4, 5, 5, 5, 6, 7, 9, 11, 11, 17, 17, 17, 19, 22, 23, 22, 23, 26, 25, 30, 35, 42, 43, 57, 47, 37, 38, 46, 53, 56, 55, 51, 46, 45, 22, 31, 38, 40, 42, 51, 40, 50, 31, 32, 29, 28, 19, 5, 7, 10, 5, 1, 2, 1]
YTOT: [0, 0, 0, 0, 0, 0, 0, 0, 0, 0, 0, 0, 0, 0, 0, 0, 0, 0, 0, 0, 0, 0, 0, 0, 0, 0, 0, 0, 0, 0, 0, 0, 0, 0, 0, 0, 0, 0, 0, 0, 0, 0, 0, 0, 0, 0, 0, 0, 0, 0, 0, 0, 0, 0, 0, 0, 0, 0, 0, 1, 2, 3, 5, 7, 11, 16, 21, 26, 32, 39, 48, 59, 70, 87, 104, 121, 140, 162, 185, 207, 230, 256, 281, 311, 346, 388, 431, 488, 535, 572, 610, 656, 709, 765, 820, 871, 917, 962, 984, 1015, 1053, 1093, 1135, 1186, 1226, 1276, 1307, 1339, 1368, 1396, 1415, 1420, 1427, 1437, 1442, 1443, 1445, 1446]

INFO: Total Population: 571425
INFO: R0: 2
INFO: Incubation Period: 5
INFO: Illness Period: 7
X:[0, 1, 2, 3, 4, 5, 6, 7, 8, 9, 10, 11, 12, 13, 14, 15, 16, 17, 18, 19, 20, 21, 22, 23, 24, 25, 26, 27, 28, 29, 30, 31, 32, 33, 34, 35, 36, 37, 38, 39, 40, 41, 42, 43, 44, 45, 46, 47, 48, 49, 50, 51, 52, 53, 54, 55, 56, 57, 58, 59, 60, 61, 62, 63, 64, 65, 66, 67, 68, 69, 70, 71, 72, 73, 74, 75, 76, 77, 78, 79, 80, 81, 82, 83, 84, 85, 86, 87, 88, 89, 90, 91, 92, 93, 94, 95, 96, 97, 98, 99, 100, 101, 102, 103, 104, 105, 106, 107, 108, 109, 110, 111, 112, 113, 114, 115, 116, 117]
YNEW:[0, 0, 0, 0, 0, 0, 0, 0, 0, 0, 0, 0, 0, 0, 0, 0, 0, 0, 0, 0, 0, 0, 0, 0, 0, 0, 0, 0, 0, 0, 0, 0, 0, 0, 0, 0, 0, 0, 0, 0, 0, 0, 0, 0, 0, 0, 0, 0, 0, 0, 0, 0, 0, 0, 0, 0, 0, 0, 0, 1, 1, 1, 2, 2, 4, 5, 5, 5, 6, 7, 9, 11, 11, 17, 17, 17, 19, 22, 23, 22, 23, 26, 25, 30, 35, 42, 43, 57, 47, 37, 38, 46, 53, 56, 55, 34, 41, 33, 41, 29, 39, 33, 48, 48, 49, 44, 35, 21, 18, 17, 23, 20, 13, 6, 5, 6, 1]
YTOT: [0, 0, 0, 0, 0, 0, 0, 0, 0, 0, 0, 0, 0, 0, 0, 0, 0, 0, 0, 0, 0, 0, 0, 0, 0, 0, 0, 0, 0, 0, 0, 0, 0, 0, 0, 0, 0, 0, 0, 0, 0, 0, 0, 0, 0, 0, 0, 0, 0, 0, 0, 0, 0, 0, 0, 0, 0, 0, 0, 1, 2, 3, 5, 7, 11, 16, 21, 26, 32, 39, 48, 59, 70, 87, 104, 121, 140, 162, 185, 207, 230, 256, 281, 311, 346, 388, 431, 488, 535, 572, 610, 656, 709, 765, 820, 854, 895, 928, 969, 998, 1037, 1070, 1118, 1166, 1215, 1259, 1294, 1315, 1333, 1350, 1373, 1393, 1406, 1412, 1417, 1423, 1424]

INFO: Total Population: 571425
INFO: R0: 2
INFO: Incubation Period: 5
INFO: Illness Period: 7
X:[0, 1, 2, 3, 4, 5, 6, 7, 8, 9, 10, 11, 12, 13, 14, 15, 16, 17, 18, 19, 20, 21, 22, 23, 24, 25, 26, 27, 28, 29, 30, 31, 32, 33, 34, 35, 36, 37, 38, 39, 40, 41, 42, 43, 44, 45, 46, 47, 48, 49, 50, 51, 52, 53, 54, 55, 56, 57, 58, 59, 60, 61, 62, 63, 64, 65, 66, 67, 68, 69, 70, 71, 72, 73, 74, 75, 76, 77, 78, 79, 80, 81, 82, 83, 84, 85, 86, 87, 88, 89, 90, 91, 92, 93, 94, 95, 96, 97, 98, 99, 100, 101, 102, 103, 104, 105, 106, 107, 108, 109, 110, 111, 112, 113, 114, 115, 116, 117]
YNEW:[0, 0, 0, 0, 0, 0, 0, 0, 0, 0, 0, 0, 0, 0, 0, 0, 0, 0, 0, 0, 0, 0, 0, 0, 0, 0, 0, 0, 0, 0, 0, 0, 0, 0, 0, 0, 0, 0, 0, 0, 0, 0, 0, 0, 0, 0, 0, 0, 0, 0, 0, 0, 0, 0, 0, 0, 0, 0, 0, 1, 1, 1, 2, 2, 4, 5, 5, 5, 6, 7, 9, 11, 11, 17, 17, 17, 19, 22, 23, 22, 23, 26, 25, 30, 35, 42, 43, 57, 47, 37, 38, 46, 53, 56, 55, 48, 40, 37, 40, 37, 32, 46, 34, 51, 52, 42, 45, 29, 14, 26, 21, 16, 6, 7, 4, 1, 2]
YTOT: [0, 0, 0, 0, 0, 0, 0, 0, 0, 0, 0, 0, 0, 0, 0, 0, 0, 0, 0, 0, 0, 0, 0, 0, 0, 0, 0, 0, 0, 0, 0, 0, 0, 0, 0, 0, 0, 0, 0, 0, 0, 0, 0, 0, 0, 0, 0, 0, 0, 0, 0, 0, 0, 0, 0, 0, 0, 0, 0, 1, 2, 3, 5, 7, 11, 16, 21, 26, 32, 39, 48, 59, 70, 87, 104, 121, 140, 162, 185, 207, 230, 256, 281, 311, 346, 388, 431, 488, 535, 572, 610, 656, 709, 765, 820, 868, 908, 945, 985, 1022, 1054, 1100, 1134, 1185, 1237, 1279, 1324, 1353, 1367, 1393, 1414, 1430, 1436, 1443, 1447, 1448, 1450]

INFO: Total Population: 571425
INFO: R0: 2
INFO: Incubation Period: 5
INFO: Illness Period: 7
X:[0, 1, 2, 3, 4, 5, 6, 7, 8, 9, 10, 11, 12, 13, 14, 15, 16, 17, 18, 19, 20, 21, 22, 23, 24, 25, 26, 27, 28, 29, 30, 31, 32, 33, 34, 35, 36, 37, 38, 39, 40, 41, 42, 43, 44, 45, 46, 47, 48, 49, 50, 51, 52, 53, 54, 55, 56, 57, 58, 59, 60, 61, 62, 63, 64, 65, 66, 67, 68, 69, 70, 71, 72, 73, 74, 75, 76, 77, 78, 79, 80, 81, 82, 83, 84, 85, 86, 87, 88, 89, 90, 91, 92, 93, 94, 95, 96, 97, 98, 99, 100, 101, 102, 103, 104, 105, 106, 107, 108, 109, 110, 111, 112, 113, 114, 115, 116, 117]
YNEW:[0, 0, 0, 0, 0, 0, 0, 0, 0, 0, 0, 0, 0, 0, 0, 0, 0, 0, 0, 0, 0, 0, 0, 0, 0, 0, 0, 0, 0, 0, 0, 0, 0, 0, 0, 0, 0, 0, 0, 0, 0, 0, 0, 0, 0, 0, 0, 0, 0, 0, 0, 0, 0, 0, 0, 0, 0, 0, 0, 1, 1, 1, 2, 2, 4, 5, 5, 5, 6, 7, 9, 11, 11, 17, 17, 17, 19, 22, 23, 22, 23, 26, 25, 30, 35, 42, 43, 57, 47, 37, 38, 46, 53, 56, 55, 39, 44, 37, 37, 31, 31, 45, 41, 52, 53, 46, 39, 24, 22, 13, 13, 13, 10, 6, 7, 2, 1]
YTOT: [0, 0, 0, 0, 0, 0, 0, 0, 0, 0, 0, 0, 0, 0, 0, 0, 0, 0, 0, 0, 0, 0, 0, 0, 0, 0, 0, 0, 0, 0, 0, 0, 0, 0, 0, 0, 0, 0, 0, 0, 0, 0, 0, 0, 0, 0, 0, 0, 0, 0, 0, 0, 0, 0, 0, 0, 0, 0, 0, 1, 2, 3, 5, 7, 11, 16, 21, 26, 32, 39, 48, 59, 70, 87, 104, 121, 140, 162, 185, 207, 230, 256, 281, 311, 346, 388, 431, 488, 535, 572, 610, 656, 709, 765, 820, 859, 903, 940, 977, 1008, 1039, 1084, 1125, 1177, 1230, 1276, 1315, 1339, 1361, 1374, 1387, 1400, 1410, 1416, 1423, 1425, 1426]

INFO: Total Population: 571425
INFO: R0: 2
INFO: Incubation Period: 5
INFO: Illness Period: 7
X:[0, 1, 2, 3, 4, 5, 6, 7, 8, 9, 10, 11, 12, 13, 14, 15, 16, 17, 18, 19, 20, 21, 22, 23, 24, 25, 26, 27, 28, 29, 30, 31, 32, 33, 34, 35, 36, 37, 38, 39, 40, 41, 42, 43, 44, 45, 46, 47, 48, 49, 50, 51, 52, 53, 54, 55, 56, 57, 58, 59, 60, 61, 62, 63, 64, 65, 66, 67, 68, 69, 70, 71, 72, 73, 74, 75, 76, 77, 78, 79, 80, 81, 82, 83, 84, 85, 86, 87, 88, 89, 90, 91, 92, 93, 94, 95, 96, 97, 98, 99, 100, 101, 102, 103, 104, 105, 106, 107, 108, 109, 110, 111, 112, 113, 114, 115, 116]
YNEW:[0, 0, 0, 0, 0, 0, 0, 0, 0, 0, 0, 0, 0, 0, 0, 0, 0, 0, 0, 0, 0, 0, 0, 0, 0, 0, 0, 0, 0, 0, 0, 0, 0, 0, 0, 0, 0, 0, 0, 0, 0, 0, 0, 0, 0, 0, 0, 0, 0, 0, 0, 0, 0, 0, 0, 0, 0, 0, 0, 1, 1, 1, 2, 2, 4, 5, 5, 5, 6, 7, 9, 11, 11, 17, 17, 17, 19, 22, 23, 22, 23, 26, 25, 30, 35, 42, 43, 57, 47, 37, 38, 46, 53, 56, 55, 48, 43, 53, 38, 30, 31, 49, 48, 40, 47, 48, 42, 34, 29, 20, 16, 12, 10, 11, 4, 6]
YTOT: [0, 0, 0, 0, 0, 0, 0, 0, 0, 0, 0, 0, 0, 0, 0, 0, 0, 0, 0, 0, 0, 0, 0, 0, 0, 0, 0, 0, 0, 0, 0, 0, 0, 0, 0, 0, 0, 0, 0, 0, 0, 0, 0, 0, 0, 0, 0, 0, 0, 0, 0, 0, 0, 0, 0, 0, 0, 0, 0, 1, 2, 3, 5, 7, 11, 16, 21, 26, 32, 39, 48, 59, 70, 87, 104, 121, 140, 162, 185, 207, 230, 256, 281, 311, 346, 388, 431, 488, 535, 572, 610, 656, 709, 765, 820, 868, 911, 964, 1002, 1032, 1063, 1112, 1160, 1200, 1247, 1295, 1337, 1371, 1400, 1420, 1436, 1448, 1458, 1469, 1473, 1479]

INFO: Total Population: 571425
INFO: R0: 2
INFO: Incubation Period: 5
INFO: Illness Period: 7
X:[0, 1, 2, 3, 4, 5, 6, 7, 8, 9, 10, 11, 12, 13, 14, 15, 16, 17, 18, 19, 20, 21, 22, 23, 24, 25, 26, 27, 28, 29, 30, 31, 32, 33, 34, 35, 36, 37, 38, 39, 40, 41, 42, 43, 44, 45, 46, 47, 48, 49, 50, 51, 52, 53, 54, 55, 56, 57, 58, 59, 60, 61, 62, 63, 64, 65, 66, 67, 68, 69, 70, 71, 72, 73, 74, 75, 76, 77, 78, 79, 80, 81, 82, 83, 84, 85, 86, 87, 88, 89, 90, 91, 92, 93, 94, 95, 96, 97, 98, 99, 100, 101, 102, 103, 104, 105, 106, 107, 108, 109, 110, 111, 112, 113, 114, 115, 116, 117, 118]
YNEW:[0, 0, 0, 0, 0, 0, 0, 0, 0, 0, 0, 0, 0, 0, 0, 0, 0, 0, 0, 0, 0, 0, 0, 0, 0, 0, 0, 0, 0, 0, 0, 0, 0, 0, 0, 0, 0, 0, 0, 0, 0, 0, 0, 0, 0, 0, 0, 0, 0, 0, 0, 0, 0, 0, 0, 0, 0, 0, 0, 1, 1, 1, 2, 2, 4, 5, 5, 5, 6, 7, 9, 11, 11, 17, 17, 17, 19, 22, 23, 22, 23, 26, 25, 30, 35, 42, 43, 57, 47, 37, 38, 46, 53, 56, 55, 34, 48, 39, 35, 33, 35, 43, 52, 42, 50, 45, 40, 33, 18, 11, 13, 13, 10, 13, 1, 2, 1, 2]
YTOT: [0, 0, 0, 0, 0, 0, 0, 0, 0, 0, 0, 0, 0, 0, 0, 0, 0, 0, 0, 0, 0, 0, 0, 0, 0, 0, 0, 0, 0, 0, 0, 0, 0, 0, 0, 0, 0, 0, 0, 0, 0, 0, 0, 0, 0, 0, 0, 0, 0, 0, 0, 0, 0, 0, 0, 0, 0, 0, 0, 1, 2, 3, 5, 7, 11, 16, 21, 26, 32, 39, 48, 59, 70, 87, 104, 121, 140, 162, 185, 207, 230, 256, 281, 311, 346, 388, 431, 488, 535, 572, 610, 656, 709, 765, 820, 854, 902, 941, 976, 1009, 1044, 1087, 1139, 1181, 1231, 1276, 1316, 1349, 1367, 1378, 1391, 1404, 1414, 1427, 1428, 1430, 1431, 1433]

INFO: Total Population: 571425
INFO: R0: 2
INFO: Incubation Period: 5
INFO: Illness Period: 7
X:[0, 1, 2, 3, 4, 5, 6, 7, 8, 9, 10, 11, 12, 13, 14, 15, 16, 17, 18, 19, 20, 21, 22, 23, 24, 25, 26, 27, 28, 29, 30, 31, 32, 33, 34, 35, 36, 37, 38, 39, 40, 41, 42, 43, 44, 45, 46, 47, 48, 49, 50, 51, 52, 53, 54, 55, 56, 57, 58, 59, 60, 61, 62, 63, 64, 65, 66, 67, 68, 69, 70, 71, 72, 73, 74, 75, 76, 77, 78, 79, 80, 81, 82, 83, 84, 85, 86, 87, 88, 89, 90, 91, 92, 93, 94, 95, 96, 97, 98, 99, 100, 101, 102, 103, 104, 105, 106, 107, 108, 109, 110, 111, 112, 113, 114, 115, 116, 117]
YNEW:[0, 0, 0, 0, 0, 0, 0, 0, 0, 0, 0, 0, 0, 0, 0, 0, 0, 0, 0, 0, 0, 0, 0, 0, 0, 0, 0, 0, 0, 0, 0, 0, 0, 0, 0, 0, 0, 0, 0, 0, 0, 0, 0, 0, 0, 0, 0, 0, 0, 0, 0, 0, 0, 0, 0, 0, 0, 0, 0, 1, 1, 1, 2, 2, 4, 5, 5, 5, 6, 7, 9, 11, 11, 17, 17, 17, 19, 22, 23, 22, 23, 26, 25, 30, 35, 42, 43, 57, 47, 37, 38, 46, 53, 56, 55, 37, 48, 38, 33, 34, 37, 37, 53, 50, 58, 36, 24, 27, 17, 22, 17, 13, 12, 6, 4, 1, 2]
YTOT: [0, 0, 0, 0, 0, 0, 0, 0, 0, 0, 0, 0, 0, 0, 0, 0, 0, 0, 0, 0, 0, 0, 0, 0, 0, 0, 0, 0, 0, 0, 0, 0, 0, 0, 0, 0, 0, 0, 0, 0, 0, 0, 0, 0, 0, 0, 0, 0, 0, 0, 0, 0, 0, 0, 0, 0, 0, 0, 0, 1, 2, 3, 5, 7, 11, 16, 21, 26, 32, 39, 48, 59, 70, 87, 104, 121, 140, 162, 185, 207, 230, 256, 281, 311, 346, 388, 431, 488, 535, 572, 610, 656, 709, 765, 820, 857, 905, 943, 976, 1010, 1047, 1084, 1137, 1187, 1245, 1281, 1305, 1332, 1349, 1371, 1388, 1401, 1413, 1419, 1423, 1424, 1426]

END