

INFO: Total Population: 765935
INFO: R0: 2
INFO: Incubation Period: 5
INFO: Illness Period: 7
X:[0, 1, 2, 3, 4, 5, 6, 7, 8, 9, 10, 11, 12, 13, 14, 15, 16, 17, 18, 19, 20, 21, 22, 23, 24, 25, 26, 27, 28, 29, 30, 31, 32, 33, 34, 35, 36, 37, 38, 39, 40, 41, 42, 43, 44, 45, 46, 47, 48, 49, 50, 51, 52, 53, 54, 55, 56, 57, 58, 59, 60, 61, 62, 63, 64, 65, 66, 67, 68, 69, 70, 71, 72, 73, 74, 75, 76, 77, 78, 79, 80, 81, 82, 83, 84, 85, 86, 87, 88, 89, 90, 91, 92, 93, 94, 95, 96, 97, 98, 99, 100, 101, 102, 103, 104, 105, 106, 107, 108, 109, 110, 111, 112, 113, 114, 115, 116, 117, 118, 119, 120, 121, 122, 123]
YNEW:[0, 0, 0, 0, 0, 0, 0, 0, 0, 0, 0, 0, 0, 0, 0, 0, 0, 0, 0, 0, 0, 0, 0, 0, 0, 0, 0, 0, 0, 0, 0, 0, 0, 0, 0, 0, 0, 0, 0, 0, 0, 1, 0, 0, 0, 0, 0, 2, 4, 3, 2, 3, 6, 4, 6, 12, 14, 16, 16, 11, 8, 13, 15, 12, 19, 28, 31, 23, 26, 17, 35, 47, 46, 50, 40, 32, 22, 23, 19, 14, 14, 9, 21, 22, 25, 24, 26, 30, 21, 41, 34, 31, 23, 22, 22, 15, 30, 28, 32, 35, 32, 32, 33, 14, 20, 18, 20, 25, 29, 23, 27, 28, 24, 39, 24, 19, 8, 18, 6, 5, 3, 1, 1]
YTOT: [0, 0, 0, 0, 0, 0, 0, 0, 0, 0, 0, 0, 0, 0, 0, 0, 0, 0, 0, 0, 0, 0, 0, 0, 0, 0, 0, 0, 0, 0, 0, 0, 0, 0, 0, 0, 0, 0, 0, 0, 0, 1, 1, 1, 1, 1, 1, 3, 7, 10, 12, 15, 21, 25, 31, 43, 57, 73, 89, 100, 108, 121, 136, 148, 167, 195, 226, 249, 275, 292, 327, 374, 420, 470, 510, 542, 564, 587, 606, 620, 634, 643, 664, 686, 711, 735, 761, 791, 812, 853, 887, 918, 941, 963, 985, 1000, 1030, 1058, 1090, 1125, 1157, 1189, 1222, 1236, 1256, 1274, 1294, 1319, 1348, 1371, 1398, 1426, 1450, 1489, 1513, 1532, 1540, 1558, 1564, 1569, 1572, 1573, 1574]

INFO: Total Population: 765935
INFO: R0: 2
INFO: Incubation Period: 5
INFO: Illness Period: 7
X:[0, 1, 2, 3, 4, 5, 6, 7, 8, 9, 10, 11, 12, 13, 14, 15, 16, 17, 18, 19, 20, 21, 22, 23, 24, 25, 26, 27, 28, 29, 30, 31, 32, 33, 34, 35, 36, 37, 38, 39, 40, 41, 42, 43, 44, 45, 46, 47, 48, 49, 50, 51, 52, 53, 54, 55, 56, 57, 58, 59, 60, 61, 62, 63, 64, 65, 66, 67, 68, 69, 70, 71, 72, 73, 74, 75, 76, 77, 78, 79, 80, 81, 82, 83, 84, 85, 86, 87, 88, 89, 90, 91, 92, 93, 94, 95, 96, 97, 98, 99, 100, 101, 102, 103, 104, 105, 106, 107, 108, 109, 110, 111, 112, 113, 114, 115, 116, 117, 118, 119, 120, 121, 122, 123, 124]
YNEW:[0, 0, 0, 0, 0, 0, 0, 0, 0, 0, 0, 0, 0, 0, 0, 0, 0, 0, 0, 0, 0, 0, 0, 0, 0, 0, 0, 0, 0, 0, 0, 0, 0, 0, 0, 0, 0, 0, 0, 0, 0, 1, 0, 0, 0, 0, 0, 2, 4, 3, 2, 3, 6, 4, 6, 12, 14, 16, 16, 11, 8, 13, 15, 12, 19, 28, 31, 23, 26, 17, 35, 47, 46, 50, 40, 32, 22, 23, 19, 14, 14, 9, 21, 22, 25, 24, 26, 30, 21, 41, 34, 31, 23, 22, 22, 15, 30, 28, 32, 35, 32, 32, 18, 26, 24, 19, 23, 21, 30, 26, 32, 25, 32, 25, 20, 23, 15, 11, 13, 6, 8, 2, 1, 1]
YTOT: [0, 0, 0, 0, 0, 0, 0, 0, 0, 0, 0, 0, 0, 0, 0, 0, 0, 0, 0, 0, 0, 0, 0, 0, 0, 0, 0, 0, 0, 0, 0, 0, 0, 0, 0, 0, 0, 0, 0, 0, 0, 1, 1, 1, 1, 1, 1, 3, 7, 10, 12, 15, 21, 25, 31, 43, 57, 73, 89, 100, 108, 121, 136, 148, 167, 195, 226, 249, 275, 292, 327, 374, 420, 470, 510, 542, 564, 587, 606, 620, 634, 643, 664, 686, 711, 735, 761, 791, 812, 853, 887, 918, 941, 963, 985, 1000, 1030, 1058, 1090, 1125, 1157, 1189, 1207, 1233, 1257, 1276, 1299, 1320, 1350, 1376, 1408, 1433, 1465, 1490, 1510, 1533, 1548, 1559, 1572, 1578, 1586, 1588, 1589, 1590]

INFO: Total Population: 765935
INFO: R0: 2
INFO: Incubation Period: 5
INFO: Illness Period: 7
X:[0, 1, 2, 3, 4, 5, 6, 7, 8, 9, 10, 11, 12, 13, 14, 15, 16, 17, 18, 19, 20, 21, 22, 23, 24, 25, 26, 27, 28, 29, 30, 31, 32, 33, 34, 35, 36, 37, 38, 39, 40, 41, 42, 43, 44, 45, 46, 47, 48, 49, 50, 51, 52, 53, 54, 55, 56, 57, 58, 59, 60, 61, 62, 63, 64, 65, 66, 67, 68, 69, 70, 71, 72, 73, 74, 75, 76, 77, 78, 79, 80, 81, 82, 83, 84, 85, 86, 87, 88, 89, 90, 91, 92, 93, 94, 95, 96, 97, 98, 99, 100, 101, 102, 103, 104, 105, 106, 107, 108, 109, 110, 111, 112, 113, 114, 115, 116, 117, 118, 119, 120, 121, 122, 123, 124, 125]
YNEW:[0, 0, 0, 0, 0, 0, 0, 0, 0, 0, 0, 0, 0, 0, 0, 0, 0, 0, 0, 0, 0, 0, 0, 0, 0, 0, 0, 0, 0, 0, 0, 0, 0, 0, 0, 0, 0, 0, 0, 0, 0, 1, 0, 0, 0, 0, 0, 2, 4, 3, 2, 3, 6, 4, 6, 12, 14, 16, 16, 11, 8, 13, 15, 12, 19, 28, 31, 23, 26, 17, 35, 47, 46, 50, 40, 32, 22, 23, 19, 14, 14, 9, 21, 22, 25, 24, 26, 30, 21, 41, 34, 31, 23, 22, 22, 15, 30, 28, 32, 35, 32, 32, 28, 25, 28, 20, 17, 22, 34, 40, 23, 24, 36, 20, 30, 16, 16, 12, 12, 6, 7, 4, 3, 1, 1]
YTOT: [0, 0, 0, 0, 0, 0, 0, 0, 0, 0, 0, 0, 0, 0, 0, 0, 0, 0, 0, 0, 0, 0, 0, 0, 0, 0, 0, 0, 0, 0, 0, 0, 0, 0, 0, 0, 0, 0, 0, 0, 0, 1, 1, 1, 1, 1, 1, 3, 7, 10, 12, 15, 21, 25, 31, 43, 57, 73, 89, 100, 108, 121, 136, 148, 167, 195, 226, 249, 275, 292, 327, 374, 420, 470, 510, 542, 564, 587, 606, 620, 634, 643, 664, 686, 711, 735, 761, 791, 812, 853, 887, 918, 941, 963, 985, 1000, 1030, 1058, 1090, 1125, 1157, 1189, 1217, 1242, 1270, 1290, 1307, 1329, 1363, 1403, 1426, 1450, 1486, 1506, 1536, 1552, 1568, 1580, 1592, 1598, 1605, 1609, 1612, 1613, 1614]

INFO: Total Population: 765935
INFO: R0: 2
INFO: Incubation Period: 5
INFO: Illness Period: 7
X:[0, 1, 2, 3, 4, 5, 6, 7, 8, 9, 10, 11, 12, 13, 14, 15, 16, 17, 18, 19, 20, 21, 22, 23, 24, 25, 26, 27, 28, 29, 30, 31, 32, 33, 34, 35, 36, 37, 38, 39, 40, 41, 42, 43, 44, 45, 46, 47, 48, 49, 50, 51, 52, 53, 54, 55, 56, 57, 58, 59, 60, 61, 62, 63, 64, 65, 66, 67, 68, 69, 70, 71, 72, 73, 74, 75, 76, 77, 78, 79, 80, 81, 82, 83, 84, 85, 86, 87, 88, 89, 90, 91, 92, 93, 94, 95, 96, 97, 98, 99, 100, 101, 102, 103, 104, 105, 106, 107, 108, 109, 110, 111, 112, 113, 114, 115, 116, 117, 118, 119, 120, 121, 122, 123, 124, 125]
YNEW:[0, 0, 0, 0, 0, 0, 0, 0, 0, 0, 0, 0, 0, 0, 0, 0, 0, 0, 0, 0, 0, 0, 0, 0, 0, 0, 0, 0, 0, 0, 0, 0, 0, 0, 0, 0, 0, 0, 0, 0, 0, 1, 0, 0, 0, 0, 0, 2, 4, 3, 2, 3, 6, 4, 6, 12, 14, 16, 16, 11, 8, 13, 15, 12, 19, 28, 31, 23, 26, 17, 35, 47, 46, 50, 40, 32, 22, 23, 19, 14, 14, 9, 21, 22, 25, 24, 26, 30, 21, 41, 34, 31, 23, 22, 22, 15, 30, 28, 32, 35, 32, 32, 22, 27, 19, 22, 13, 19, 34, 30, 25, 30, 32, 25, 11, 14, 12, 12, 9, 5, 4, 2, 3, 3, 1]
YTOT: [0, 0, 0, 0, 0, 0, 0, 0, 0, 0, 0, 0, 0, 0, 0, 0, 0, 0, 0, 0, 0, 0, 0, 0, 0, 0, 0, 0, 0, 0, 0, 0, 0, 0, 0, 0, 0, 0, 0, 0, 0, 1, 1, 1, 1, 1, 1, 3, 7, 10, 12, 15, 21, 25, 31, 43, 57, 73, 89, 100, 108, 121, 136, 148, 167, 195, 226, 249, 275, 292, 327, 374, 420, 470, 510, 542, 564, 587, 606, 620, 634, 643, 664, 686, 711, 735, 761, 791, 812, 853, 887, 918, 941, 963, 985, 1000, 1030, 1058, 1090, 1125, 1157, 1189, 1211, 1238, 1257, 1279, 1292, 1311, 1345, 1375, 1400, 1430, 1462, 1487, 1498, 1512, 1524, 1536, 1545, 1550, 1554, 1556, 1559, 1562, 1563]

INFO: Total Population: 765935
INFO: R0: 2
INFO: Incubation Period: 5
INFO: Illness Period: 7
X:[0, 1, 2, 3, 4, 5, 6, 7, 8, 9, 10, 11, 12, 13, 14, 15, 16, 17, 18, 19, 20, 21, 22, 23, 24, 25, 26, 27, 28, 29, 30, 31, 32, 33, 34, 35, 36, 37, 38, 39, 40, 41, 42, 43, 44, 45, 46, 47, 48, 49, 50, 51, 52, 53, 54, 55, 56, 57, 58, 59, 60, 61, 62, 63, 64, 65, 66, 67, 68, 69, 70, 71, 72, 73, 74, 75, 76, 77, 78, 79, 80, 81, 82, 83, 84, 85, 86, 87, 88, 89, 90, 91, 92, 93, 94, 95, 96, 97, 98, 99, 100, 101, 102, 103, 104, 105, 106, 107, 108, 109, 110, 111, 112, 113, 114, 115, 116, 117, 118, 119, 120, 121, 122, 123, 124, 125]
YNEW:[0, 0, 0, 0, 0, 0, 0, 0, 0, 0, 0, 0, 0, 0, 0, 0, 0, 0, 0, 0, 0, 0, 0, 0, 0, 0, 0, 0, 0, 0, 0, 0, 0, 0, 0, 0, 0, 0, 0, 0, 0, 1, 0, 0, 0, 0, 0, 2, 4, 3, 2, 3, 6, 4, 6, 12, 14, 16, 16, 11, 8, 13, 15, 12, 19, 28, 31, 23, 26, 17, 35, 47, 46, 50, 40, 32, 22, 23, 19, 14, 14, 9, 21, 22, 25, 24, 26, 30, 21, 41, 34, 31, 23, 22, 22, 15, 30, 28, 32, 35, 32, 32, 20, 22, 22, 28, 19, 17, 23, 28, 25, 32, 31, 25, 21, 23, 13, 16, 19, 5, 5, 2, 1, 1, 1]
YTOT: [0, 0, 0, 0, 0, 0, 0, 0, 0, 0, 0, 0, 0, 0, 0, 0, 0, 0, 0, 0, 0, 0, 0, 0, 0, 0, 0, 0, 0, 0, 0, 0, 0, 0, 0, 0, 0, 0, 0, 0, 0, 1, 1, 1, 1, 1, 1, 3, 7, 10, 12, 15, 21, 25, 31, 43, 57, 73, 89, 100, 108, 121, 136, 148, 167, 195, 226, 249, 275, 292, 327, 374, 420, 470, 510, 542, 564, 587, 606, 620, 634, 643, 664, 686, 711, 735, 761, 791, 812, 853, 887, 918, 941, 963, 985, 1000, 1030, 1058, 1090, 1125, 1157, 1189, 1209, 1231, 1253, 1281, 1300, 1317, 1340, 1368, 1393, 1425, 1456, 1481, 1502, 1525, 1538, 1554, 1573, 1578, 1583, 1585, 1586, 1587, 1588]

INFO: Total Population: 765935
INFO: R0: 2
INFO: Incubation Period: 5
INFO: Illness Period: 7
X:[0, 1, 2, 3, 4, 5, 6, 7, 8, 9, 10, 11, 12, 13, 14, 15, 16, 17, 18, 19, 20, 21, 22, 23, 24, 25, 26, 27, 28, 29, 30, 31, 32, 33, 34, 35, 36, 37, 38, 39, 40, 41, 42, 43, 44, 45, 46, 47, 48, 49, 50, 51, 52, 53, 54, 55, 56, 57, 58, 59, 60, 61, 62, 63, 64, 65, 66, 67, 68, 69, 70, 71, 72, 73, 74, 75, 76, 77, 78, 79, 80, 81, 82, 83, 84, 85, 86, 87, 88, 89, 90, 91, 92, 93, 94, 95, 96, 97, 98, 99, 100, 101, 102, 103, 104, 105, 106, 107, 108, 109, 110, 111, 112, 113, 114, 115, 116, 117, 118, 119, 120, 121, 122, 123]
YNEW:[0, 0, 0, 0, 0, 0, 0, 0, 0, 0, 0, 0, 0, 0, 0, 0, 0, 0, 0, 0, 0, 0, 0, 0, 0, 0, 0, 0, 0, 0, 0, 0, 0, 0, 0, 0, 0, 0, 0, 0, 0, 1, 0, 0, 0, 0, 0, 2, 4, 3, 2, 3, 6, 4, 6, 12, 14, 16, 16, 11, 8, 13, 15, 12, 19, 28, 31, 23, 26, 17, 35, 47, 46, 50, 40, 32, 22, 23, 19, 14, 14, 9, 21, 22, 25, 24, 26, 30, 21, 41, 34, 31, 23, 22, 22, 15, 30, 28, 32, 35, 32, 32, 19, 27, 25, 23, 14, 25, 32, 37, 35, 30, 27, 24, 17, 18, 14, 15, 9, 7, 4, 2, 1]
YTOT: [0, 0, 0, 0, 0, 0, 0, 0, 0, 0, 0, 0, 0, 0, 0, 0, 0, 0, 0, 0, 0, 0, 0, 0, 0, 0, 0, 0, 0, 0, 0, 0, 0, 0, 0, 0, 0, 0, 0, 0, 0, 1, 1, 1, 1, 1, 1, 3, 7, 10, 12, 15, 21, 25, 31, 43, 57, 73, 89, 100, 108, 121, 136, 148, 167, 195, 226, 249, 275, 292, 327, 374, 420, 470, 510, 542, 564, 587, 606, 620, 634, 643, 664, 686, 711, 735, 761, 791, 812, 853, 887, 918, 941, 963, 985, 1000, 1030, 1058, 1090, 1125, 1157, 1189, 1208, 1235, 1260, 1283, 1297, 1322, 1354, 1391, 1426, 1456, 1483, 1507, 1524, 1542, 1556, 1571, 1580, 1587, 1591, 1593, 1594]

INFO: Total Population: 765935
INFO: R0: 2
INFO: Incubation Period: 5
INFO: Illness Period: 7
X:[0, 1, 2, 3, 4, 5, 6, 7, 8, 9, 10, 11, 12, 13, 14, 15, 16, 17, 18, 19, 20, 21, 22, 23, 24, 25, 26, 27, 28, 29, 30, 31, 32, 33, 34, 35, 36, 37, 38, 39, 40, 41, 42, 43, 44, 45, 46, 47, 48, 49, 50, 51, 52, 53, 54, 55, 56, 57, 58, 59, 60, 61, 62, 63, 64, 65, 66, 67, 68, 69, 70, 71, 72, 73, 74, 75, 76, 77, 78, 79, 80, 81, 82, 83, 84, 85, 86, 87, 88, 89, 90, 91, 92, 93, 94, 95, 96, 97, 98, 99, 100, 101, 102, 103, 104, 105, 106, 107, 108, 109, 110, 111, 112, 113, 114, 115, 116, 117, 118, 119, 120, 121, 122, 123]
YNEW:[0, 0, 0, 0, 0, 0, 0, 0, 0, 0, 0, 0, 0, 0, 0, 0, 0, 0, 0, 0, 0, 0, 0, 0, 0, 0, 0, 0, 0, 0, 0, 0, 0, 0, 0, 0, 0, 0, 0, 0, 0, 1, 0, 0, 0, 0, 0, 2, 4, 3, 2, 3, 6, 4, 6, 12, 14, 16, 16, 11, 8, 13, 15, 12, 19, 28, 31, 23, 26, 17, 35, 47, 46, 50, 40, 32, 22, 23, 19, 14, 14, 9, 21, 22, 25, 24, 26, 30, 21, 41, 34, 31, 23, 22, 22, 15, 30, 28, 32, 35, 32, 32, 32, 13, 27, 21, 18, 21, 25, 32, 31, 36, 33, 32, 20, 13, 18, 13, 8, 7, 7, 4, 2]
YTOT: [0, 0, 0, 0, 0, 0, 0, 0, 0, 0, 0, 0, 0, 0, 0, 0, 0, 0, 0, 0, 0, 0, 0, 0, 0, 0, 0, 0, 0, 0, 0, 0, 0, 0, 0, 0, 0, 0, 0, 0, 0, 1, 1, 1, 1, 1, 1, 3, 7, 10, 12, 15, 21, 25, 31, 43, 57, 73, 89, 100, 108, 121, 136, 148, 167, 195, 226, 249, 275, 292, 327, 374, 420, 470, 510, 542, 564, 587, 606, 620, 634, 643, 664, 686, 711, 735, 761, 791, 812, 853, 887, 918, 941, 963, 985, 1000, 1030, 1058, 1090, 1125, 1157, 1189, 1221, 1234, 1261, 1282, 1300, 1321, 1346, 1378, 1409, 1445, 1478, 1510, 1530, 1543, 1561, 1574, 1582, 1589, 1596, 1600, 1602]

INFO: Total Population: 765935
INFO: R0: 2
INFO: Incubation Period: 5
INFO: Illness Period: 7
X:[0, 1, 2, 3, 4, 5, 6, 7, 8, 9, 10, 11, 12, 13, 14, 15, 16, 17, 18, 19, 20, 21, 22, 23, 24, 25, 26, 27, 28, 29, 30, 31, 32, 33, 34, 35, 36, 37, 38, 39, 40, 41, 42, 43, 44, 45, 46, 47, 48, 49, 50, 51, 52, 53, 54, 55, 56, 57, 58, 59, 60, 61, 62, 63, 64, 65, 66, 67, 68, 69, 70, 71, 72, 73, 74, 75, 76, 77, 78, 79, 80, 81, 82, 83, 84, 85, 86, 87, 88, 89, 90, 91, 92, 93, 94, 95, 96, 97, 98, 99, 100, 101, 102, 103, 104, 105, 106, 107, 108, 109, 110, 111, 112, 113, 114, 115, 116, 117, 118, 119, 120, 121, 122, 123]
YNEW:[0, 0, 0, 0, 0, 0, 0, 0, 0, 0, 0, 0, 0, 0, 0, 0, 0, 0, 0, 0, 0, 0, 0, 0, 0, 0, 0, 0, 0, 0, 0, 0, 0, 0, 0, 0, 0, 0, 0, 0, 0, 1, 0, 0, 0, 0, 0, 2, 4, 3, 2, 3, 6, 4, 6, 12, 14, 16, 16, 11, 8, 13, 15, 12, 19, 28, 31, 23, 26, 17, 35, 47, 46, 50, 40, 32, 22, 23, 19, 14, 14, 9, 21, 22, 25, 24, 26, 30, 21, 41, 34, 31, 23, 22, 22, 15, 30, 28, 32, 35, 32, 32, 20, 21, 20, 23, 13, 19, 27, 27, 36, 29, 29, 24, 15, 14, 21, 14, 10, 5, 5, 6, 3]
YTOT: [0, 0, 0, 0, 0, 0, 0, 0, 0, 0, 0, 0, 0, 0, 0, 0, 0, 0, 0, 0, 0, 0, 0, 0, 0, 0, 0, 0, 0, 0, 0, 0, 0, 0, 0, 0, 0, 0, 0, 0, 0, 1, 1, 1, 1, 1, 1, 3, 7, 10, 12, 15, 21, 25, 31, 43, 57, 73, 89, 100, 108, 121, 136, 148, 167, 195, 226, 249, 275, 292, 327, 374, 420, 470, 510, 542, 564, 587, 606, 620, 634, 643, 664, 686, 711, 735, 761, 791, 812, 853, 887, 918, 941, 963, 985, 1000, 1030, 1058, 1090, 1125, 1157, 1189, 1209, 1230, 1250, 1273, 1286, 1305, 1332, 1359, 1395, 1424, 1453, 1477, 1492, 1506, 1527, 1541, 1551, 1556, 1561, 1567, 1570]

INFO: Total Population: 765935
INFO: R0: 2
INFO: Incubation Period: 5
INFO: Illness Period: 7
X:[0, 1, 2, 3, 4, 5, 6, 7, 8, 9, 10, 11, 12, 13, 14, 15, 16, 17, 18, 19, 20, 21, 22, 23, 24, 25, 26, 27, 28, 29, 30, 31, 32, 33, 34, 35, 36, 37, 38, 39, 40, 41, 42, 43, 44, 45, 46, 47, 48, 49, 50, 51, 52, 53, 54, 55, 56, 57, 58, 59, 60, 61, 62, 63, 64, 65, 66, 67, 68, 69, 70, 71, 72, 73, 74, 75, 76, 77, 78, 79, 80, 81, 82, 83, 84, 85, 86, 87, 88, 89, 90, 91, 92, 93, 94, 95, 96, 97, 98, 99, 100, 101, 102, 103, 104, 105, 106, 107, 108, 109, 110, 111, 112, 113, 114, 115, 116, 117, 118, 119, 120, 121, 122, 123, 124]
YNEW:[0, 0, 0, 0, 0, 0, 0, 0, 0, 0, 0, 0, 0, 0, 0, 0, 0, 0, 0, 0, 0, 0, 0, 0, 0, 0, 0, 0, 0, 0, 0, 0, 0, 0, 0, 0, 0, 0, 0, 0, 0, 1, 0, 0, 0, 0, 0, 2, 4, 3, 2, 3, 6, 4, 6, 12, 14, 16, 16, 11, 8, 13, 15, 12, 19, 28, 31, 23, 26, 17, 35, 47, 46, 50, 40, 32, 22, 23, 19, 14, 14, 9, 21, 22, 25, 24, 26, 30, 21, 41, 34, 31, 23, 22, 22, 15, 30, 28, 32, 35, 32, 32, 21, 27, 20, 18, 21, 19, 15, 29, 27, 34, 27, 23, 20, 17, 20, 11, 10, 6, 7, 2, 1, 2]
YTOT: [0, 0, 0, 0, 0, 0, 0, 0, 0, 0, 0, 0, 0, 0, 0, 0, 0, 0, 0, 0, 0, 0, 0, 0, 0, 0, 0, 0, 0, 0, 0, 0, 0, 0, 0, 0, 0, 0, 0, 0, 0, 1, 1, 1, 1, 1, 1, 3, 7, 10, 12, 15, 21, 25, 31, 43, 57, 73, 89, 100, 108, 121, 136, 148, 167, 195, 226, 249, 275, 292, 327, 374, 420, 470, 510, 542, 564, 587, 606, 620, 634, 643, 664, 686, 711, 735, 761, 791, 812, 853, 887, 918, 941, 963, 985, 1000, 1030, 1058, 1090, 1125, 1157, 1189, 1210, 1237, 1257, 1275, 1296, 1315, 1330, 1359, 1386, 1420, 1447, 1470, 1490, 1507, 1527, 1538, 1548, 1554, 1561, 1563, 1564, 1566]

INFO: Total Population: 765935
INFO: R0: 2
INFO: Incubation Period: 5
INFO: Illness Period: 7
X:[0, 1, 2, 3, 4, 5, 6, 7, 8, 9, 10, 11, 12, 13, 14, 15, 16, 17, 18, 19, 20, 21, 22, 23, 24, 25, 26, 27, 28, 29, 30, 31, 32, 33, 34, 35, 36, 37, 38, 39, 40, 41, 42, 43, 44, 45, 46, 47, 48, 49, 50, 51, 52, 53, 54, 55, 56, 57, 58, 59, 60, 61, 62, 63, 64, 65, 66, 67, 68, 69, 70, 71, 72, 73, 74, 75, 76, 77, 78, 79, 80, 81, 82, 83, 84, 85, 86, 87, 88, 89, 90, 91, 92, 93, 94, 95, 96, 97, 98, 99, 100, 101, 102, 103, 104, 105, 106, 107, 108, 109, 110, 111, 112, 113, 114, 115, 116, 117, 118, 119, 120, 121, 122, 123]
YNEW:[0, 0, 0, 0, 0, 0, 0, 0, 0, 0, 0, 0, 0, 0, 0, 0, 0, 0, 0, 0, 0, 0, 0, 0, 0, 0, 0, 0, 0, 0, 0, 0, 0, 0, 0, 0, 0, 0, 0, 0, 0, 1, 0, 0, 0, 0, 0, 2, 4, 3, 2, 3, 6, 4, 6, 12, 14, 16, 16, 11, 8, 13, 15, 12, 19, 28, 31, 23, 26, 17, 35, 47, 46, 50, 40, 32, 22, 23, 19, 14, 14, 9, 21, 22, 25, 24, 26, 30, 21, 41, 34, 31, 23, 22, 22, 15, 30, 28, 32, 35, 32, 32, 23, 24, 24, 20, 18, 26, 23, 24, 35, 28, 35, 22, 23, 19, 11, 20, 7, 11, 5, 4, 2]
YTOT: [0, 0, 0, 0, 0, 0, 0, 0, 0, 0, 0, 0, 0, 0, 0, 0, 0, 0, 0, 0, 0, 0, 0, 0, 0, 0, 0, 0, 0, 0, 0, 0, 0, 0, 0, 0, 0, 0, 0, 0, 0, 1, 1, 1, 1, 1, 1, 3, 7, 10, 12, 15, 21, 25, 31, 43, 57, 73, 89, 100, 108, 121, 136, 148, 167, 195, 226, 249, 275, 292, 327, 374, 420, 470, 510, 542, 564, 587, 606, 620, 634, 643, 664, 686, 711, 735, 761, 791, 812, 853, 887, 918, 941, 963, 985, 1000, 1030, 1058, 1090, 1125, 1157, 1189, 1212, 1236, 1260, 1280, 1298, 1324, 1347, 1371, 1406, 1434, 1469, 1491, 1514, 1533, 1544, 1564, 1571, 1582, 1587, 1591, 1593]

INFO: Total Population: 765935
INFO: R0: 2
INFO: Incubation Period: 5
INFO: Illness Period: 7
X:[0, 1, 2, 3, 4, 5, 6, 7, 8, 9, 10, 11, 12, 13, 14, 15, 16, 17, 18, 19, 20, 21, 22, 23, 24, 25, 26, 27, 28, 29, 30, 31, 32, 33, 34, 35, 36, 37, 38, 39, 40, 41, 42, 43, 44, 45, 46, 47, 48, 49, 50, 51, 52, 53, 54, 55, 56, 57, 58, 59, 60, 61, 62, 63, 64, 65, 66, 67, 68, 69, 70, 71, 72, 73, 74, 75, 76, 77, 78, 79, 80, 81, 82, 83, 84, 85, 86, 87, 88, 89, 90, 91, 92, 93, 94, 95, 96, 97, 98, 99, 100, 101, 102, 103, 104, 105, 106, 107, 108, 109, 110, 111, 112, 113, 114, 115, 116, 117, 118, 119, 120, 121, 122, 123]
YNEW:[0, 0, 0, 0, 0, 0, 0, 0, 0, 0, 0, 0, 0, 0, 0, 0, 0, 0, 0, 0, 0, 0, 0, 0, 0, 0, 0, 0, 0, 0, 0, 0, 0, 0, 0, 0, 0, 0, 0, 0, 0, 1, 0, 0, 0, 0, 0, 2, 4, 3, 2, 3, 6, 4, 6, 12, 14, 16, 16, 11, 8, 13, 15, 12, 19, 28, 31, 23, 26, 17, 35, 47, 46, 50, 40, 32, 22, 23, 19, 14, 14, 9, 21, 22, 25, 24, 26, 30, 21, 41, 34, 31, 23, 22, 22, 15, 30, 28, 32, 35, 32, 32, 22, 27, 22, 20, 13, 18, 26, 31, 31, 32, 33, 19, 14, 20, 14, 13, 10, 6, 4, 3, 3]
YTOT: [0, 0, 0, 0, 0, 0, 0, 0, 0, 0, 0, 0, 0, 0, 0, 0, 0, 0, 0, 0, 0, 0, 0, 0, 0, 0, 0, 0, 0, 0, 0, 0, 0, 0, 0, 0, 0, 0, 0, 0, 0, 1, 1, 1, 1, 1, 1, 3, 7, 10, 12, 15, 21, 25, 31, 43, 57, 73, 89, 100, 108, 121, 136, 148, 167, 195, 226, 249, 275, 292, 327, 374, 420, 470, 510, 542, 564, 587, 606, 620, 634, 643, 664, 686, 711, 735, 761, 791, 812, 853, 887, 918, 941, 963, 985, 1000, 1030, 1058, 1090, 1125, 1157, 1189, 1211, 1238, 1260, 1280, 1293, 1311, 1337, 1368, 1399, 1431, 1464, 1483, 1497, 1517, 1531, 1544, 1554, 1560, 1564, 1567, 1570]

INFO: Total Population: 765935
INFO: R0: 2
INFO: Incubation Period: 5
INFO: Illness Period: 7
X:[0, 1, 2, 3, 4, 5, 6, 7, 8, 9, 10, 11, 12, 13, 14, 15, 16, 17, 18, 19, 20, 21, 22, 23, 24, 25, 26, 27, 28, 29, 30, 31, 32, 33, 34, 35, 36, 37, 38, 39, 40, 41, 42, 43, 44, 45, 46, 47, 48, 49, 50, 51, 52, 53, 54, 55, 56, 57, 58, 59, 60, 61, 62, 63, 64, 65, 66, 67, 68, 69, 70, 71, 72, 73, 74, 75, 76, 77, 78, 79, 80, 81, 82, 83, 84, 85, 86, 87, 88, 89, 90, 91, 92, 93, 94, 95, 96, 97, 98, 99, 100, 101, 102, 103, 104, 105, 106, 107, 108, 109, 110, 111, 112, 113, 114, 115, 116, 117, 118, 119, 120, 121, 122, 123, 124]
YNEW:[0, 0, 0, 0, 0, 0, 0, 0, 0, 0, 0, 0, 0, 0, 0, 0, 0, 0, 0, 0, 0, 0, 0, 0, 0, 0, 0, 0, 0, 0, 0, 0, 0, 0, 0, 0, 0, 0, 0, 0, 0, 1, 0, 0, 0, 0, 0, 2, 4, 3, 2, 3, 6, 4, 6, 12, 14, 16, 16, 11, 8, 13, 15, 12, 19, 28, 31, 23, 26, 17, 35, 47, 46, 50, 40, 32, 22, 23, 19, 14, 14, 9, 21, 22, 25, 24, 26, 30, 21, 41, 34, 31, 23, 22, 22, 15, 30, 28, 32, 35, 32, 32, 28, 20, 12, 24, 12, 23, 30, 36, 25, 29, 24, 20, 17, 20, 17, 12, 3, 7, 4, 1, 1, 3]
YTOT: [0, 0, 0, 0, 0, 0, 0, 0, 0, 0, 0, 0, 0, 0, 0, 0, 0, 0, 0, 0, 0, 0, 0, 0, 0, 0, 0, 0, 0, 0, 0, 0, 0, 0, 0, 0, 0, 0, 0, 0, 0, 1, 1, 1, 1, 1, 1, 3, 7, 10, 12, 15, 21, 25, 31, 43, 57, 73, 89, 100, 108, 121, 136, 148, 167, 195, 226, 249, 275, 292, 327, 374, 420, 470, 510, 542, 564, 587, 606, 620, 634, 643, 664, 686, 711, 735, 761, 791, 812, 853, 887, 918, 941, 963, 985, 1000, 1030, 1058, 1090, 1125, 1157, 1189, 1217, 1237, 1249, 1273, 1285, 1308, 1338, 1374, 1399, 1428, 1452, 1472, 1489, 1509, 1526, 1538, 1541, 1548, 1552, 1553, 1554, 1557]

INFO: Total Population: 765935
INFO: R0: 2
INFO: Incubation Period: 5
INFO: Illness Period: 7
X:[0, 1, 2, 3, 4, 5, 6, 7, 8, 9, 10, 11, 12, 13, 14, 15, 16, 17, 18, 19, 20, 21, 22, 23, 24, 25, 26, 27, 28, 29, 30, 31, 32, 33, 34, 35, 36, 37, 38, 39, 40, 41, 42, 43, 44, 45, 46, 47, 48, 49, 50, 51, 52, 53, 54, 55, 56, 57, 58, 59, 60, 61, 62, 63, 64, 65, 66, 67, 68, 69, 70, 71, 72, 73, 74, 75, 76, 77, 78, 79, 80, 81, 82, 83, 84, 85, 86, 87, 88, 89, 90, 91, 92, 93, 94, 95, 96, 97, 98, 99, 100, 101, 102, 103, 104, 105, 106, 107, 108, 109, 110, 111, 112, 113, 114, 115, 116, 117, 118, 119, 120, 121, 122, 123, 124]
YNEW:[0, 0, 0, 0, 0, 0, 0, 0, 0, 0, 0, 0, 0, 0, 0, 0, 0, 0, 0, 0, 0, 0, 0, 0, 0, 0, 0, 0, 0, 0, 0, 0, 0, 0, 0, 0, 0, 0, 0, 0, 0, 1, 0, 0, 0, 0, 0, 2, 4, 3, 2, 3, 6, 4, 6, 12, 14, 16, 16, 11, 8, 13, 15, 12, 19, 28, 31, 23, 26, 17, 35, 47, 46, 50, 40, 32, 22, 23, 19, 14, 14, 9, 21, 22, 25, 24, 26, 30, 21, 41, 34, 31, 23, 22, 22, 15, 30, 28, 32, 35, 32, 32, 24, 24, 17, 17, 19, 22, 29, 28, 27, 28, 33, 15, 24, 8, 14, 12, 14, 8, 4, 2, 3, 2]
YTOT: [0, 0, 0, 0, 0, 0, 0, 0, 0, 0, 0, 0, 0, 0, 0, 0, 0, 0, 0, 0, 0, 0, 0, 0, 0, 0, 0, 0, 0, 0, 0, 0, 0, 0, 0, 0, 0, 0, 0, 0, 0, 1, 1, 1, 1, 1, 1, 3, 7, 10, 12, 15, 21, 25, 31, 43, 57, 73, 89, 100, 108, 121, 136, 148, 167, 195, 226, 249, 275, 292, 327, 374, 420, 470, 510, 542, 564, 587, 606, 620, 634, 643, 664, 686, 711, 735, 761, 791, 812, 853, 887, 918, 941, 963, 985, 1000, 1030, 1058, 1090, 1125, 1157, 1189, 1213, 1237, 1254, 1271, 1290, 1312, 1341, 1369, 1396, 1424, 1457, 1472, 1496, 1504, 1518, 1530, 1544, 1552, 1556, 1558, 1561, 1563]

INFO: Total Population: 765935
INFO: R0: 2
INFO: Incubation Period: 5
INFO: Illness Period: 7
X:[0, 1, 2, 3, 4, 5, 6, 7, 8, 9, 10, 11, 12, 13, 14, 15, 16, 17, 18, 19, 20, 21, 22, 23, 24, 25, 26, 27, 28, 29, 30, 31, 32, 33, 34, 35, 36, 37, 38, 39, 40, 41, 42, 43, 44, 45, 46, 47, 48, 49, 50, 51, 52, 53, 54, 55, 56, 57, 58, 59, 60, 61, 62, 63, 64, 65, 66, 67, 68, 69, 70, 71, 72, 73, 74, 75, 76, 77, 78, 79, 80, 81, 82, 83, 84, 85, 86, 87, 88, 89, 90, 91, 92, 93, 94, 95, 96, 97, 98, 99, 100, 101, 102, 103, 104, 105, 106, 107, 108, 109, 110, 111, 112, 113, 114, 115, 116, 117, 118, 119, 120, 121, 122, 123, 124]
YNEW:[0, 0, 0, 0, 0, 0, 0, 0, 0, 0, 0, 0, 0, 0, 0, 0, 0, 0, 0, 0, 0, 0, 0, 0, 0, 0, 0, 0, 0, 0, 0, 0, 0, 0, 0, 0, 0, 0, 0, 0, 0, 1, 0, 0, 0, 0, 0, 2, 4, 3, 2, 3, 6, 4, 6, 12, 14, 16, 16, 11, 8, 13, 15, 12, 19, 28, 31, 23, 26, 17, 35, 47, 46, 50, 40, 32, 22, 23, 19, 14, 14, 9, 21, 22, 25, 24, 26, 30, 21, 41, 34, 31, 23, 22, 22, 15, 30, 28, 32, 35, 32, 32, 22, 28, 15, 25, 22, 18, 30, 26, 38, 28, 32, 26, 22, 19, 21, 10, 13, 10, 4, 1, 2, 1]
YTOT: [0, 0, 0, 0, 0, 0, 0, 0, 0, 0, 0, 0, 0, 0, 0, 0, 0, 0, 0, 0, 0, 0, 0, 0, 0, 0, 0, 0, 0, 0, 0, 0, 0, 0, 0, 0, 0, 0, 0, 0, 0, 1, 1, 1, 1, 1, 1, 3, 7, 10, 12, 15, 21, 25, 31, 43, 57, 73, 89, 100, 108, 121, 136, 148, 167, 195, 226, 249, 275, 292, 327, 374, 420, 470, 510, 542, 564, 587, 606, 620, 634, 643, 664, 686, 711, 735, 761, 791, 812, 853, 887, 918, 941, 963, 985, 1000, 1030, 1058, 1090, 1125, 1157, 1189, 1211, 1239, 1254, 1279, 1301, 1319, 1349, 1375, 1413, 1441, 1473, 1499, 1521, 1540, 1561, 1571, 1584, 1594, 1598, 1599, 1601, 1602]

INFO: Total Population: 765935
INFO: R0: 2
INFO: Incubation Period: 5
INFO: Illness Period: 7
X:[0, 1, 2, 3, 4, 5, 6, 7, 8, 9, 10, 11, 12, 13, 14, 15, 16, 17, 18, 19, 20, 21, 22, 23, 24, 25, 26, 27, 28, 29, 30, 31, 32, 33, 34, 35, 36, 37, 38, 39, 40, 41, 42, 43, 44, 45, 46, 47, 48, 49, 50, 51, 52, 53, 54, 55, 56, 57, 58, 59, 60, 61, 62, 63, 64, 65, 66, 67, 68, 69, 70, 71, 72, 73, 74, 75, 76, 77, 78, 79, 80, 81, 82, 83, 84, 85, 86, 87, 88, 89, 90, 91, 92, 93, 94, 95, 96, 97, 98, 99, 100, 101, 102, 103, 104, 105, 106, 107, 108, 109, 110, 111, 112, 113, 114, 115, 116, 117, 118, 119, 120, 121, 122, 123]
YNEW:[0, 0, 0, 0, 0, 0, 0, 0, 0, 0, 0, 0, 0, 0, 0, 0, 0, 0, 0, 0, 0, 0, 0, 0, 0, 0, 0, 0, 0, 0, 0, 0, 0, 0, 0, 0, 0, 0, 0, 0, 0, 1, 0, 0, 0, 0, 0, 2, 4, 3, 2, 3, 6, 4, 6, 12, 14, 16, 16, 11, 8, 13, 15, 12, 19, 28, 31, 23, 26, 17, 35, 47, 46, 50, 40, 32, 22, 23, 19, 14, 14, 9, 21, 22, 25, 24, 26, 30, 21, 41, 34, 31, 23, 22, 22, 15, 30, 28, 32, 35, 32, 32, 32, 18, 28, 26, 11, 26, 29, 33, 33, 31, 39, 24, 24, 19, 14, 12, 10, 8, 5, 1, 2]
YTOT: [0, 0, 0, 0, 0, 0, 0, 0, 0, 0, 0, 0, 0, 0, 0, 0, 0, 0, 0, 0, 0, 0, 0, 0, 0, 0, 0, 0, 0, 0, 0, 0, 0, 0, 0, 0, 0, 0, 0, 0, 0, 1, 1, 1, 1, 1, 1, 3, 7, 10, 12, 15, 21, 25, 31, 43, 57, 73, 89, 100, 108, 121, 136, 148, 167, 195, 226, 249, 275, 292, 327, 374, 420, 470, 510, 542, 564, 587, 606, 620, 634, 643, 664, 686, 711, 735, 761, 791, 812, 853, 887, 918, 941, 963, 985, 1000, 1030, 1058, 1090, 1125, 1157, 1189, 1221, 1239, 1267, 1293, 1304, 1330, 1359, 1392, 1425, 1456, 1495, 1519, 1543, 1562, 1576, 1588, 1598, 1606, 1611, 1612, 1614]

INFO: Total Population: 765935
INFO: R0: 2
INFO: Incubation Period: 5
INFO: Illness Period: 7
X:[0, 1, 2, 3, 4, 5, 6, 7, 8, 9, 10, 11, 12, 13, 14, 15, 16, 17, 18, 19, 20, 21, 22, 23, 24, 25, 26, 27, 28, 29, 30, 31, 32, 33, 34, 35, 36, 37, 38, 39, 40, 41, 42, 43, 44, 45, 46, 47, 48, 49, 50, 51, 52, 53, 54, 55, 56, 57, 58, 59, 60, 61, 62, 63, 64, 65, 66, 67, 68, 69, 70, 71, 72, 73, 74, 75, 76, 77, 78, 79, 80, 81, 82, 83, 84, 85, 86, 87, 88, 89, 90, 91, 92, 93, 94, 95, 96, 97, 98, 99, 100, 101, 102, 103, 104, 105, 106, 107, 108, 109, 110, 111, 112, 113, 114, 115, 116, 117, 118, 119, 120, 121, 122, 123]
YNEW:[0, 0, 0, 0, 0, 0, 0, 0, 0, 0, 0, 0, 0, 0, 0, 0, 0, 0, 0, 0, 0, 0, 0, 0, 0, 0, 0, 0, 0, 0, 0, 0, 0, 0, 0, 0, 0, 0, 0, 0, 0, 1, 0, 0, 0, 0, 0, 2, 4, 3, 2, 3, 6, 4, 6, 12, 14, 16, 16, 11, 8, 13, 15, 12, 19, 28, 31, 23, 26, 17, 35, 47, 46, 50, 40, 32, 22, 23, 19, 14, 14, 9, 21, 22, 25, 24, 26, 30, 21, 41, 34, 31, 23, 22, 22, 15, 30, 28, 32, 35, 32, 32, 24, 28, 18, 17, 18, 26, 31, 20, 26, 31, 29, 34, 17, 19, 11, 14, 7, 9, 7, 3, 4]
YTOT: [0, 0, 0, 0, 0, 0, 0, 0, 0, 0, 0, 0, 0, 0, 0, 0, 0, 0, 0, 0, 0, 0, 0, 0, 0, 0, 0, 0, 0, 0, 0, 0, 0, 0, 0, 0, 0, 0, 0, 0, 0, 1, 1, 1, 1, 1, 1, 3, 7, 10, 12, 15, 21, 25, 31, 43, 57, 73, 89, 100, 108, 121, 136, 148, 167, 195, 226, 249, 275, 292, 327, 374, 420, 470, 510, 542, 564, 587, 606, 620, 634, 643, 664, 686, 711, 735, 761, 791, 812, 853, 887, 918, 941, 963, 985, 1000, 1030, 1058, 1090, 1125, 1157, 1189, 1213, 1241, 1259, 1276, 1294, 1320, 1351, 1371, 1397, 1428, 1457, 1491, 1508, 1527, 1538, 1552, 1559, 1568, 1575, 1578, 1582]

INFO: Total Population: 765935
INFO: R0: 2
INFO: Incubation Period: 5
INFO: Illness Period: 7
X:[0, 1, 2, 3, 4, 5, 6, 7, 8, 9, 10, 11, 12, 13, 14, 15, 16, 17, 18, 19, 20, 21, 22, 23, 24, 25, 26, 27, 28, 29, 30, 31, 32, 33, 34, 35, 36, 37, 38, 39, 40, 41, 42, 43, 44, 45, 46, 47, 48, 49, 50, 51, 52, 53, 54, 55, 56, 57, 58, 59, 60, 61, 62, 63, 64, 65, 66, 67, 68, 69, 70, 71, 72, 73, 74, 75, 76, 77, 78, 79, 80, 81, 82, 83, 84, 85, 86, 87, 88, 89, 90, 91, 92, 93, 94, 95, 96, 97, 98, 99, 100, 101, 102, 103, 104, 105, 106, 107, 108, 109, 110, 111, 112, 113, 114, 115, 116, 117, 118, 119, 120, 121, 122, 123]
YNEW:[0, 0, 0, 0, 0, 0, 0, 0, 0, 0, 0, 0, 0, 0, 0, 0, 0, 0, 0, 0, 0, 0, 0, 0, 0, 0, 0, 0, 0, 0, 0, 0, 0, 0, 0, 0, 0, 0, 0, 0, 0, 1, 0, 0, 0, 0, 0, 2, 4, 3, 2, 3, 6, 4, 6, 12, 14, 16, 16, 11, 8, 13, 15, 12, 19, 28, 31, 23, 26, 17, 35, 47, 46, 50, 40, 32, 22, 23, 19, 14, 14, 9, 21, 22, 25, 24, 26, 30, 21, 41, 34, 31, 23, 22, 22, 15, 30, 28, 32, 35, 32, 32, 30, 17, 30, 21, 14, 19, 29, 41, 38, 37, 36, 21, 18, 21, 16, 12, 10, 3, 2, 3, 3]
YTOT: [0, 0, 0, 0, 0, 0, 0, 0, 0, 0, 0, 0, 0, 0, 0, 0, 0, 0, 0, 0, 0, 0, 0, 0, 0, 0, 0, 0, 0, 0, 0, 0, 0, 0, 0, 0, 0, 0, 0, 0, 0, 1, 1, 1, 1, 1, 1, 3, 7, 10, 12, 15, 21, 25, 31, 43, 57, 73, 89, 100, 108, 121, 136, 148, 167, 195, 226, 249, 275, 292, 327, 374, 420, 470, 510, 542, 564, 587, 606, 620, 634, 643, 664, 686, 711, 735, 761, 791, 812, 853, 887, 918, 941, 963, 985, 1000, 1030, 1058, 1090, 1125, 1157, 1189, 1219, 1236, 1266, 1287, 1301, 1320, 1349, 1390, 1428, 1465, 1501, 1522, 1540, 1561, 1577, 1589, 1599, 1602, 1604, 1607, 1610]

INFO: Total Population: 765935
INFO: R0: 2
INFO: Incubation Period: 5
INFO: Illness Period: 7
X:[0, 1, 2, 3, 4, 5, 6, 7, 8, 9, 10, 11, 12, 13, 14, 15, 16, 17, 18, 19, 20, 21, 22, 23, 24, 25, 26, 27, 28, 29, 30, 31, 32, 33, 34, 35, 36, 37, 38, 39, 40, 41, 42, 43, 44, 45, 46, 47, 48, 49, 50, 51, 52, 53, 54, 55, 56, 57, 58, 59, 60, 61, 62, 63, 64, 65, 66, 67, 68, 69, 70, 71, 72, 73, 74, 75, 76, 77, 78, 79, 80, 81, 82, 83, 84, 85, 86, 87, 88, 89, 90, 91, 92, 93, 94, 95, 96, 97, 98, 99, 100, 101, 102, 103, 104, 105, 106, 107, 108, 109, 110, 111, 112, 113, 114, 115, 116, 117, 118, 119, 120, 121, 122, 123]
YNEW:[0, 0, 0, 0, 0, 0, 0, 0, 0, 0, 0, 0, 0, 0, 0, 0, 0, 0, 0, 0, 0, 0, 0, 0, 0, 0, 0, 0, 0, 0, 0, 0, 0, 0, 0, 0, 0, 0, 0, 0, 0, 1, 0, 0, 0, 0, 0, 2, 4, 3, 2, 3, 6, 4, 6, 12, 14, 16, 16, 11, 8, 13, 15, 12, 19, 28, 31, 23, 26, 17, 35, 47, 46, 50, 40, 32, 22, 23, 19, 14, 14, 9, 21, 22, 25, 24, 26, 30, 21, 41, 34, 31, 23, 22, 22, 15, 30, 28, 32, 35, 32, 32, 18, 31, 20, 16, 20, 24, 25, 33, 39, 32, 35, 18, 20, 20, 13, 11, 10, 7, 5, 2, 2]
YTOT: [0, 0, 0, 0, 0, 0, 0, 0, 0, 0, 0, 0, 0, 0, 0, 0, 0, 0, 0, 0, 0, 0, 0, 0, 0, 0, 0, 0, 0, 0, 0, 0, 0, 0, 0, 0, 0, 0, 0, 0, 0, 1, 1, 1, 1, 1, 1, 3, 7, 10, 12, 15, 21, 25, 31, 43, 57, 73, 89, 100, 108, 121, 136, 148, 167, 195, 226, 249, 275, 292, 327, 374, 420, 470, 510, 542, 564, 587, 606, 620, 634, 643, 664, 686, 711, 735, 761, 791, 812, 853, 887, 918, 941, 963, 985, 1000, 1030, 1058, 1090, 1125, 1157, 1189, 1207, 1238, 1258, 1274, 1294, 1318, 1343, 1376, 1415, 1447, 1482, 1500, 1520, 1540, 1553, 1564, 1574, 1581, 1586, 1588, 1590]

INFO: Total Population: 765935
INFO: R0: 2
INFO: Incubation Period: 5
INFO: Illness Period: 7
X:[0, 1, 2, 3, 4, 5, 6, 7, 8, 9, 10, 11, 12, 13, 14, 15, 16, 17, 18, 19, 20, 21, 22, 23, 24, 25, 26, 27, 28, 29, 30, 31, 32, 33, 34, 35, 36, 37, 38, 39, 40, 41, 42, 43, 44, 45, 46, 47, 48, 49, 50, 51, 52, 53, 54, 55, 56, 57, 58, 59, 60, 61, 62, 63, 64, 65, 66, 67, 68, 69, 70, 71, 72, 73, 74, 75, 76, 77, 78, 79, 80, 81, 82, 83, 84, 85, 86, 87, 88, 89, 90, 91, 92, 93, 94, 95, 96, 97, 98, 99, 100, 101, 102, 103, 104, 105, 106, 107, 108, 109, 110, 111, 112, 113, 114, 115, 116, 117, 118, 119, 120, 121, 122, 123, 124]
YNEW:[0, 0, 0, 0, 0, 0, 0, 0, 0, 0, 0, 0, 0, 0, 0, 0, 0, 0, 0, 0, 0, 0, 0, 0, 0, 0, 0, 0, 0, 0, 0, 0, 0, 0, 0, 0, 0, 0, 0, 0, 0, 1, 0, 0, 0, 0, 0, 2, 4, 3, 2, 3, 6, 4, 6, 12, 14, 16, 16, 11, 8, 13, 15, 12, 19, 28, 31, 23, 26, 17, 35, 47, 46, 50, 40, 32, 22, 23, 19, 14, 14, 9, 21, 22, 25, 24, 26, 30, 21, 41, 34, 31, 23, 22, 22, 15, 30, 28, 32, 35, 32, 32, 20, 25, 24, 13, 26, 14, 31, 35, 29, 27, 35, 31, 13, 25, 10, 10, 9, 2, 5, 2, 2, 1]
YTOT: [0, 0, 0, 0, 0, 0, 0, 0, 0, 0, 0, 0, 0, 0, 0, 0, 0, 0, 0, 0, 0, 0, 0, 0, 0, 0, 0, 0, 0, 0, 0, 0, 0, 0, 0, 0, 0, 0, 0, 0, 0, 1, 1, 1, 1, 1, 1, 3, 7, 10, 12, 15, 21, 25, 31, 43, 57, 73, 89, 100, 108, 121, 136, 148, 167, 195, 226, 249, 275, 292, 327, 374, 420, 470, 510, 542, 564, 587, 606, 620, 634, 643, 664, 686, 711, 735, 761, 791, 812, 853, 887, 918, 941, 963, 985, 1000, 1030, 1058, 1090, 1125, 1157, 1189, 1209, 1234, 1258, 1271, 1297, 1311, 1342, 1377, 1406, 1433, 1468, 1499, 1512, 1537, 1547, 1557, 1566, 1568, 1573, 1575, 1577, 1578]

INFO: Total Population: 765935
INFO: R0: 2
INFO: Incubation Period: 5
INFO: Illness Period: 7
X:[0, 1, 2, 3, 4, 5, 6, 7, 8, 9, 10, 11, 12, 13, 14, 15, 16, 17, 18, 19, 20, 21, 22, 23, 24, 25, 26, 27, 28, 29, 30, 31, 32, 33, 34, 35, 36, 37, 38, 39, 40, 41, 42, 43, 44, 45, 46, 47, 48, 49, 50, 51, 52, 53, 54, 55, 56, 57, 58, 59, 60, 61, 62, 63, 64, 65, 66, 67, 68, 69, 70, 71, 72, 73, 74, 75, 76, 77, 78, 79, 80, 81, 82, 83, 84, 85, 86, 87, 88, 89, 90, 91, 92, 93, 94, 95, 96, 97, 98, 99, 100, 101, 102, 103, 104, 105, 106, 107, 108, 109, 110, 111, 112, 113, 114, 115, 116, 117, 118, 119, 120, 121, 122, 123]
YNEW:[0, 0, 0, 0, 0, 0, 0, 0, 0, 0, 0, 0, 0, 0, 0, 0, 0, 0, 0, 0, 0, 0, 0, 0, 0, 0, 0, 0, 0, 0, 0, 0, 0, 0, 0, 0, 0, 0, 0, 0, 0, 1, 0, 0, 0, 0, 0, 2, 4, 3, 2, 3, 6, 4, 6, 12, 14, 16, 16, 11, 8, 13, 15, 12, 19, 28, 31, 23, 26, 17, 35, 47, 46, 50, 40, 32, 22, 23, 19, 14, 14, 9, 21, 22, 25, 24, 26, 30, 21, 41, 34, 31, 23, 22, 22, 15, 30, 28, 32, 35, 32, 32, 29, 25, 28, 20, 25, 7, 36, 28, 36, 34, 26, 28, 15, 22, 16, 9, 9, 9, 5, 5, 1]
YTOT: [0, 0, 0, 0, 0, 0, 0, 0, 0, 0, 0, 0, 0, 0, 0, 0, 0, 0, 0, 0, 0, 0, 0, 0, 0, 0, 0, 0, 0, 0, 0, 0, 0, 0, 0, 0, 0, 0, 0, 0, 0, 1, 1, 1, 1, 1, 1, 3, 7, 10, 12, 15, 21, 25, 31, 43, 57, 73, 89, 100, 108, 121, 136, 148, 167, 195, 226, 249, 275, 292, 327, 374, 420, 470, 510, 542, 564, 587, 606, 620, 634, 643, 664, 686, 711, 735, 761, 791, 812, 853, 887, 918, 941, 963, 985, 1000, 1030, 1058, 1090, 1125, 1157, 1189, 1218, 1243, 1271, 1291, 1316, 1323, 1359, 1387, 1423, 1457, 1483, 1511, 1526, 1548, 1564, 1573, 1582, 1591, 1596, 1601, 1602]

END