

INFO: Total Population: 765935
INFO: R0: 2
INFO: Incubation Period: 5
INFO: Illness Period: 7
X:[0, 1, 2, 3, 4, 5, 6, 7, 8, 9, 10, 11, 12, 13, 14, 15, 16, 17, 18, 19, 20, 21, 22, 23, 24, 25, 26, 27, 28, 29, 30, 31, 32, 33, 34, 35, 36, 37, 38, 39, 40, 41, 42, 43, 44, 45, 46, 47, 48, 49, 50, 51, 52, 53, 54, 55, 56, 57, 58, 59, 60, 61, 62, 63, 64, 65, 66, 67, 68, 69, 70, 71, 72, 73, 74, 75, 76, 77, 78, 79, 80, 81, 82, 83, 84, 85, 86, 87, 88, 89, 90, 91, 92, 93, 94, 95, 96, 97, 98, 99, 100, 101, 102, 103, 104, 105, 106, 107, 108, 109, 110, 111, 112, 113, 114, 115, 116, 117, 118, 119, 120, 121, 122, 123, 124]
YNEW:[0, 0, 0, 0, 0, 0, 0, 0, 0, 0, 0, 0, 0, 0, 0, 0, 0, 0, 0, 0, 0, 0, 0, 0, 0, 0, 0, 0, 0, 0, 0, 0, 0, 0, 0, 0, 0, 0, 0, 0, 0, 1, 0, 0, 0, 0, 0, 2, 4, 3, 2, 3, 6, 4, 6, 12, 14, 16, 16, 11, 8, 13, 15, 12, 19, 28, 31, 23, 26, 17, 35, 47, 46, 50, 40, 32, 22, 23, 19, 14, 14, 9, 21, 22, 25, 24, 26, 30, 21, 41, 34, 31, 23, 22, 22, 15, 30, 28, 32, 35, 32, 32, 27, 22, 19, 18, 19, 24, 27, 24, 30, 33, 38, 17, 17, 20, 17, 11, 8, 6, 11, 3, 3, 1]
YTOT: [0, 0, 0, 0, 0, 0, 0, 0, 0, 0, 0, 0, 0, 0, 0, 0, 0, 0, 0, 0, 0, 0, 0, 0, 0, 0, 0, 0, 0, 0, 0, 0, 0, 0, 0, 0, 0, 0, 0, 0, 0, 1, 1, 1, 1, 1, 1, 3, 7, 10, 12, 15, 21, 25, 31, 43, 57, 73, 89, 100, 108, 121, 136, 148, 167, 195, 226, 249, 275, 292, 327, 374, 420, 470, 510, 542, 564, 587, 606, 620, 634, 643, 664, 686, 711, 735, 761, 791, 812, 853, 887, 918, 941, 963, 985, 1000, 1030, 1058, 1090, 1125, 1157, 1189, 1216, 1238, 1257, 1275, 1294, 1318, 1345, 1369, 1399, 1432, 1470, 1487, 1504, 1524, 1541, 1552, 1560, 1566, 1577, 1580, 1583, 1584]

INFO: Total Population: 765935
INFO: R0: 2
INFO: Incubation Period: 5
INFO: Illness Period: 7
X:[0, 1, 2, 3, 4, 5, 6, 7, 8, 9, 10, 11, 12, 13, 14, 15, 16, 17, 18, 19, 20, 21, 22, 23, 24, 25, 26, 27, 28, 29, 30, 31, 32, 33, 34, 35, 36, 37, 38, 39, 40, 41, 42, 43, 44, 45, 46, 47, 48, 49, 50, 51, 52, 53, 54, 55, 56, 57, 58, 59, 60, 61, 62, 63, 64, 65, 66, 67, 68, 69, 70, 71, 72, 73, 74, 75, 76, 77, 78, 79, 80, 81, 82, 83, 84, 85, 86, 87, 88, 89, 90, 91, 92, 93, 94, 95, 96, 97, 98, 99, 100, 101, 102, 103, 104, 105, 106, 107, 108, 109, 110, 111, 112, 113, 114, 115, 116, 117, 118, 119, 120, 121, 122, 123, 124]
YNEW:[0, 0, 0, 0, 0, 0, 0, 0, 0, 0, 0, 0, 0, 0, 0, 0, 0, 0, 0, 0, 0, 0, 0, 0, 0, 0, 0, 0, 0, 0, 0, 0, 0, 0, 0, 0, 0, 0, 0, 0, 0, 1, 0, 0, 0, 0, 0, 2, 4, 3, 2, 3, 6, 4, 6, 12, 14, 16, 16, 11, 8, 13, 15, 12, 19, 28, 31, 23, 26, 17, 35, 47, 46, 50, 40, 32, 22, 23, 19, 14, 14, 9, 21, 22, 25, 24, 26, 30, 21, 41, 34, 31, 23, 22, 22, 15, 30, 28, 32, 35, 32, 32, 33, 30, 24, 21, 12, 17, 20, 46, 33, 40, 43, 25, 19, 21, 9, 11, 11, 6, 4, 3, 1, 2]
YTOT: [0, 0, 0, 0, 0, 0, 0, 0, 0, 0, 0, 0, 0, 0, 0, 0, 0, 0, 0, 0, 0, 0, 0, 0, 0, 0, 0, 0, 0, 0, 0, 0, 0, 0, 0, 0, 0, 0, 0, 0, 0, 1, 1, 1, 1, 1, 1, 3, 7, 10, 12, 15, 21, 25, 31, 43, 57, 73, 89, 100, 108, 121, 136, 148, 167, 195, 226, 249, 275, 292, 327, 374, 420, 470, 510, 542, 564, 587, 606, 620, 634, 643, 664, 686, 711, 735, 761, 791, 812, 853, 887, 918, 941, 963, 985, 1000, 1030, 1058, 1090, 1125, 1157, 1189, 1222, 1252, 1276, 1297, 1309, 1326, 1346, 1392, 1425, 1465, 1508, 1533, 1552, 1573, 1582, 1593, 1604, 1610, 1614, 1617, 1618, 1620]

INFO: Total Population: 765935
INFO: R0: 2
INFO: Incubation Period: 5
INFO: Illness Period: 7
X:[0, 1, 2, 3, 4, 5, 6, 7, 8, 9, 10, 11, 12, 13, 14, 15, 16, 17, 18, 19, 20, 21, 22, 23, 24, 25, 26, 27, 28, 29, 30, 31, 32, 33, 34, 35, 36, 37, 38, 39, 40, 41, 42, 43, 44, 45, 46, 47, 48, 49, 50, 51, 52, 53, 54, 55, 56, 57, 58, 59, 60, 61, 62, 63, 64, 65, 66, 67, 68, 69, 70, 71, 72, 73, 74, 75, 76, 77, 78, 79, 80, 81, 82, 83, 84, 85, 86, 87, 88, 89, 90, 91, 92, 93, 94, 95, 96, 97, 98, 99, 100, 101, 102, 103, 104, 105, 106, 107, 108, 109, 110, 111, 112, 113, 114, 115, 116, 117, 118, 119, 120, 121, 122, 123, 124]
YNEW:[0, 0, 0, 0, 0, 0, 0, 0, 0, 0, 0, 0, 0, 0, 0, 0, 0, 0, 0, 0, 0, 0, 0, 0, 0, 0, 0, 0, 0, 0, 0, 0, 0, 0, 0, 0, 0, 0, 0, 0, 0, 1, 0, 0, 0, 0, 0, 2, 4, 3, 2, 3, 6, 4, 6, 12, 14, 16, 16, 11, 8, 13, 15, 12, 19, 28, 31, 23, 26, 17, 35, 47, 46, 50, 40, 32, 22, 23, 19, 14, 14, 9, 21, 22, 25, 24, 26, 30, 21, 41, 34, 31, 23, 22, 22, 15, 30, 28, 32, 35, 32, 32, 18, 26, 23, 9, 23, 19, 26, 28, 27, 31, 23, 36, 16, 10, 18, 7, 10, 5, 4, 5, 1, 1]
YTOT: [0, 0, 0, 0, 0, 0, 0, 0, 0, 0, 0, 0, 0, 0, 0, 0, 0, 0, 0, 0, 0, 0, 0, 0, 0, 0, 0, 0, 0, 0, 0, 0, 0, 0, 0, 0, 0, 0, 0, 0, 0, 1, 1, 1, 1, 1, 1, 3, 7, 10, 12, 15, 21, 25, 31, 43, 57, 73, 89, 100, 108, 121, 136, 148, 167, 195, 226, 249, 275, 292, 327, 374, 420, 470, 510, 542, 564, 587, 606, 620, 634, 643, 664, 686, 711, 735, 761, 791, 812, 853, 887, 918, 941, 963, 985, 1000, 1030, 1058, 1090, 1125, 1157, 1189, 1207, 1233, 1256, 1265, 1288, 1307, 1333, 1361, 1388, 1419, 1442, 1478, 1494, 1504, 1522, 1529, 1539, 1544, 1548, 1553, 1554, 1555]

INFO: Total Population: 765935
INFO: R0: 2
INFO: Incubation Period: 5
INFO: Illness Period: 7
X:[0, 1, 2, 3, 4, 5, 6, 7, 8, 9, 10, 11, 12, 13, 14, 15, 16, 17, 18, 19, 20, 21, 22, 23, 24, 25, 26, 27, 28, 29, 30, 31, 32, 33, 34, 35, 36, 37, 38, 39, 40, 41, 42, 43, 44, 45, 46, 47, 48, 49, 50, 51, 52, 53, 54, 55, 56, 57, 58, 59, 60, 61, 62, 63, 64, 65, 66, 67, 68, 69, 70, 71, 72, 73, 74, 75, 76, 77, 78, 79, 80, 81, 82, 83, 84, 85, 86, 87, 88, 89, 90, 91, 92, 93, 94, 95, 96, 97, 98, 99, 100, 101, 102, 103, 104, 105, 106, 107, 108, 109, 110, 111, 112, 113, 114, 115, 116, 117, 118, 119, 120, 121, 122, 123, 124]
YNEW:[0, 0, 0, 0, 0, 0, 0, 0, 0, 0, 0, 0, 0, 0, 0, 0, 0, 0, 0, 0, 0, 0, 0, 0, 0, 0, 0, 0, 0, 0, 0, 0, 0, 0, 0, 0, 0, 0, 0, 0, 0, 1, 0, 0, 0, 0, 0, 2, 4, 3, 2, 3, 6, 4, 6, 12, 14, 16, 16, 11, 8, 13, 15, 12, 19, 28, 31, 23, 26, 17, 35, 47, 46, 50, 40, 32, 22, 23, 19, 14, 14, 9, 21, 22, 25, 24, 26, 30, 21, 41, 34, 31, 23, 22, 22, 15, 30, 28, 32, 35, 32, 32, 22, 16, 15, 22, 28, 24, 28, 22, 28, 36, 26, 20, 19, 20, 9, 21, 14, 6, 6, 1, 2, 3]
YTOT: [0, 0, 0, 0, 0, 0, 0, 0, 0, 0, 0, 0, 0, 0, 0, 0, 0, 0, 0, 0, 0, 0, 0, 0, 0, 0, 0, 0, 0, 0, 0, 0, 0, 0, 0, 0, 0, 0, 0, 0, 0, 1, 1, 1, 1, 1, 1, 3, 7, 10, 12, 15, 21, 25, 31, 43, 57, 73, 89, 100, 108, 121, 136, 148, 167, 195, 226, 249, 275, 292, 327, 374, 420, 470, 510, 542, 564, 587, 606, 620, 634, 643, 664, 686, 711, 735, 761, 791, 812, 853, 887, 918, 941, 963, 985, 1000, 1030, 1058, 1090, 1125, 1157, 1189, 1211, 1227, 1242, 1264, 1292, 1316, 1344, 1366, 1394, 1430, 1456, 1476, 1495, 1515, 1524, 1545, 1559, 1565, 1571, 1572, 1574, 1577]

INFO: Total Population: 765935
INFO: R0: 2
INFO: Incubation Period: 5
INFO: Illness Period: 7
X:[0, 1, 2, 3, 4, 5, 6, 7, 8, 9, 10, 11, 12, 13, 14, 15, 16, 17, 18, 19, 20, 21, 22, 23, 24, 25, 26, 27, 28, 29, 30, 31, 32, 33, 34, 35, 36, 37, 38, 39, 40, 41, 42, 43, 44, 45, 46, 47, 48, 49, 50, 51, 52, 53, 54, 55, 56, 57, 58, 59, 60, 61, 62, 63, 64, 65, 66, 67, 68, 69, 70, 71, 72, 73, 74, 75, 76, 77, 78, 79, 80, 81, 82, 83, 84, 85, 86, 87, 88, 89, 90, 91, 92, 93, 94, 95, 96, 97, 98, 99, 100, 101, 102, 103, 104, 105, 106, 107, 108, 109, 110, 111, 112, 113, 114, 115, 116, 117, 118, 119, 120, 121, 122, 123, 124]
YNEW:[0, 0, 0, 0, 0, 0, 0, 0, 0, 0, 0, 0, 0, 0, 0, 0, 0, 0, 0, 0, 0, 0, 0, 0, 0, 0, 0, 0, 0, 0, 0, 0, 0, 0, 0, 0, 0, 0, 0, 0, 0, 1, 0, 0, 0, 0, 0, 2, 4, 3, 2, 3, 6, 4, 6, 12, 14, 16, 16, 11, 8, 13, 15, 12, 19, 28, 31, 23, 26, 17, 35, 47, 46, 50, 40, 32, 22, 23, 19, 14, 14, 9, 21, 22, 25, 24, 26, 30, 21, 41, 34, 31, 23, 22, 22, 15, 30, 28, 32, 35, 32, 32, 26, 27, 24, 18, 20, 10, 23, 39, 32, 34, 25, 27, 17, 11, 20, 13, 8, 6, 2, 4, 1, 1]
YTOT: [0, 0, 0, 0, 0, 0, 0, 0, 0, 0, 0, 0, 0, 0, 0, 0, 0, 0, 0, 0, 0, 0, 0, 0, 0, 0, 0, 0, 0, 0, 0, 0, 0, 0, 0, 0, 0, 0, 0, 0, 0, 1, 1, 1, 1, 1, 1, 3, 7, 10, 12, 15, 21, 25, 31, 43, 57, 73, 89, 100, 108, 121, 136, 148, 167, 195, 226, 249, 275, 292, 327, 374, 420, 470, 510, 542, 564, 587, 606, 620, 634, 643, 664, 686, 711, 735, 761, 791, 812, 853, 887, 918, 941, 963, 985, 1000, 1030, 1058, 1090, 1125, 1157, 1189, 1215, 1242, 1266, 1284, 1304, 1314, 1337, 1376, 1408, 1442, 1467, 1494, 1511, 1522, 1542, 1555, 1563, 1569, 1571, 1575, 1576, 1577]

INFO: Total Population: 765935
INFO: R0: 2
INFO: Incubation Period: 5
INFO: Illness Period: 7
X:[0, 1, 2, 3, 4, 5, 6, 7, 8, 9, 10, 11, 12, 13, 14, 15, 16, 17, 18, 19, 20, 21, 22, 23, 24, 25, 26, 27, 28, 29, 30, 31, 32, 33, 34, 35, 36, 37, 38, 39, 40, 41, 42, 43, 44, 45, 46, 47, 48, 49, 50, 51, 52, 53, 54, 55, 56, 57, 58, 59, 60, 61, 62, 63, 64, 65, 66, 67, 68, 69, 70, 71, 72, 73, 74, 75, 76, 77, 78, 79, 80, 81, 82, 83, 84, 85, 86, 87, 88, 89, 90, 91, 92, 93, 94, 95, 96, 97, 98, 99, 100, 101, 102, 103, 104, 105, 106, 107, 108, 109, 110, 111, 112, 113, 114, 115, 116, 117, 118, 119, 120, 121, 122, 123]
YNEW:[0, 0, 0, 0, 0, 0, 0, 0, 0, 0, 0, 0, 0, 0, 0, 0, 0, 0, 0, 0, 0, 0, 0, 0, 0, 0, 0, 0, 0, 0, 0, 0, 0, 0, 0, 0, 0, 0, 0, 0, 0, 1, 0, 0, 0, 0, 0, 2, 4, 3, 2, 3, 6, 4, 6, 12, 14, 16, 16, 11, 8, 13, 15, 12, 19, 28, 31, 23, 26, 17, 35, 47, 46, 50, 40, 32, 22, 23, 19, 14, 14, 9, 21, 22, 25, 24, 26, 30, 21, 41, 34, 31, 23, 22, 22, 15, 30, 28, 32, 35, 32, 32, 17, 26, 23, 17, 18, 23, 29, 33, 39, 26, 24, 30, 17, 22, 10, 6, 10, 9, 7, 3, 2]
YTOT: [0, 0, 0, 0, 0, 0, 0, 0, 0, 0, 0, 0, 0, 0, 0, 0, 0, 0, 0, 0, 0, 0, 0, 0, 0, 0, 0, 0, 0, 0, 0, 0, 0, 0, 0, 0, 0, 0, 0, 0, 0, 1, 1, 1, 1, 1, 1, 3, 7, 10, 12, 15, 21, 25, 31, 43, 57, 73, 89, 100, 108, 121, 136, 148, 167, 195, 226, 249, 275, 292, 327, 374, 420, 470, 510, 542, 564, 587, 606, 620, 634, 643, 664, 686, 711, 735, 761, 791, 812, 853, 887, 918, 941, 963, 985, 1000, 1030, 1058, 1090, 1125, 1157, 1189, 1206, 1232, 1255, 1272, 1290, 1313, 1342, 1375, 1414, 1440, 1464, 1494, 1511, 1533, 1543, 1549, 1559, 1568, 1575, 1578, 1580]

INFO: Total Population: 765935
INFO: R0: 2
INFO: Incubation Period: 5
INFO: Illness Period: 7
X:[0, 1, 2, 3, 4, 5, 6, 7, 8, 9, 10, 11, 12, 13, 14, 15, 16, 17, 18, 19, 20, 21, 22, 23, 24, 25, 26, 27, 28, 29, 30, 31, 32, 33, 34, 35, 36, 37, 38, 39, 40, 41, 42, 43, 44, 45, 46, 47, 48, 49, 50, 51, 52, 53, 54, 55, 56, 57, 58, 59, 60, 61, 62, 63, 64, 65, 66, 67, 68, 69, 70, 71, 72, 73, 74, 75, 76, 77, 78, 79, 80, 81, 82, 83, 84, 85, 86, 87, 88, 89, 90, 91, 92, 93, 94, 95, 96, 97, 98, 99, 100, 101, 102, 103, 104, 105, 106, 107, 108, 109, 110, 111, 112, 113, 114, 115, 116, 117, 118, 119, 120, 121, 122, 123]
YNEW:[0, 0, 0, 0, 0, 0, 0, 0, 0, 0, 0, 0, 0, 0, 0, 0, 0, 0, 0, 0, 0, 0, 0, 0, 0, 0, 0, 0, 0, 0, 0, 0, 0, 0, 0, 0, 0, 0, 0, 0, 0, 1, 0, 0, 0, 0, 0, 2, 4, 3, 2, 3, 6, 4, 6, 12, 14, 16, 16, 11, 8, 13, 15, 12, 19, 28, 31, 23, 26, 17, 35, 47, 46, 50, 40, 32, 22, 23, 19, 14, 14, 9, 21, 22, 25, 24, 26, 30, 21, 41, 34, 31, 23, 22, 22, 15, 30, 28, 32, 35, 32, 32, 28, 22, 20, 26, 13, 26, 18, 28, 40, 37, 38, 22, 18, 19, 15, 6, 10, 4, 7, 4, 1]
YTOT: [0, 0, 0, 0, 0, 0, 0, 0, 0, 0, 0, 0, 0, 0, 0, 0, 0, 0, 0, 0, 0, 0, 0, 0, 0, 0, 0, 0, 0, 0, 0, 0, 0, 0, 0, 0, 0, 0, 0, 0, 0, 1, 1, 1, 1, 1, 1, 3, 7, 10, 12, 15, 21, 25, 31, 43, 57, 73, 89, 100, 108, 121, 136, 148, 167, 195, 226, 249, 275, 292, 327, 374, 420, 470, 510, 542, 564, 587, 606, 620, 634, 643, 664, 686, 711, 735, 761, 791, 812, 853, 887, 918, 941, 963, 985, 1000, 1030, 1058, 1090, 1125, 1157, 1189, 1217, 1239, 1259, 1285, 1298, 1324, 1342, 1370, 1410, 1447, 1485, 1507, 1525, 1544, 1559, 1565, 1575, 1579, 1586, 1590, 1591]

INFO: Total Population: 765935
INFO: R0: 2
INFO: Incubation Period: 5
INFO: Illness Period: 7
X:[0, 1, 2, 3, 4, 5, 6, 7, 8, 9, 10, 11, 12, 13, 14, 15, 16, 17, 18, 19, 20, 21, 22, 23, 24, 25, 26, 27, 28, 29, 30, 31, 32, 33, 34, 35, 36, 37, 38, 39, 40, 41, 42, 43, 44, 45, 46, 47, 48, 49, 50, 51, 52, 53, 54, 55, 56, 57, 58, 59, 60, 61, 62, 63, 64, 65, 66, 67, 68, 69, 70, 71, 72, 73, 74, 75, 76, 77, 78, 79, 80, 81, 82, 83, 84, 85, 86, 87, 88, 89, 90, 91, 92, 93, 94, 95, 96, 97, 98, 99, 100, 101, 102, 103, 104, 105, 106, 107, 108, 109, 110, 111, 112, 113, 114, 115, 116, 117, 118, 119, 120, 121, 122, 123, 124]
YNEW:[0, 0, 0, 0, 0, 0, 0, 0, 0, 0, 0, 0, 0, 0, 0, 0, 0, 0, 0, 0, 0, 0, 0, 0, 0, 0, 0, 0, 0, 0, 0, 0, 0, 0, 0, 0, 0, 0, 0, 0, 0, 1, 0, 0, 0, 0, 0, 2, 4, 3, 2, 3, 6, 4, 6, 12, 14, 16, 16, 11, 8, 13, 15, 12, 19, 28, 31, 23, 26, 17, 35, 47, 46, 50, 40, 32, 22, 23, 19, 14, 14, 9, 21, 22, 25, 24, 26, 30, 21, 41, 34, 31, 23, 22, 22, 15, 30, 28, 32, 35, 32, 32, 27, 27, 22, 19, 18, 18, 26, 31, 28, 33, 34, 18, 19, 20, 13, 16, 9, 8, 2, 6, 1, 1]
YTOT: [0, 0, 0, 0, 0, 0, 0, 0, 0, 0, 0, 0, 0, 0, 0, 0, 0, 0, 0, 0, 0, 0, 0, 0, 0, 0, 0, 0, 0, 0, 0, 0, 0, 0, 0, 0, 0, 0, 0, 0, 0, 1, 1, 1, 1, 1, 1, 3, 7, 10, 12, 15, 21, 25, 31, 43, 57, 73, 89, 100, 108, 121, 136, 148, 167, 195, 226, 249, 275, 292, 327, 374, 420, 470, 510, 542, 564, 587, 606, 620, 634, 643, 664, 686, 711, 735, 761, 791, 812, 853, 887, 918, 941, 963, 985, 1000, 1030, 1058, 1090, 1125, 1157, 1189, 1216, 1243, 1265, 1284, 1302, 1320, 1346, 1377, 1405, 1438, 1472, 1490, 1509, 1529, 1542, 1558, 1567, 1575, 1577, 1583, 1584, 1585]

INFO: Total Population: 765935
INFO: R0: 2
INFO: Incubation Period: 5
INFO: Illness Period: 7
X:[0, 1, 2, 3, 4, 5, 6, 7, 8, 9, 10, 11, 12, 13, 14, 15, 16, 17, 18, 19, 20, 21, 22, 23, 24, 25, 26, 27, 28, 29, 30, 31, 32, 33, 34, 35, 36, 37, 38, 39, 40, 41, 42, 43, 44, 45, 46, 47, 48, 49, 50, 51, 52, 53, 54, 55, 56, 57, 58, 59, 60, 61, 62, 63, 64, 65, 66, 67, 68, 69, 70, 71, 72, 73, 74, 75, 76, 77, 78, 79, 80, 81, 82, 83, 84, 85, 86, 87, 88, 89, 90, 91, 92, 93, 94, 95, 96, 97, 98, 99, 100, 101, 102, 103, 104, 105, 106, 107, 108, 109, 110, 111, 112, 113, 114, 115, 116, 117, 118, 119, 120, 121, 122, 123]
YNEW:[0, 0, 0, 0, 0, 0, 0, 0, 0, 0, 0, 0, 0, 0, 0, 0, 0, 0, 0, 0, 0, 0, 0, 0, 0, 0, 0, 0, 0, 0, 0, 0, 0, 0, 0, 0, 0, 0, 0, 0, 0, 1, 0, 0, 0, 0, 0, 2, 4, 3, 2, 3, 6, 4, 6, 12, 14, 16, 16, 11, 8, 13, 15, 12, 19, 28, 31, 23, 26, 17, 35, 47, 46, 50, 40, 32, 22, 23, 19, 14, 14, 9, 21, 22, 25, 24, 26, 30, 21, 41, 34, 31, 23, 22, 22, 15, 30, 28, 32, 35, 32, 32, 40, 22, 18, 15, 17, 20, 34, 26, 28, 34, 26, 23, 24, 14, 11, 8, 10, 4, 5, 4, 2]
YTOT: [0, 0, 0, 0, 0, 0, 0, 0, 0, 0, 0, 0, 0, 0, 0, 0, 0, 0, 0, 0, 0, 0, 0, 0, 0, 0, 0, 0, 0, 0, 0, 0, 0, 0, 0, 0, 0, 0, 0, 0, 0, 1, 1, 1, 1, 1, 1, 3, 7, 10, 12, 15, 21, 25, 31, 43, 57, 73, 89, 100, 108, 121, 136, 148, 167, 195, 226, 249, 275, 292, 327, 374, 420, 470, 510, 542, 564, 587, 606, 620, 634, 643, 664, 686, 711, 735, 761, 791, 812, 853, 887, 918, 941, 963, 985, 1000, 1030, 1058, 1090, 1125, 1157, 1189, 1229, 1251, 1269, 1284, 1301, 1321, 1355, 1381, 1409, 1443, 1469, 1492, 1516, 1530, 1541, 1549, 1559, 1563, 1568, 1572, 1574]

INFO: Total Population: 765935
INFO: R0: 2
INFO: Incubation Period: 5
INFO: Illness Period: 7
X:[0, 1, 2, 3, 4, 5, 6, 7, 8, 9, 10, 11, 12, 13, 14, 15, 16, 17, 18, 19, 20, 21, 22, 23, 24, 25, 26, 27, 28, 29, 30, 31, 32, 33, 34, 35, 36, 37, 38, 39, 40, 41, 42, 43, 44, 45, 46, 47, 48, 49, 50, 51, 52, 53, 54, 55, 56, 57, 58, 59, 60, 61, 62, 63, 64, 65, 66, 67, 68, 69, 70, 71, 72, 73, 74, 75, 76, 77, 78, 79, 80, 81, 82, 83, 84, 85, 86, 87, 88, 89, 90, 91, 92, 93, 94, 95, 96, 97, 98, 99, 100, 101, 102, 103, 104, 105, 106, 107, 108, 109, 110, 111, 112, 113, 114, 115, 116, 117, 118, 119, 120, 121, 122, 123]
YNEW:[0, 0, 0, 0, 0, 0, 0, 0, 0, 0, 0, 0, 0, 0, 0, 0, 0, 0, 0, 0, 0, 0, 0, 0, 0, 0, 0, 0, 0, 0, 0, 0, 0, 0, 0, 0, 0, 0, 0, 0, 0, 1, 0, 0, 0, 0, 0, 2, 4, 3, 2, 3, 6, 4, 6, 12, 14, 16, 16, 11, 8, 13, 15, 12, 19, 28, 31, 23, 26, 17, 35, 47, 46, 50, 40, 32, 22, 23, 19, 14, 14, 9, 21, 22, 25, 24, 26, 30, 21, 41, 34, 31, 23, 22, 22, 15, 30, 28, 32, 35, 32, 32, 20, 21, 27, 29, 13, 12, 26, 34, 40, 32, 31, 19, 13, 14, 14, 13, 11, 8, 8, 2, 1]
YTOT: [0, 0, 0, 0, 0, 0, 0, 0, 0, 0, 0, 0, 0, 0, 0, 0, 0, 0, 0, 0, 0, 0, 0, 0, 0, 0, 0, 0, 0, 0, 0, 0, 0, 0, 0, 0, 0, 0, 0, 0, 0, 1, 1, 1, 1, 1, 1, 3, 7, 10, 12, 15, 21, 25, 31, 43, 57, 73, 89, 100, 108, 121, 136, 148, 167, 195, 226, 249, 275, 292, 327, 374, 420, 470, 510, 542, 564, 587, 606, 620, 634, 643, 664, 686, 711, 735, 761, 791, 812, 853, 887, 918, 941, 963, 985, 1000, 1030, 1058, 1090, 1125, 1157, 1189, 1209, 1230, 1257, 1286, 1299, 1311, 1337, 1371, 1411, 1443, 1474, 1493, 1506, 1520, 1534, 1547, 1558, 1566, 1574, 1576, 1577]

INFO: Total Population: 765935
INFO: R0: 2
INFO: Incubation Period: 5
INFO: Illness Period: 7
X:[0, 1, 2, 3, 4, 5, 6, 7, 8, 9, 10, 11, 12, 13, 14, 15, 16, 17, 18, 19, 20, 21, 22, 23, 24, 25, 26, 27, 28, 29, 30, 31, 32, 33, 34, 35, 36, 37, 38, 39, 40, 41, 42, 43, 44, 45, 46, 47, 48, 49, 50, 51, 52, 53, 54, 55, 56, 57, 58, 59, 60, 61, 62, 63, 64, 65, 66, 67, 68, 69, 70, 71, 72, 73, 74, 75, 76, 77, 78, 79, 80, 81, 82, 83, 84, 85, 86, 87, 88, 89, 90, 91, 92, 93, 94, 95, 96, 97, 98, 99, 100, 101, 102, 103, 104, 105, 106, 107, 108, 109, 110, 111, 112, 113, 114, 115, 116, 117, 118, 119, 120, 121, 122, 123]
YNEW:[0, 0, 0, 0, 0, 0, 0, 0, 0, 0, 0, 0, 0, 0, 0, 0, 0, 0, 0, 0, 0, 0, 0, 0, 0, 0, 0, 0, 0, 0, 0, 0, 0, 0, 0, 0, 0, 0, 0, 0, 0, 1, 0, 0, 0, 0, 0, 2, 4, 3, 2, 3, 6, 4, 6, 12, 14, 16, 16, 11, 8, 13, 15, 12, 19, 28, 31, 23, 26, 17, 35, 47, 46, 50, 40, 32, 22, 23, 19, 14, 14, 9, 21, 22, 25, 24, 26, 30, 21, 41, 34, 31, 23, 22, 22, 15, 30, 28, 32, 35, 32, 32, 26, 22, 17, 20, 14, 25, 33, 32, 20, 38, 29, 21, 17, 8, 19, 16, 9, 6, 2, 2, 3]
YTOT: [0, 0, 0, 0, 0, 0, 0, 0, 0, 0, 0, 0, 0, 0, 0, 0, 0, 0, 0, 0, 0, 0, 0, 0, 0, 0, 0, 0, 0, 0, 0, 0, 0, 0, 0, 0, 0, 0, 0, 0, 0, 1, 1, 1, 1, 1, 1, 3, 7, 10, 12, 15, 21, 25, 31, 43, 57, 73, 89, 100, 108, 121, 136, 148, 167, 195, 226, 249, 275, 292, 327, 374, 420, 470, 510, 542, 564, 587, 606, 620, 634, 643, 664, 686, 711, 735, 761, 791, 812, 853, 887, 918, 941, 963, 985, 1000, 1030, 1058, 1090, 1125, 1157, 1189, 1215, 1237, 1254, 1274, 1288, 1313, 1346, 1378, 1398, 1436, 1465, 1486, 1503, 1511, 1530, 1546, 1555, 1561, 1563, 1565, 1568]

INFO: Total Population: 765935
INFO: R0: 2
INFO: Incubation Period: 5
INFO: Illness Period: 7
X:[0, 1, 2, 3, 4, 5, 6, 7, 8, 9, 10, 11, 12, 13, 14, 15, 16, 17, 18, 19, 20, 21, 22, 23, 24, 25, 26, 27, 28, 29, 30, 31, 32, 33, 34, 35, 36, 37, 38, 39, 40, 41, 42, 43, 44, 45, 46, 47, 48, 49, 50, 51, 52, 53, 54, 55, 56, 57, 58, 59, 60, 61, 62, 63, 64, 65, 66, 67, 68, 69, 70, 71, 72, 73, 74, 75, 76, 77, 78, 79, 80, 81, 82, 83, 84, 85, 86, 87, 88, 89, 90, 91, 92, 93, 94, 95, 96, 97, 98, 99, 100, 101, 102, 103, 104, 105, 106, 107, 108, 109, 110, 111, 112, 113, 114, 115, 116, 117, 118, 119, 120, 121, 122, 123]
YNEW:[0, 0, 0, 0, 0, 0, 0, 0, 0, 0, 0, 0, 0, 0, 0, 0, 0, 0, 0, 0, 0, 0, 0, 0, 0, 0, 0, 0, 0, 0, 0, 0, 0, 0, 0, 0, 0, 0, 0, 0, 0, 1, 0, 0, 0, 0, 0, 2, 4, 3, 2, 3, 6, 4, 6, 12, 14, 16, 16, 11, 8, 13, 15, 12, 19, 28, 31, 23, 26, 17, 35, 47, 46, 50, 40, 32, 22, 23, 19, 14, 14, 9, 21, 22, 25, 24, 26, 30, 21, 41, 34, 31, 23, 22, 22, 15, 30, 28, 32, 35, 32, 32, 21, 24, 18, 21, 18, 12, 31, 24, 27, 35, 27, 22, 19, 19, 11, 7, 9, 7, 9, 1, 1]
YTOT: [0, 0, 0, 0, 0, 0, 0, 0, 0, 0, 0, 0, 0, 0, 0, 0, 0, 0, 0, 0, 0, 0, 0, 0, 0, 0, 0, 0, 0, 0, 0, 0, 0, 0, 0, 0, 0, 0, 0, 0, 0, 1, 1, 1, 1, 1, 1, 3, 7, 10, 12, 15, 21, 25, 31, 43, 57, 73, 89, 100, 108, 121, 136, 148, 167, 195, 226, 249, 275, 292, 327, 374, 420, 470, 510, 542, 564, 587, 606, 620, 634, 643, 664, 686, 711, 735, 761, 791, 812, 853, 887, 918, 941, 963, 985, 1000, 1030, 1058, 1090, 1125, 1157, 1189, 1210, 1234, 1252, 1273, 1291, 1303, 1334, 1358, 1385, 1420, 1447, 1469, 1488, 1507, 1518, 1525, 1534, 1541, 1550, 1551, 1552]

INFO: Total Population: 765935
INFO: R0: 2
INFO: Incubation Period: 5
INFO: Illness Period: 7
X:[0, 1, 2, 3, 4, 5, 6, 7, 8, 9, 10, 11, 12, 13, 14, 15, 16, 17, 18, 19, 20, 21, 22, 23, 24, 25, 26, 27, 28, 29, 30, 31, 32, 33, 34, 35, 36, 37, 38, 39, 40, 41, 42, 43, 44, 45, 46, 47, 48, 49, 50, 51, 52, 53, 54, 55, 56, 57, 58, 59, 60, 61, 62, 63, 64, 65, 66, 67, 68, 69, 70, 71, 72, 73, 74, 75, 76, 77, 78, 79, 80, 81, 82, 83, 84, 85, 86, 87, 88, 89, 90, 91, 92, 93, 94, 95, 96, 97, 98, 99, 100, 101, 102, 103, 104, 105, 106, 107, 108, 109, 110, 111, 112, 113, 114, 115, 116, 117, 118, 119, 120, 121, 122, 123]
YNEW:[0, 0, 0, 0, 0, 0, 0, 0, 0, 0, 0, 0, 0, 0, 0, 0, 0, 0, 0, 0, 0, 0, 0, 0, 0, 0, 0, 0, 0, 0, 0, 0, 0, 0, 0, 0, 0, 0, 0, 0, 0, 1, 0, 0, 0, 0, 0, 2, 4, 3, 2, 3, 6, 4, 6, 12, 14, 16, 16, 11, 8, 13, 15, 12, 19, 28, 31, 23, 26, 17, 35, 47, 46, 50, 40, 32, 22, 23, 19, 14, 14, 9, 21, 22, 25, 24, 26, 30, 21, 41, 34, 31, 23, 22, 22, 15, 30, 28, 32, 35, 32, 32, 26, 19, 16, 17, 17, 27, 27, 26, 32, 30, 27, 23, 19, 20, 18, 11, 4, 10, 3, 3, 2]
YTOT: [0, 0, 0, 0, 0, 0, 0, 0, 0, 0, 0, 0, 0, 0, 0, 0, 0, 0, 0, 0, 0, 0, 0, 0, 0, 0, 0, 0, 0, 0, 0, 0, 0, 0, 0, 0, 0, 0, 0, 0, 0, 1, 1, 1, 1, 1, 1, 3, 7, 10, 12, 15, 21, 25, 31, 43, 57, 73, 89, 100, 108, 121, 136, 148, 167, 195, 226, 249, 275, 292, 327, 374, 420, 470, 510, 542, 564, 587, 606, 620, 634, 643, 664, 686, 711, 735, 761, 791, 812, 853, 887, 918, 941, 963, 985, 1000, 1030, 1058, 1090, 1125, 1157, 1189, 1215, 1234, 1250, 1267, 1284, 1311, 1338, 1364, 1396, 1426, 1453, 1476, 1495, 1515, 1533, 1544, 1548, 1558, 1561, 1564, 1566]

INFO: Total Population: 765935
INFO: R0: 2
INFO: Incubation Period: 5
INFO: Illness Period: 7
X:[0, 1, 2, 3, 4, 5, 6, 7, 8, 9, 10, 11, 12, 13, 14, 15, 16, 17, 18, 19, 20, 21, 22, 23, 24, 25, 26, 27, 28, 29, 30, 31, 32, 33, 34, 35, 36, 37, 38, 39, 40, 41, 42, 43, 44, 45, 46, 47, 48, 49, 50, 51, 52, 53, 54, 55, 56, 57, 58, 59, 60, 61, 62, 63, 64, 65, 66, 67, 68, 69, 70, 71, 72, 73, 74, 75, 76, 77, 78, 79, 80, 81, 82, 83, 84, 85, 86, 87, 88, 89, 90, 91, 92, 93, 94, 95, 96, 97, 98, 99, 100, 101, 102, 103, 104, 105, 106, 107, 108, 109, 110, 111, 112, 113, 114, 115, 116, 117, 118, 119, 120, 121, 122, 123, 124]
YNEW:[0, 0, 0, 0, 0, 0, 0, 0, 0, 0, 0, 0, 0, 0, 0, 0, 0, 0, 0, 0, 0, 0, 0, 0, 0, 0, 0, 0, 0, 0, 0, 0, 0, 0, 0, 0, 0, 0, 0, 0, 0, 1, 0, 0, 0, 0, 0, 2, 4, 3, 2, 3, 6, 4, 6, 12, 14, 16, 16, 11, 8, 13, 15, 12, 19, 28, 31, 23, 26, 17, 35, 47, 46, 50, 40, 32, 22, 23, 19, 14, 14, 9, 21, 22, 25, 24, 26, 30, 21, 41, 34, 31, 23, 22, 22, 15, 30, 28, 32, 35, 32, 32, 36, 29, 19, 21, 23, 22, 27, 25, 34, 40, 34, 35, 25, 15, 15, 13, 9, 7, 4, 4, 1, 2]
YTOT: [0, 0, 0, 0, 0, 0, 0, 0, 0, 0, 0, 0, 0, 0, 0, 0, 0, 0, 0, 0, 0, 0, 0, 0, 0, 0, 0, 0, 0, 0, 0, 0, 0, 0, 0, 0, 0, 0, 0, 0, 0, 1, 1, 1, 1, 1, 1, 3, 7, 10, 12, 15, 21, 25, 31, 43, 57, 73, 89, 100, 108, 121, 136, 148, 167, 195, 226, 249, 275, 292, 327, 374, 420, 470, 510, 542, 564, 587, 606, 620, 634, 643, 664, 686, 711, 735, 761, 791, 812, 853, 887, 918, 941, 963, 985, 1000, 1030, 1058, 1090, 1125, 1157, 1189, 1225, 1254, 1273, 1294, 1317, 1339, 1366, 1391, 1425, 1465, 1499, 1534, 1559, 1574, 1589, 1602, 1611, 1618, 1622, 1626, 1627, 1629]

INFO: Total Population: 765935
INFO: R0: 2
INFO: Incubation Period: 5
INFO: Illness Period: 7
X:[0, 1, 2, 3, 4, 5, 6, 7, 8, 9, 10, 11, 12, 13, 14, 15, 16, 17, 18, 19, 20, 21, 22, 23, 24, 25, 26, 27, 28, 29, 30, 31, 32, 33, 34, 35, 36, 37, 38, 39, 40, 41, 42, 43, 44, 45, 46, 47, 48, 49, 50, 51, 52, 53, 54, 55, 56, 57, 58, 59, 60, 61, 62, 63, 64, 65, 66, 67, 68, 69, 70, 71, 72, 73, 74, 75, 76, 77, 78, 79, 80, 81, 82, 83, 84, 85, 86, 87, 88, 89, 90, 91, 92, 93, 94, 95, 96, 97, 98, 99, 100, 101, 102, 103, 104, 105, 106, 107, 108, 109, 110, 111, 112, 113, 114, 115, 116, 117, 118, 119, 120, 121, 122, 123, 124]
YNEW:[0, 0, 0, 0, 0, 0, 0, 0, 0, 0, 0, 0, 0, 0, 0, 0, 0, 0, 0, 0, 0, 0, 0, 0, 0, 0, 0, 0, 0, 0, 0, 0, 0, 0, 0, 0, 0, 0, 0, 0, 0, 1, 0, 0, 0, 0, 0, 2, 4, 3, 2, 3, 6, 4, 6, 12, 14, 16, 16, 11, 8, 13, 15, 12, 19, 28, 31, 23, 26, 17, 35, 47, 46, 50, 40, 32, 22, 23, 19, 14, 14, 9, 21, 22, 25, 24, 26, 30, 21, 41, 34, 31, 23, 22, 22, 15, 30, 28, 32, 35, 32, 32, 29, 16, 31, 23, 23, 24, 26, 16, 35, 38, 32, 29, 21, 20, 10, 22, 9, 9, 6, 7, 1, 4]
YTOT: [0, 0, 0, 0, 0, 0, 0, 0, 0, 0, 0, 0, 0, 0, 0, 0, 0, 0, 0, 0, 0, 0, 0, 0, 0, 0, 0, 0, 0, 0, 0, 0, 0, 0, 0, 0, 0, 0, 0, 0, 0, 1, 1, 1, 1, 1, 1, 3, 7, 10, 12, 15, 21, 25, 31, 43, 57, 73, 89, 100, 108, 121, 136, 148, 167, 195, 226, 249, 275, 292, 327, 374, 420, 470, 510, 542, 564, 587, 606, 620, 634, 643, 664, 686, 711, 735, 761, 791, 812, 853, 887, 918, 941, 963, 985, 1000, 1030, 1058, 1090, 1125, 1157, 1189, 1218, 1234, 1265, 1288, 1311, 1335, 1361, 1377, 1412, 1450, 1482, 1511, 1532, 1552, 1562, 1584, 1593, 1602, 1608, 1615, 1616, 1620]

INFO: Total Population: 765935
INFO: R0: 2
INFO: Incubation Period: 5
INFO: Illness Period: 7
X:[0, 1, 2, 3, 4, 5, 6, 7, 8, 9, 10, 11, 12, 13, 14, 15, 16, 17, 18, 19, 20, 21, 22, 23, 24, 25, 26, 27, 28, 29, 30, 31, 32, 33, 34, 35, 36, 37, 38, 39, 40, 41, 42, 43, 44, 45, 46, 47, 48, 49, 50, 51, 52, 53, 54, 55, 56, 57, 58, 59, 60, 61, 62, 63, 64, 65, 66, 67, 68, 69, 70, 71, 72, 73, 74, 75, 76, 77, 78, 79, 80, 81, 82, 83, 84, 85, 86, 87, 88, 89, 90, 91, 92, 93, 94, 95, 96, 97, 98, 99, 100, 101, 102, 103, 104, 105, 106, 107, 108, 109, 110, 111, 112, 113, 114, 115, 116, 117, 118, 119, 120, 121, 122, 123, 124]
YNEW:[0, 0, 0, 0, 0, 0, 0, 0, 0, 0, 0, 0, 0, 0, 0, 0, 0, 0, 0, 0, 0, 0, 0, 0, 0, 0, 0, 0, 0, 0, 0, 0, 0, 0, 0, 0, 0, 0, 0, 0, 0, 1, 0, 0, 0, 0, 0, 2, 4, 3, 2, 3, 6, 4, 6, 12, 14, 16, 16, 11, 8, 13, 15, 12, 19, 28, 31, 23, 26, 17, 35, 47, 46, 50, 40, 32, 22, 23, 19, 14, 14, 9, 21, 22, 25, 24, 26, 30, 21, 41, 34, 31, 23, 22, 22, 15, 30, 28, 32, 35, 32, 32, 18, 26, 23, 15, 17, 16, 37, 27, 28, 32, 24, 21, 19, 17, 10, 11, 6, 11, 2, 3, 3, 1]
YTOT: [0, 0, 0, 0, 0, 0, 0, 0, 0, 0, 0, 0, 0, 0, 0, 0, 0, 0, 0, 0, 0, 0, 0, 0, 0, 0, 0, 0, 0, 0, 0, 0, 0, 0, 0, 0, 0, 0, 0, 0, 0, 1, 1, 1, 1, 1, 1, 3, 7, 10, 12, 15, 21, 25, 31, 43, 57, 73, 89, 100, 108, 121, 136, 148, 167, 195, 226, 249, 275, 292, 327, 374, 420, 470, 510, 542, 564, 587, 606, 620, 634, 643, 664, 686, 711, 735, 761, 791, 812, 853, 887, 918, 941, 963, 985, 1000, 1030, 1058, 1090, 1125, 1157, 1189, 1207, 1233, 1256, 1271, 1288, 1304, 1341, 1368, 1396, 1428, 1452, 1473, 1492, 1509, 1519, 1530, 1536, 1547, 1549, 1552, 1555, 1556]

INFO: Total Population: 765935
INFO: R0: 2
INFO: Incubation Period: 5
INFO: Illness Period: 7
X:[0, 1, 2, 3, 4, 5, 6, 7, 8, 9, 10, 11, 12, 13, 14, 15, 16, 17, 18, 19, 20, 21, 22, 23, 24, 25, 26, 27, 28, 29, 30, 31, 32, 33, 34, 35, 36, 37, 38, 39, 40, 41, 42, 43, 44, 45, 46, 47, 48, 49, 50, 51, 52, 53, 54, 55, 56, 57, 58, 59, 60, 61, 62, 63, 64, 65, 66, 67, 68, 69, 70, 71, 72, 73, 74, 75, 76, 77, 78, 79, 80, 81, 82, 83, 84, 85, 86, 87, 88, 89, 90, 91, 92, 93, 94, 95, 96, 97, 98, 99, 100, 101, 102, 103, 104, 105, 106, 107, 108, 109, 110, 111, 112, 113, 114, 115, 116, 117, 118, 119, 120, 121, 122, 123]
YNEW:[0, 0, 0, 0, 0, 0, 0, 0, 0, 0, 0, 0, 0, 0, 0, 0, 0, 0, 0, 0, 0, 0, 0, 0, 0, 0, 0, 0, 0, 0, 0, 0, 0, 0, 0, 0, 0, 0, 0, 0, 0, 1, 0, 0, 0, 0, 0, 2, 4, 3, 2, 3, 6, 4, 6, 12, 14, 16, 16, 11, 8, 13, 15, 12, 19, 28, 31, 23, 26, 17, 35, 47, 46, 50, 40, 32, 22, 23, 19, 14, 14, 9, 21, 22, 25, 24, 26, 30, 21, 41, 34, 31, 23, 22, 22, 15, 30, 28, 32, 35, 32, 32, 33, 24, 22, 21, 16, 13, 28, 26, 43, 29, 26, 22, 24, 17, 14, 18, 4, 6, 1, 7, 3]
YTOT: [0, 0, 0, 0, 0, 0, 0, 0, 0, 0, 0, 0, 0, 0, 0, 0, 0, 0, 0, 0, 0, 0, 0, 0, 0, 0, 0, 0, 0, 0, 0, 0, 0, 0, 0, 0, 0, 0, 0, 0, 0, 1, 1, 1, 1, 1, 1, 3, 7, 10, 12, 15, 21, 25, 31, 43, 57, 73, 89, 100, 108, 121, 136, 148, 167, 195, 226, 249, 275, 292, 327, 374, 420, 470, 510, 542, 564, 587, 606, 620, 634, 643, 664, 686, 711, 735, 761, 791, 812, 853, 887, 918, 941, 963, 985, 1000, 1030, 1058, 1090, 1125, 1157, 1189, 1222, 1246, 1268, 1289, 1305, 1318, 1346, 1372, 1415, 1444, 1470, 1492, 1516, 1533, 1547, 1565, 1569, 1575, 1576, 1583, 1586]

INFO: Total Population: 765935
INFO: R0: 2
INFO: Incubation Period: 5
INFO: Illness Period: 7
X:[0, 1, 2, 3, 4, 5, 6, 7, 8, 9, 10, 11, 12, 13, 14, 15, 16, 17, 18, 19, 20, 21, 22, 23, 24, 25, 26, 27, 28, 29, 30, 31, 32, 33, 34, 35, 36, 37, 38, 39, 40, 41, 42, 43, 44, 45, 46, 47, 48, 49, 50, 51, 52, 53, 54, 55, 56, 57, 58, 59, 60, 61, 62, 63, 64, 65, 66, 67, 68, 69, 70, 71, 72, 73, 74, 75, 76, 77, 78, 79, 80, 81, 82, 83, 84, 85, 86, 87, 88, 89, 90, 91, 92, 93, 94, 95, 96, 97, 98, 99, 100, 101, 102, 103, 104, 105, 106, 107, 108, 109, 110, 111, 112, 113, 114, 115, 116, 117, 118, 119, 120, 121, 122, 123, 124]
YNEW:[0, 0, 0, 0, 0, 0, 0, 0, 0, 0, 0, 0, 0, 0, 0, 0, 0, 0, 0, 0, 0, 0, 0, 0, 0, 0, 0, 0, 0, 0, 0, 0, 0, 0, 0, 0, 0, 0, 0, 0, 0, 1, 0, 0, 0, 0, 0, 2, 4, 3, 2, 3, 6, 4, 6, 12, 14, 16, 16, 11, 8, 13, 15, 12, 19, 28, 31, 23, 26, 17, 35, 47, 46, 50, 40, 32, 22, 23, 19, 14, 14, 9, 21, 22, 25, 24, 26, 30, 21, 41, 34, 31, 23, 22, 22, 15, 30, 28, 32, 35, 32, 32, 19, 24, 30, 22, 27, 11, 21, 29, 33, 34, 31, 22, 26, 11, 19, 17, 7, 7, 4, 4, 2, 1]
YTOT: [0, 0, 0, 0, 0, 0, 0, 0, 0, 0, 0, 0, 0, 0, 0, 0, 0, 0, 0, 0, 0, 0, 0, 0, 0, 0, 0, 0, 0, 0, 0, 0, 0, 0, 0, 0, 0, 0, 0, 0, 0, 1, 1, 1, 1, 1, 1, 3, 7, 10, 12, 15, 21, 25, 31, 43, 57, 73, 89, 100, 108, 121, 136, 148, 167, 195, 226, 249, 275, 292, 327, 374, 420, 470, 510, 542, 564, 587, 606, 620, 634, 643, 664, 686, 711, 735, 761, 791, 812, 853, 887, 918, 941, 963, 985, 1000, 1030, 1058, 1090, 1125, 1157, 1189, 1208, 1232, 1262, 1284, 1311, 1322, 1343, 1372, 1405, 1439, 1470, 1492, 1518, 1529, 1548, 1565, 1572, 1579, 1583, 1587, 1589, 1590]

INFO: Total Population: 765935
INFO: R0: 2
INFO: Incubation Period: 5
INFO: Illness Period: 7
X:[0, 1, 2, 3, 4, 5, 6, 7, 8, 9, 10, 11, 12, 13, 14, 15, 16, 17, 18, 19, 20, 21, 22, 23, 24, 25, 26, 27, 28, 29, 30, 31, 32, 33, 34, 35, 36, 37, 38, 39, 40, 41, 42, 43, 44, 45, 46, 47, 48, 49, 50, 51, 52, 53, 54, 55, 56, 57, 58, 59, 60, 61, 62, 63, 64, 65, 66, 67, 68, 69, 70, 71, 72, 73, 74, 75, 76, 77, 78, 79, 80, 81, 82, 83, 84, 85, 86, 87, 88, 89, 90, 91, 92, 93, 94, 95, 96, 97, 98, 99, 100, 101, 102, 103, 104, 105, 106, 107, 108, 109, 110, 111, 112, 113, 114, 115, 116, 117, 118, 119, 120, 121, 122]
YNEW:[0, 0, 0, 0, 0, 0, 0, 0, 0, 0, 0, 0, 0, 0, 0, 0, 0, 0, 0, 0, 0, 0, 0, 0, 0, 0, 0, 0, 0, 0, 0, 0, 0, 0, 0, 0, 0, 0, 0, 0, 0, 1, 0, 0, 0, 0, 0, 2, 4, 3, 2, 3, 6, 4, 6, 12, 14, 16, 16, 11, 8, 13, 15, 12, 19, 28, 31, 23, 26, 17, 35, 47, 46, 50, 40, 32, 22, 23, 19, 14, 14, 9, 21, 22, 25, 24, 26, 30, 21, 41, 34, 31, 23, 22, 22, 15, 30, 28, 32, 35, 32, 32, 24, 28, 26, 18, 19, 22, 28, 33, 27, 26, 39, 26, 18, 24, 16, 11, 9, 7, 4, 4]
YTOT: [0, 0, 0, 0, 0, 0, 0, 0, 0, 0, 0, 0, 0, 0, 0, 0, 0, 0, 0, 0, 0, 0, 0, 0, 0, 0, 0, 0, 0, 0, 0, 0, 0, 0, 0, 0, 0, 0, 0, 0, 0, 1, 1, 1, 1, 1, 1, 3, 7, 10, 12, 15, 21, 25, 31, 43, 57, 73, 89, 100, 108, 121, 136, 148, 167, 195, 226, 249, 275, 292, 327, 374, 420, 470, 510, 542, 564, 587, 606, 620, 634, 643, 664, 686, 711, 735, 761, 791, 812, 853, 887, 918, 941, 963, 985, 1000, 1030, 1058, 1090, 1125, 1157, 1189, 1213, 1241, 1267, 1285, 1304, 1326, 1354, 1387, 1414, 1440, 1479, 1505, 1523, 1547, 1563, 1574, 1583, 1590, 1594, 1598]

INFO: Total Population: 765935
INFO: R0: 2
INFO: Incubation Period: 5
INFO: Illness Period: 7
X:[0, 1, 2, 3, 4, 5, 6, 7, 8, 9, 10, 11, 12, 13, 14, 15, 16, 17, 18, 19, 20, 21, 22, 23, 24, 25, 26, 27, 28, 29, 30, 31, 32, 33, 34, 35, 36, 37, 38, 39, 40, 41, 42, 43, 44, 45, 46, 47, 48, 49, 50, 51, 52, 53, 54, 55, 56, 57, 58, 59, 60, 61, 62, 63, 64, 65, 66, 67, 68, 69, 70, 71, 72, 73, 74, 75, 76, 77, 78, 79, 80, 81, 82, 83, 84, 85, 86, 87, 88, 89, 90, 91, 92, 93, 94, 95, 96, 97, 98, 99, 100, 101, 102, 103, 104, 105, 106, 107, 108, 109, 110, 111, 112, 113, 114, 115, 116, 117, 118, 119, 120, 121, 122, 123]
YNEW:[0, 0, 0, 0, 0, 0, 0, 0, 0, 0, 0, 0, 0, 0, 0, 0, 0, 0, 0, 0, 0, 0, 0, 0, 0, 0, 0, 0, 0, 0, 0, 0, 0, 0, 0, 0, 0, 0, 0, 0, 0, 1, 0, 0, 0, 0, 0, 2, 4, 3, 2, 3, 6, 4, 6, 12, 14, 16, 16, 11, 8, 13, 15, 12, 19, 28, 31, 23, 26, 17, 35, 47, 46, 50, 40, 32, 22, 23, 19, 14, 14, 9, 21, 22, 25, 24, 26, 30, 21, 41, 34, 31, 23, 22, 22, 15, 30, 28, 32, 35, 32, 32, 27, 23, 19, 23, 13, 18, 20, 42, 40, 22, 31, 25, 26, 14, 19, 10, 10, 4, 5, 2, 1]
YTOT: [0, 0, 0, 0, 0, 0, 0, 0, 0, 0, 0, 0, 0, 0, 0, 0, 0, 0, 0, 0, 0, 0, 0, 0, 0, 0, 0, 0, 0, 0, 0, 0, 0, 0, 0, 0, 0, 0, 0, 0, 0, 1, 1, 1, 1, 1, 1, 3, 7, 10, 12, 15, 21, 25, 31, 43, 57, 73, 89, 100, 108, 121, 136, 148, 167, 195, 226, 249, 275, 292, 327, 374, 420, 470, 510, 542, 564, 587, 606, 620, 634, 643, 664, 686, 711, 735, 761, 791, 812, 853, 887, 918, 941, 963, 985, 1000, 1030, 1058, 1090, 1125, 1157, 1189, 1216, 1239, 1258, 1281, 1294, 1312, 1332, 1374, 1414, 1436, 1467, 1492, 1518, 1532, 1551, 1561, 1571, 1575, 1580, 1582, 1583]

END