

INFO: Total Population: 3164182
INFO: R0: 2
INFO: Incubation Period: 5
INFO: Illness Period: 7
X:[0, 1, 2, 3, 4, 5, 6, 7, 8, 9, 10, 11, 12, 13, 14, 15, 16, 17, 18, 19, 20, 21, 22, 23, 24, 25, 26, 27, 28, 29, 30, 31, 32, 33, 34, 35, 36, 37, 38, 39, 40, 41, 42, 43, 44, 45, 46, 47, 48, 49, 50, 51, 52, 53, 54, 55, 56, 57, 58, 59, 60, 61, 62, 63, 64, 65, 66, 67, 68, 69, 70, 71, 72, 73, 74, 75, 76, 77, 78, 79, 80, 81, 82, 83, 84, 85, 86, 87, 88, 89, 90, 91, 92, 93, 94, 95, 96, 97, 98, 99, 100, 101, 102, 103, 104, 105, 106, 107, 108, 109, 110, 111, 112, 113]
YNEW:[0, 0, 0, 0, 0, 0, 0, 0, 0, 0, 0, 0, 0, 0, 0, 0, 0, 0, 0, 0, 0, 0, 0, 0, 0, 0, 0, 0, 0, 0, 0, 0, 0, 0, 0, 0, 0, 0, 0, 0, 0, 0, 1, 1, 0, 0, 0, 1, 1, 1, 1, 3, 2, 3, 4, 5, 8, 9, 11, 12, 14, 19, 23, 28, 43, 53, 65, 56, 48, 42, 61, 58, 60, 66, 61, 54, 52, 62, 63, 63, 71, 67, 46, 33, 44, 45, 56, 60, 68, 59, 50, 50, 42, 47, 30, 45, 67, 76, 77, 64, 88, 59, 58, 45, 39, 32, 21, 14, 10, 8, 3, 4, 1]
YTOT: [0, 0, 0, 0, 0, 0, 0, 0, 0, 0, 0, 0, 0, 0, 0, 0, 0, 0, 0, 0, 0, 0, 0, 0, 0, 0, 0, 0, 0, 0, 0, 0, 0, 0, 0, 0, 0, 0, 0, 0, 0, 0, 1, 2, 2, 2, 2, 3, 4, 5, 6, 9, 11, 14, 18, 23, 31, 40, 51, 63, 77, 96, 119, 147, 190, 243, 308, 364, 412, 454, 515, 573, 633, 699, 760, 814, 866, 928, 991, 1054, 1125, 1192, 1238, 1271, 1315, 1360, 1416, 1476, 1544, 1603, 1653, 1703, 1745, 1792, 1822, 1867, 1934, 2010, 2087, 2151, 2239, 2298, 2356, 2401, 2440, 2472, 2493, 2507, 2517, 2525, 2528, 2532, 2533]

INFO: Total Population: 3164182
INFO: R0: 2
INFO: Incubation Period: 5
INFO: Illness Period: 7
X:[0, 1, 2, 3, 4, 5, 6, 7, 8, 9, 10, 11, 12, 13, 14, 15, 16, 17, 18, 19, 20, 21, 22, 23, 24, 25, 26, 27, 28, 29, 30, 31, 32, 33, 34, 35, 36, 37, 38, 39, 40, 41, 42, 43, 44, 45, 46, 47, 48, 49, 50, 51, 52, 53, 54, 55, 56, 57, 58, 59, 60, 61, 62, 63, 64, 65, 66, 67, 68, 69, 70, 71, 72, 73, 74, 75, 76, 77, 78, 79, 80, 81, 82, 83, 84, 85, 86, 87, 88, 89, 90, 91, 92, 93, 94, 95, 96, 97, 98, 99, 100, 101, 102, 103, 104, 105, 106, 107, 108, 109, 110, 111, 112]
YNEW:[0, 0, 0, 0, 0, 0, 0, 0, 0, 0, 0, 0, 0, 0, 0, 0, 0, 0, 0, 0, 0, 0, 0, 0, 0, 0, 0, 0, 0, 0, 0, 0, 0, 0, 0, 0, 0, 0, 0, 0, 0, 0, 1, 1, 0, 0, 0, 1, 1, 1, 1, 3, 2, 3, 4, 5, 8, 9, 11, 12, 14, 19, 23, 28, 43, 53, 65, 56, 48, 42, 61, 58, 60, 66, 61, 54, 52, 62, 63, 63, 71, 67, 46, 33, 44, 45, 56, 60, 68, 59, 53, 50, 55, 34, 30, 34, 59, 77, 71, 78, 62, 69, 51, 29, 45, 25, 25, 20, 13, 7, 5, 5]
YTOT: [0, 0, 0, 0, 0, 0, 0, 0, 0, 0, 0, 0, 0, 0, 0, 0, 0, 0, 0, 0, 0, 0, 0, 0, 0, 0, 0, 0, 0, 0, 0, 0, 0, 0, 0, 0, 0, 0, 0, 0, 0, 0, 1, 2, 2, 2, 2, 3, 4, 5, 6, 9, 11, 14, 18, 23, 31, 40, 51, 63, 77, 96, 119, 147, 190, 243, 308, 364, 412, 454, 515, 573, 633, 699, 760, 814, 866, 928, 991, 1054, 1125, 1192, 1238, 1271, 1315, 1360, 1416, 1476, 1544, 1603, 1656, 1706, 1761, 1795, 1825, 1859, 1918, 1995, 2066, 2144, 2206, 2275, 2326, 2355, 2400, 2425, 2450, 2470, 2483, 2490, 2495, 2500]

INFO: Total Population: 3164182
INFO: R0: 2
INFO: Incubation Period: 5
INFO: Illness Period: 7
X:[0, 1, 2, 3, 4, 5, 6, 7, 8, 9, 10, 11, 12, 13, 14, 15, 16, 17, 18, 19, 20, 21, 22, 23, 24, 25, 26, 27, 28, 29, 30, 31, 32, 33, 34, 35, 36, 37, 38, 39, 40, 41, 42, 43, 44, 45, 46, 47, 48, 49, 50, 51, 52, 53, 54, 55, 56, 57, 58, 59, 60, 61, 62, 63, 64, 65, 66, 67, 68, 69, 70, 71, 72, 73, 74, 75, 76, 77, 78, 79, 80, 81, 82, 83, 84, 85, 86, 87, 88, 89, 90, 91, 92, 93, 94, 95, 96, 97, 98, 99, 100, 101, 102, 103, 104, 105, 106, 107, 108, 109, 110, 111, 112]
YNEW:[0, 0, 0, 0, 0, 0, 0, 0, 0, 0, 0, 0, 0, 0, 0, 0, 0, 0, 0, 0, 0, 0, 0, 0, 0, 0, 0, 0, 0, 0, 0, 0, 0, 0, 0, 0, 0, 0, 0, 0, 0, 0, 1, 1, 0, 0, 0, 1, 1, 1, 1, 3, 2, 3, 4, 5, 8, 9, 11, 12, 14, 19, 23, 28, 43, 53, 65, 56, 48, 42, 61, 58, 60, 66, 61, 54, 52, 62, 63, 63, 71, 67, 46, 33, 44, 45, 56, 60, 68, 59, 58, 52, 42, 36, 41, 47, 65, 64, 77, 91, 82, 64, 54, 49, 36, 36, 20, 20, 15, 4, 3, 2]
YTOT: [0, 0, 0, 0, 0, 0, 0, 0, 0, 0, 0, 0, 0, 0, 0, 0, 0, 0, 0, 0, 0, 0, 0, 0, 0, 0, 0, 0, 0, 0, 0, 0, 0, 0, 0, 0, 0, 0, 0, 0, 0, 0, 1, 2, 2, 2, 2, 3, 4, 5, 6, 9, 11, 14, 18, 23, 31, 40, 51, 63, 77, 96, 119, 147, 190, 243, 308, 364, 412, 454, 515, 573, 633, 699, 760, 814, 866, 928, 991, 1054, 1125, 1192, 1238, 1271, 1315, 1360, 1416, 1476, 1544, 1603, 1661, 1713, 1755, 1791, 1832, 1879, 1944, 2008, 2085, 2176, 2258, 2322, 2376, 2425, 2461, 2497, 2517, 2537, 2552, 2556, 2559, 2561]

INFO: Total Population: 3164182
INFO: R0: 2
INFO: Incubation Period: 5
INFO: Illness Period: 7
X:[0, 1, 2, 3, 4, 5, 6, 7, 8, 9, 10, 11, 12, 13, 14, 15, 16, 17, 18, 19, 20, 21, 22, 23, 24, 25, 26, 27, 28, 29, 30, 31, 32, 33, 34, 35, 36, 37, 38, 39, 40, 41, 42, 43, 44, 45, 46, 47, 48, 49, 50, 51, 52, 53, 54, 55, 56, 57, 58, 59, 60, 61, 62, 63, 64, 65, 66, 67, 68, 69, 70, 71, 72, 73, 74, 75, 76, 77, 78, 79, 80, 81, 82, 83, 84, 85, 86, 87, 88, 89, 90, 91, 92, 93, 94, 95, 96, 97, 98, 99, 100, 101, 102, 103, 104, 105, 106, 107, 108, 109, 110, 111, 112, 113]
YNEW:[0, 0, 0, 0, 0, 0, 0, 0, 0, 0, 0, 0, 0, 0, 0, 0, 0, 0, 0, 0, 0, 0, 0, 0, 0, 0, 0, 0, 0, 0, 0, 0, 0, 0, 0, 0, 0, 0, 0, 0, 0, 0, 1, 1, 0, 0, 0, 1, 1, 1, 1, 3, 2, 3, 4, 5, 8, 9, 11, 12, 14, 19, 23, 28, 43, 53, 65, 56, 48, 42, 61, 58, 60, 66, 61, 54, 52, 62, 63, 63, 71, 67, 46, 33, 44, 45, 56, 60, 68, 59, 62, 44, 47, 35, 41, 49, 48, 71, 61, 81, 86, 51, 56, 54, 51, 29, 24, 22, 12, 7, 4, 2, 2]
YTOT: [0, 0, 0, 0, 0, 0, 0, 0, 0, 0, 0, 0, 0, 0, 0, 0, 0, 0, 0, 0, 0, 0, 0, 0, 0, 0, 0, 0, 0, 0, 0, 0, 0, 0, 0, 0, 0, 0, 0, 0, 0, 0, 1, 2, 2, 2, 2, 3, 4, 5, 6, 9, 11, 14, 18, 23, 31, 40, 51, 63, 77, 96, 119, 147, 190, 243, 308, 364, 412, 454, 515, 573, 633, 699, 760, 814, 866, 928, 991, 1054, 1125, 1192, 1238, 1271, 1315, 1360, 1416, 1476, 1544, 1603, 1665, 1709, 1756, 1791, 1832, 1881, 1929, 2000, 2061, 2142, 2228, 2279, 2335, 2389, 2440, 2469, 2493, 2515, 2527, 2534, 2538, 2540, 2542]

INFO: Total Population: 3164182
INFO: R0: 2
INFO: Incubation Period: 5
INFO: Illness Period: 7
X:[0, 1, 2, 3, 4, 5, 6, 7, 8, 9, 10, 11, 12, 13, 14, 15, 16, 17, 18, 19, 20, 21, 22, 23, 24, 25, 26, 27, 28, 29, 30, 31, 32, 33, 34, 35, 36, 37, 38, 39, 40, 41, 42, 43, 44, 45, 46, 47, 48, 49, 50, 51, 52, 53, 54, 55, 56, 57, 58, 59, 60, 61, 62, 63, 64, 65, 66, 67, 68, 69, 70, 71, 72, 73, 74, 75, 76, 77, 78, 79, 80, 81, 82, 83, 84, 85, 86, 87, 88, 89, 90, 91, 92, 93, 94, 95, 96, 97, 98, 99, 100, 101, 102, 103, 104, 105, 106, 107, 108, 109, 110, 111, 112]
YNEW:[0, 0, 0, 0, 0, 0, 0, 0, 0, 0, 0, 0, 0, 0, 0, 0, 0, 0, 0, 0, 0, 0, 0, 0, 0, 0, 0, 0, 0, 0, 0, 0, 0, 0, 0, 0, 0, 0, 0, 0, 0, 0, 1, 1, 0, 0, 0, 1, 1, 1, 1, 3, 2, 3, 4, 5, 8, 9, 11, 12, 14, 19, 23, 28, 43, 53, 65, 56, 48, 42, 61, 58, 60, 66, 61, 54, 52, 62, 63, 63, 71, 67, 46, 33, 44, 45, 56, 60, 68, 59, 44, 51, 39, 35, 32, 47, 61, 62, 56, 62, 70, 66, 48, 48, 41, 32, 31, 28, 12, 6, 3, 3]
YTOT: [0, 0, 0, 0, 0, 0, 0, 0, 0, 0, 0, 0, 0, 0, 0, 0, 0, 0, 0, 0, 0, 0, 0, 0, 0, 0, 0, 0, 0, 0, 0, 0, 0, 0, 0, 0, 0, 0, 0, 0, 0, 0, 1, 2, 2, 2, 2, 3, 4, 5, 6, 9, 11, 14, 18, 23, 31, 40, 51, 63, 77, 96, 119, 147, 190, 243, 308, 364, 412, 454, 515, 573, 633, 699, 760, 814, 866, 928, 991, 1054, 1125, 1192, 1238, 1271, 1315, 1360, 1416, 1476, 1544, 1603, 1647, 1698, 1737, 1772, 1804, 1851, 1912, 1974, 2030, 2092, 2162, 2228, 2276, 2324, 2365, 2397, 2428, 2456, 2468, 2474, 2477, 2480]

INFO: Total Population: 3164182
INFO: R0: 2
INFO: Incubation Period: 5
INFO: Illness Period: 7
X:[0, 1, 2, 3, 4, 5, 6, 7, 8, 9, 10, 11, 12, 13, 14, 15, 16, 17, 18, 19, 20, 21, 22, 23, 24, 25, 26, 27, 28, 29, 30, 31, 32, 33, 34, 35, 36, 37, 38, 39, 40, 41, 42, 43, 44, 45, 46, 47, 48, 49, 50, 51, 52, 53, 54, 55, 56, 57, 58, 59, 60, 61, 62, 63, 64, 65, 66, 67, 68, 69, 70, 71, 72, 73, 74, 75, 76, 77, 78, 79, 80, 81, 82, 83, 84, 85, 86, 87, 88, 89, 90, 91, 92, 93, 94, 95, 96, 97, 98, 99, 100, 101, 102, 103, 104, 105, 106, 107, 108, 109, 110, 111, 112]
YNEW:[0, 0, 0, 0, 0, 0, 0, 0, 0, 0, 0, 0, 0, 0, 0, 0, 0, 0, 0, 0, 0, 0, 0, 0, 0, 0, 0, 0, 0, 0, 0, 0, 0, 0, 0, 0, 0, 0, 0, 0, 0, 0, 1, 1, 0, 0, 0, 1, 1, 1, 1, 3, 2, 3, 4, 5, 8, 9, 11, 12, 14, 19, 23, 28, 43, 53, 65, 56, 48, 42, 61, 58, 60, 66, 61, 54, 52, 62, 63, 63, 71, 67, 46, 33, 44, 45, 56, 60, 68, 59, 56, 47, 50, 33, 33, 50, 62, 63, 72, 77, 77, 70, 59, 46, 36, 38, 29, 19, 8, 7, 3, 3]
YTOT: [0, 0, 0, 0, 0, 0, 0, 0, 0, 0, 0, 0, 0, 0, 0, 0, 0, 0, 0, 0, 0, 0, 0, 0, 0, 0, 0, 0, 0, 0, 0, 0, 0, 0, 0, 0, 0, 0, 0, 0, 0, 0, 1, 2, 2, 2, 2, 3, 4, 5, 6, 9, 11, 14, 18, 23, 31, 40, 51, 63, 77, 96, 119, 147, 190, 243, 308, 364, 412, 454, 515, 573, 633, 699, 760, 814, 866, 928, 991, 1054, 1125, 1192, 1238, 1271, 1315, 1360, 1416, 1476, 1544, 1603, 1659, 1706, 1756, 1789, 1822, 1872, 1934, 1997, 2069, 2146, 2223, 2293, 2352, 2398, 2434, 2472, 2501, 2520, 2528, 2535, 2538, 2541]

INFO: Total Population: 3164182
INFO: R0: 2
INFO: Incubation Period: 5
INFO: Illness Period: 7
X:[0, 1, 2, 3, 4, 5, 6, 7, 8, 9, 10, 11, 12, 13, 14, 15, 16, 17, 18, 19, 20, 21, 22, 23, 24, 25, 26, 27, 28, 29, 30, 31, 32, 33, 34, 35, 36, 37, 38, 39, 40, 41, 42, 43, 44, 45, 46, 47, 48, 49, 50, 51, 52, 53, 54, 55, 56, 57, 58, 59, 60, 61, 62, 63, 64, 65, 66, 67, 68, 69, 70, 71, 72, 73, 74, 75, 76, 77, 78, 79, 80, 81, 82, 83, 84, 85, 86, 87, 88, 89, 90, 91, 92, 93, 94, 95, 96, 97, 98, 99, 100, 101, 102, 103, 104, 105, 106, 107, 108, 109, 110, 111, 112]
YNEW:[0, 0, 0, 0, 0, 0, 0, 0, 0, 0, 0, 0, 0, 0, 0, 0, 0, 0, 0, 0, 0, 0, 0, 0, 0, 0, 0, 0, 0, 0, 0, 0, 0, 0, 0, 0, 0, 0, 0, 0, 0, 0, 1, 1, 0, 0, 0, 1, 1, 1, 1, 3, 2, 3, 4, 5, 8, 9, 11, 12, 14, 19, 23, 28, 43, 53, 65, 56, 48, 42, 61, 58, 60, 66, 61, 54, 52, 62, 63, 63, 71, 67, 46, 33, 44, 45, 56, 60, 68, 59, 66, 46, 42, 44, 30, 25, 71, 70, 87, 80, 91, 62, 43, 43, 35, 30, 19, 17, 8, 5, 4, 1]
YTOT: [0, 0, 0, 0, 0, 0, 0, 0, 0, 0, 0, 0, 0, 0, 0, 0, 0, 0, 0, 0, 0, 0, 0, 0, 0, 0, 0, 0, 0, 0, 0, 0, 0, 0, 0, 0, 0, 0, 0, 0, 0, 0, 1, 2, 2, 2, 2, 3, 4, 5, 6, 9, 11, 14, 18, 23, 31, 40, 51, 63, 77, 96, 119, 147, 190, 243, 308, 364, 412, 454, 515, 573, 633, 699, 760, 814, 866, 928, 991, 1054, 1125, 1192, 1238, 1271, 1315, 1360, 1416, 1476, 1544, 1603, 1669, 1715, 1757, 1801, 1831, 1856, 1927, 1997, 2084, 2164, 2255, 2317, 2360, 2403, 2438, 2468, 2487, 2504, 2512, 2517, 2521, 2522]

INFO: Total Population: 3164182
INFO: R0: 2
INFO: Incubation Period: 5
INFO: Illness Period: 7
X:[0, 1, 2, 3, 4, 5, 6, 7, 8, 9, 10, 11, 12, 13, 14, 15, 16, 17, 18, 19, 20, 21, 22, 23, 24, 25, 26, 27, 28, 29, 30, 31, 32, 33, 34, 35, 36, 37, 38, 39, 40, 41, 42, 43, 44, 45, 46, 47, 48, 49, 50, 51, 52, 53, 54, 55, 56, 57, 58, 59, 60, 61, 62, 63, 64, 65, 66, 67, 68, 69, 70, 71, 72, 73, 74, 75, 76, 77, 78, 79, 80, 81, 82, 83, 84, 85, 86, 87, 88, 89, 90, 91, 92, 93, 94, 95, 96, 97, 98, 99, 100, 101, 102, 103, 104, 105, 106, 107, 108, 109, 110, 111, 112]
YNEW:[0, 0, 0, 0, 0, 0, 0, 0, 0, 0, 0, 0, 0, 0, 0, 0, 0, 0, 0, 0, 0, 0, 0, 0, 0, 0, 0, 0, 0, 0, 0, 0, 0, 0, 0, 0, 0, 0, 0, 0, 0, 0, 1, 1, 0, 0, 0, 1, 1, 1, 1, 3, 2, 3, 4, 5, 8, 9, 11, 12, 14, 19, 23, 28, 43, 53, 65, 56, 48, 42, 61, 58, 60, 66, 61, 54, 52, 62, 63, 63, 71, 67, 46, 33, 44, 45, 56, 60, 68, 59, 48, 65, 49, 41, 38, 49, 79, 67, 76, 90, 83, 74, 46, 45, 45, 32, 28, 20, 13, 7, 5, 5]
YTOT: [0, 0, 0, 0, 0, 0, 0, 0, 0, 0, 0, 0, 0, 0, 0, 0, 0, 0, 0, 0, 0, 0, 0, 0, 0, 0, 0, 0, 0, 0, 0, 0, 0, 0, 0, 0, 0, 0, 0, 0, 0, 0, 1, 2, 2, 2, 2, 3, 4, 5, 6, 9, 11, 14, 18, 23, 31, 40, 51, 63, 77, 96, 119, 147, 190, 243, 308, 364, 412, 454, 515, 573, 633, 699, 760, 814, 866, 928, 991, 1054, 1125, 1192, 1238, 1271, 1315, 1360, 1416, 1476, 1544, 1603, 1651, 1716, 1765, 1806, 1844, 1893, 1972, 2039, 2115, 2205, 2288, 2362, 2408, 2453, 2498, 2530, 2558, 2578, 2591, 2598, 2603, 2608]

INFO: Total Population: 3164182
INFO: R0: 2
INFO: Incubation Period: 5
INFO: Illness Period: 7
X:[0, 1, 2, 3, 4, 5, 6, 7, 8, 9, 10, 11, 12, 13, 14, 15, 16, 17, 18, 19, 20, 21, 22, 23, 24, 25, 26, 27, 28, 29, 30, 31, 32, 33, 34, 35, 36, 37, 38, 39, 40, 41, 42, 43, 44, 45, 46, 47, 48, 49, 50, 51, 52, 53, 54, 55, 56, 57, 58, 59, 60, 61, 62, 63, 64, 65, 66, 67, 68, 69, 70, 71, 72, 73, 74, 75, 76, 77, 78, 79, 80, 81, 82, 83, 84, 85, 86, 87, 88, 89, 90, 91, 92, 93, 94, 95, 96, 97, 98, 99, 100, 101, 102, 103, 104, 105, 106, 107, 108, 109, 110, 111, 112, 113]
YNEW:[0, 0, 0, 0, 0, 0, 0, 0, 0, 0, 0, 0, 0, 0, 0, 0, 0, 0, 0, 0, 0, 0, 0, 0, 0, 0, 0, 0, 0, 0, 0, 0, 0, 0, 0, 0, 0, 0, 0, 0, 0, 0, 1, 1, 0, 0, 0, 1, 1, 1, 1, 3, 2, 3, 4, 5, 8, 9, 11, 12, 14, 19, 23, 28, 43, 53, 65, 56, 48, 42, 61, 58, 60, 66, 61, 54, 52, 62, 63, 63, 71, 67, 46, 33, 44, 45, 56, 60, 68, 59, 42, 36, 58, 34, 25, 35, 56, 74, 88, 60, 60, 53, 37, 38, 31, 31, 15, 22, 14, 9, 3, 1, 1]
YTOT: [0, 0, 0, 0, 0, 0, 0, 0, 0, 0, 0, 0, 0, 0, 0, 0, 0, 0, 0, 0, 0, 0, 0, 0, 0, 0, 0, 0, 0, 0, 0, 0, 0, 0, 0, 0, 0, 0, 0, 0, 0, 0, 1, 2, 2, 2, 2, 3, 4, 5, 6, 9, 11, 14, 18, 23, 31, 40, 51, 63, 77, 96, 119, 147, 190, 243, 308, 364, 412, 454, 515, 573, 633, 699, 760, 814, 866, 928, 991, 1054, 1125, 1192, 1238, 1271, 1315, 1360, 1416, 1476, 1544, 1603, 1645, 1681, 1739, 1773, 1798, 1833, 1889, 1963, 2051, 2111, 2171, 2224, 2261, 2299, 2330, 2361, 2376, 2398, 2412, 2421, 2424, 2425, 2426]

INFO: Total Population: 3164182
INFO: R0: 2
INFO: Incubation Period: 5
INFO: Illness Period: 7
X:[0, 1, 2, 3, 4, 5, 6, 7, 8, 9, 10, 11, 12, 13, 14, 15, 16, 17, 18, 19, 20, 21, 22, 23, 24, 25, 26, 27, 28, 29, 30, 31, 32, 33, 34, 35, 36, 37, 38, 39, 40, 41, 42, 43, 44, 45, 46, 47, 48, 49, 50, 51, 52, 53, 54, 55, 56, 57, 58, 59, 60, 61, 62, 63, 64, 65, 66, 67, 68, 69, 70, 71, 72, 73, 74, 75, 76, 77, 78, 79, 80, 81, 82, 83, 84, 85, 86, 87, 88, 89, 90, 91, 92, 93, 94, 95, 96, 97, 98, 99, 100, 101, 102, 103, 104, 105, 106, 107, 108, 109, 110, 111, 112]
YNEW:[0, 0, 0, 0, 0, 0, 0, 0, 0, 0, 0, 0, 0, 0, 0, 0, 0, 0, 0, 0, 0, 0, 0, 0, 0, 0, 0, 0, 0, 0, 0, 0, 0, 0, 0, 0, 0, 0, 0, 0, 0, 0, 1, 1, 0, 0, 0, 1, 1, 1, 1, 3, 2, 3, 4, 5, 8, 9, 11, 12, 14, 19, 23, 28, 43, 53, 65, 56, 48, 42, 61, 58, 60, 66, 61, 54, 52, 62, 63, 63, 71, 67, 46, 33, 44, 45, 56, 60, 68, 59, 48, 47, 39, 43, 39, 33, 64, 60, 70, 58, 73, 74, 57, 34, 35, 31, 29, 17, 13, 8, 4, 2]
YTOT: [0, 0, 0, 0, 0, 0, 0, 0, 0, 0, 0, 0, 0, 0, 0, 0, 0, 0, 0, 0, 0, 0, 0, 0, 0, 0, 0, 0, 0, 0, 0, 0, 0, 0, 0, 0, 0, 0, 0, 0, 0, 0, 1, 2, 2, 2, 2, 3, 4, 5, 6, 9, 11, 14, 18, 23, 31, 40, 51, 63, 77, 96, 119, 147, 190, 243, 308, 364, 412, 454, 515, 573, 633, 699, 760, 814, 866, 928, 991, 1054, 1125, 1192, 1238, 1271, 1315, 1360, 1416, 1476, 1544, 1603, 1651, 1698, 1737, 1780, 1819, 1852, 1916, 1976, 2046, 2104, 2177, 2251, 2308, 2342, 2377, 2408, 2437, 2454, 2467, 2475, 2479, 2481]

INFO: Total Population: 3164182
INFO: R0: 2
INFO: Incubation Period: 5
INFO: Illness Period: 7
X:[0, 1, 2, 3, 4, 5, 6, 7, 8, 9, 10, 11, 12, 13, 14, 15, 16, 17, 18, 19, 20, 21, 22, 23, 24, 25, 26, 27, 28, 29, 30, 31, 32, 33, 34, 35, 36, 37, 38, 39, 40, 41, 42, 43, 44, 45, 46, 47, 48, 49, 50, 51, 52, 53, 54, 55, 56, 57, 58, 59, 60, 61, 62, 63, 64, 65, 66, 67, 68, 69, 70, 71, 72, 73, 74, 75, 76, 77, 78, 79, 80, 81, 82, 83, 84, 85, 86, 87, 88, 89, 90, 91, 92, 93, 94, 95, 96, 97, 98, 99, 100, 101, 102, 103, 104, 105, 106, 107, 108, 109, 110, 111, 112]
YNEW:[0, 0, 0, 0, 0, 0, 0, 0, 0, 0, 0, 0, 0, 0, 0, 0, 0, 0, 0, 0, 0, 0, 0, 0, 0, 0, 0, 0, 0, 0, 0, 0, 0, 0, 0, 0, 0, 0, 0, 0, 0, 0, 1, 1, 0, 0, 0, 1, 1, 1, 1, 3, 2, 3, 4, 5, 8, 9, 11, 12, 14, 19, 23, 28, 43, 53, 65, 56, 48, 42, 61, 58, 60, 66, 61, 54, 52, 62, 63, 63, 71, 67, 46, 33, 44, 45, 56, 60, 68, 59, 54, 46, 47, 52, 26, 43, 52, 76, 71, 67, 70, 59, 58, 57, 37, 34, 28, 19, 18, 5, 2, 1]
YTOT: [0, 0, 0, 0, 0, 0, 0, 0, 0, 0, 0, 0, 0, 0, 0, 0, 0, 0, 0, 0, 0, 0, 0, 0, 0, 0, 0, 0, 0, 0, 0, 0, 0, 0, 0, 0, 0, 0, 0, 0, 0, 0, 1, 2, 2, 2, 2, 3, 4, 5, 6, 9, 11, 14, 18, 23, 31, 40, 51, 63, 77, 96, 119, 147, 190, 243, 308, 364, 412, 454, 515, 573, 633, 699, 760, 814, 866, 928, 991, 1054, 1125, 1192, 1238, 1271, 1315, 1360, 1416, 1476, 1544, 1603, 1657, 1703, 1750, 1802, 1828, 1871, 1923, 1999, 2070, 2137, 2207, 2266, 2324, 2381, 2418, 2452, 2480, 2499, 2517, 2522, 2524, 2525]

INFO: Total Population: 3164182
INFO: R0: 2
INFO: Incubation Period: 5
INFO: Illness Period: 7
X:[0, 1, 2, 3, 4, 5, 6, 7, 8, 9, 10, 11, 12, 13, 14, 15, 16, 17, 18, 19, 20, 21, 22, 23, 24, 25, 26, 27, 28, 29, 30, 31, 32, 33, 34, 35, 36, 37, 38, 39, 40, 41, 42, 43, 44, 45, 46, 47, 48, 49, 50, 51, 52, 53, 54, 55, 56, 57, 58, 59, 60, 61, 62, 63, 64, 65, 66, 67, 68, 69, 70, 71, 72, 73, 74, 75, 76, 77, 78, 79, 80, 81, 82, 83, 84, 85, 86, 87, 88, 89, 90, 91, 92, 93, 94, 95, 96, 97, 98, 99, 100, 101, 102, 103, 104, 105, 106, 107, 108, 109, 110, 111, 112]
YNEW:[0, 0, 0, 0, 0, 0, 0, 0, 0, 0, 0, 0, 0, 0, 0, 0, 0, 0, 0, 0, 0, 0, 0, 0, 0, 0, 0, 0, 0, 0, 0, 0, 0, 0, 0, 0, 0, 0, 0, 0, 0, 0, 1, 1, 0, 0, 0, 1, 1, 1, 1, 3, 2, 3, 4, 5, 8, 9, 11, 12, 14, 19, 23, 28, 43, 53, 65, 56, 48, 42, 61, 58, 60, 66, 61, 54, 52, 62, 63, 63, 71, 67, 46, 33, 44, 45, 56, 60, 68, 59, 59, 59, 48, 35, 33, 25, 70, 85, 77, 82, 69, 62, 55, 44, 31, 28, 25, 17, 13, 8, 1, 2]
YTOT: [0, 0, 0, 0, 0, 0, 0, 0, 0, 0, 0, 0, 0, 0, 0, 0, 0, 0, 0, 0, 0, 0, 0, 0, 0, 0, 0, 0, 0, 0, 0, 0, 0, 0, 0, 0, 0, 0, 0, 0, 0, 0, 1, 2, 2, 2, 2, 3, 4, 5, 6, 9, 11, 14, 18, 23, 31, 40, 51, 63, 77, 96, 119, 147, 190, 243, 308, 364, 412, 454, 515, 573, 633, 699, 760, 814, 866, 928, 991, 1054, 1125, 1192, 1238, 1271, 1315, 1360, 1416, 1476, 1544, 1603, 1662, 1721, 1769, 1804, 1837, 1862, 1932, 2017, 2094, 2176, 2245, 2307, 2362, 2406, 2437, 2465, 2490, 2507, 2520, 2528, 2529, 2531]

INFO: Total Population: 3164182
INFO: R0: 2
INFO: Incubation Period: 5
INFO: Illness Period: 7
X:[0, 1, 2, 3, 4, 5, 6, 7, 8, 9, 10, 11, 12, 13, 14, 15, 16, 17, 18, 19, 20, 21, 22, 23, 24, 25, 26, 27, 28, 29, 30, 31, 32, 33, 34, 35, 36, 37, 38, 39, 40, 41, 42, 43, 44, 45, 46, 47, 48, 49, 50, 51, 52, 53, 54, 55, 56, 57, 58, 59, 60, 61, 62, 63, 64, 65, 66, 67, 68, 69, 70, 71, 72, 73, 74, 75, 76, 77, 78, 79, 80, 81, 82, 83, 84, 85, 86, 87, 88, 89, 90, 91, 92, 93, 94, 95, 96, 97, 98, 99, 100, 101, 102, 103, 104, 105, 106, 107, 108, 109, 110, 111, 112]
YNEW:[0, 0, 0, 0, 0, 0, 0, 0, 0, 0, 0, 0, 0, 0, 0, 0, 0, 0, 0, 0, 0, 0, 0, 0, 0, 0, 0, 0, 0, 0, 0, 0, 0, 0, 0, 0, 0, 0, 0, 0, 0, 0, 1, 1, 0, 0, 0, 1, 1, 1, 1, 3, 2, 3, 4, 5, 8, 9, 11, 12, 14, 19, 23, 28, 43, 53, 65, 56, 48, 42, 61, 58, 60, 66, 61, 54, 52, 62, 63, 63, 71, 67, 46, 33, 44, 45, 56, 60, 68, 59, 40, 43, 33, 33, 37, 33, 59, 70, 55, 59, 78, 62, 43, 44, 31, 31, 29, 14, 15, 4, 3, 1]
YTOT: [0, 0, 0, 0, 0, 0, 0, 0, 0, 0, 0, 0, 0, 0, 0, 0, 0, 0, 0, 0, 0, 0, 0, 0, 0, 0, 0, 0, 0, 0, 0, 0, 0, 0, 0, 0, 0, 0, 0, 0, 0, 0, 1, 2, 2, 2, 2, 3, 4, 5, 6, 9, 11, 14, 18, 23, 31, 40, 51, 63, 77, 96, 119, 147, 190, 243, 308, 364, 412, 454, 515, 573, 633, 699, 760, 814, 866, 928, 991, 1054, 1125, 1192, 1238, 1271, 1315, 1360, 1416, 1476, 1544, 1603, 1643, 1686, 1719, 1752, 1789, 1822, 1881, 1951, 2006, 2065, 2143, 2205, 2248, 2292, 2323, 2354, 2383, 2397, 2412, 2416, 2419, 2420]

INFO: Total Population: 3164182
INFO: R0: 2
INFO: Incubation Period: 5
INFO: Illness Period: 7
X:[0, 1, 2, 3, 4, 5, 6, 7, 8, 9, 10, 11, 12, 13, 14, 15, 16, 17, 18, 19, 20, 21, 22, 23, 24, 25, 26, 27, 28, 29, 30, 31, 32, 33, 34, 35, 36, 37, 38, 39, 40, 41, 42, 43, 44, 45, 46, 47, 48, 49, 50, 51, 52, 53, 54, 55, 56, 57, 58, 59, 60, 61, 62, 63, 64, 65, 66, 67, 68, 69, 70, 71, 72, 73, 74, 75, 76, 77, 78, 79, 80, 81, 82, 83, 84, 85, 86, 87, 88, 89, 90, 91, 92, 93, 94, 95, 96, 97, 98, 99, 100, 101, 102, 103, 104, 105, 106, 107, 108, 109, 110, 111, 112]
YNEW:[0, 0, 0, 0, 0, 0, 0, 0, 0, 0, 0, 0, 0, 0, 0, 0, 0, 0, 0, 0, 0, 0, 0, 0, 0, 0, 0, 0, 0, 0, 0, 0, 0, 0, 0, 0, 0, 0, 0, 0, 0, 0, 1, 1, 0, 0, 0, 1, 1, 1, 1, 3, 2, 3, 4, 5, 8, 9, 11, 12, 14, 19, 23, 28, 43, 53, 65, 56, 48, 42, 61, 58, 60, 66, 61, 54, 52, 62, 63, 63, 71, 67, 46, 33, 44, 45, 56, 60, 68, 59, 45, 54, 45, 45, 40, 27, 62, 65, 79, 86, 74, 50, 44, 52, 42, 25, 23, 23, 8, 6, 6, 3]
YTOT: [0, 0, 0, 0, 0, 0, 0, 0, 0, 0, 0, 0, 0, 0, 0, 0, 0, 0, 0, 0, 0, 0, 0, 0, 0, 0, 0, 0, 0, 0, 0, 0, 0, 0, 0, 0, 0, 0, 0, 0, 0, 0, 1, 2, 2, 2, 2, 3, 4, 5, 6, 9, 11, 14, 18, 23, 31, 40, 51, 63, 77, 96, 119, 147, 190, 243, 308, 364, 412, 454, 515, 573, 633, 699, 760, 814, 866, 928, 991, 1054, 1125, 1192, 1238, 1271, 1315, 1360, 1416, 1476, 1544, 1603, 1648, 1702, 1747, 1792, 1832, 1859, 1921, 1986, 2065, 2151, 2225, 2275, 2319, 2371, 2413, 2438, 2461, 2484, 2492, 2498, 2504, 2507]

INFO: Total Population: 3164182
INFO: R0: 2
INFO: Incubation Period: 5
INFO: Illness Period: 7
X:[0, 1, 2, 3, 4, 5, 6, 7, 8, 9, 10, 11, 12, 13, 14, 15, 16, 17, 18, 19, 20, 21, 22, 23, 24, 25, 26, 27, 28, 29, 30, 31, 32, 33, 34, 35, 36, 37, 38, 39, 40, 41, 42, 43, 44, 45, 46, 47, 48, 49, 50, 51, 52, 53, 54, 55, 56, 57, 58, 59, 60, 61, 62, 63, 64, 65, 66, 67, 68, 69, 70, 71, 72, 73, 74, 75, 76, 77, 78, 79, 80, 81, 82, 83, 84, 85, 86, 87, 88, 89, 90, 91, 92, 93, 94, 95, 96, 97, 98, 99, 100, 101, 102, 103, 104, 105, 106, 107, 108, 109, 110, 111, 112]
YNEW:[0, 0, 0, 0, 0, 0, 0, 0, 0, 0, 0, 0, 0, 0, 0, 0, 0, 0, 0, 0, 0, 0, 0, 0, 0, 0, 0, 0, 0, 0, 0, 0, 0, 0, 0, 0, 0, 0, 0, 0, 0, 0, 1, 1, 0, 0, 0, 1, 1, 1, 1, 3, 2, 3, 4, 5, 8, 9, 11, 12, 14, 19, 23, 28, 43, 53, 65, 56, 48, 42, 61, 58, 60, 66, 61, 54, 52, 62, 63, 63, 71, 67, 46, 33, 44, 45, 56, 60, 68, 59, 50, 48, 54, 46, 32, 46, 53, 70, 66, 86, 63, 73, 59, 48, 38, 45, 33, 21, 17, 7, 2, 2]
YTOT: [0, 0, 0, 0, 0, 0, 0, 0, 0, 0, 0, 0, 0, 0, 0, 0, 0, 0, 0, 0, 0, 0, 0, 0, 0, 0, 0, 0, 0, 0, 0, 0, 0, 0, 0, 0, 0, 0, 0, 0, 0, 0, 1, 2, 2, 2, 2, 3, 4, 5, 6, 9, 11, 14, 18, 23, 31, 40, 51, 63, 77, 96, 119, 147, 190, 243, 308, 364, 412, 454, 515, 573, 633, 699, 760, 814, 866, 928, 991, 1054, 1125, 1192, 1238, 1271, 1315, 1360, 1416, 1476, 1544, 1603, 1653, 1701, 1755, 1801, 1833, 1879, 1932, 2002, 2068, 2154, 2217, 2290, 2349, 2397, 2435, 2480, 2513, 2534, 2551, 2558, 2560, 2562]

INFO: Total Population: 3164182
INFO: R0: 2
INFO: Incubation Period: 5
INFO: Illness Period: 7
X:[0, 1, 2, 3, 4, 5, 6, 7, 8, 9, 10, 11, 12, 13, 14, 15, 16, 17, 18, 19, 20, 21, 22, 23, 24, 25, 26, 27, 28, 29, 30, 31, 32, 33, 34, 35, 36, 37, 38, 39, 40, 41, 42, 43, 44, 45, 46, 47, 48, 49, 50, 51, 52, 53, 54, 55, 56, 57, 58, 59, 60, 61, 62, 63, 64, 65, 66, 67, 68, 69, 70, 71, 72, 73, 74, 75, 76, 77, 78, 79, 80, 81, 82, 83, 84, 85, 86, 87, 88, 89, 90, 91, 92, 93, 94, 95, 96, 97, 98, 99, 100, 101, 102, 103, 104, 105, 106, 107, 108, 109, 110, 111, 112]
YNEW:[0, 0, 0, 0, 0, 0, 0, 0, 0, 0, 0, 0, 0, 0, 0, 0, 0, 0, 0, 0, 0, 0, 0, 0, 0, 0, 0, 0, 0, 0, 0, 0, 0, 0, 0, 0, 0, 0, 0, 0, 0, 0, 1, 1, 0, 0, 0, 1, 1, 1, 1, 3, 2, 3, 4, 5, 8, 9, 11, 12, 14, 19, 23, 28, 43, 53, 65, 56, 48, 42, 61, 58, 60, 66, 61, 54, 52, 62, 63, 63, 71, 67, 46, 33, 44, 45, 56, 60, 68, 59, 53, 49, 57, 39, 41, 23, 56, 75, 78, 94, 79, 66, 45, 41, 34, 33, 28, 17, 11, 8, 3, 4]
YTOT: [0, 0, 0, 0, 0, 0, 0, 0, 0, 0, 0, 0, 0, 0, 0, 0, 0, 0, 0, 0, 0, 0, 0, 0, 0, 0, 0, 0, 0, 0, 0, 0, 0, 0, 0, 0, 0, 0, 0, 0, 0, 0, 1, 2, 2, 2, 2, 3, 4, 5, 6, 9, 11, 14, 18, 23, 31, 40, 51, 63, 77, 96, 119, 147, 190, 243, 308, 364, 412, 454, 515, 573, 633, 699, 760, 814, 866, 928, 991, 1054, 1125, 1192, 1238, 1271, 1315, 1360, 1416, 1476, 1544, 1603, 1656, 1705, 1762, 1801, 1842, 1865, 1921, 1996, 2074, 2168, 2247, 2313, 2358, 2399, 2433, 2466, 2494, 2511, 2522, 2530, 2533, 2537]

INFO: Total Population: 3164182
INFO: R0: 2
INFO: Incubation Period: 5
INFO: Illness Period: 7
X:[0, 1, 2, 3, 4, 5, 6, 7, 8, 9, 10, 11, 12, 13, 14, 15, 16, 17, 18, 19, 20, 21, 22, 23, 24, 25, 26, 27, 28, 29, 30, 31, 32, 33, 34, 35, 36, 37, 38, 39, 40, 41, 42, 43, 44, 45, 46, 47, 48, 49, 50, 51, 52, 53, 54, 55, 56, 57, 58, 59, 60, 61, 62, 63, 64, 65, 66, 67, 68, 69, 70, 71, 72, 73, 74, 75, 76, 77, 78, 79, 80, 81, 82, 83, 84, 85, 86, 87, 88, 89, 90, 91, 92, 93, 94, 95, 96, 97, 98, 99, 100, 101, 102, 103, 104, 105, 106, 107, 108, 109, 110, 111, 112]
YNEW:[0, 0, 0, 0, 0, 0, 0, 0, 0, 0, 0, 0, 0, 0, 0, 0, 0, 0, 0, 0, 0, 0, 0, 0, 0, 0, 0, 0, 0, 0, 0, 0, 0, 0, 0, 0, 0, 0, 0, 0, 0, 0, 1, 1, 0, 0, 0, 1, 1, 1, 1, 3, 2, 3, 4, 5, 8, 9, 11, 12, 14, 19, 23, 28, 43, 53, 65, 56, 48, 42, 61, 58, 60, 66, 61, 54, 52, 62, 63, 63, 71, 67, 46, 33, 44, 45, 56, 60, 68, 59, 38, 51, 50, 50, 33, 43, 58, 66, 86, 72, 76, 66, 57, 53, 39, 28, 24, 18, 13, 5, 3, 1]
YTOT: [0, 0, 0, 0, 0, 0, 0, 0, 0, 0, 0, 0, 0, 0, 0, 0, 0, 0, 0, 0, 0, 0, 0, 0, 0, 0, 0, 0, 0, 0, 0, 0, 0, 0, 0, 0, 0, 0, 0, 0, 0, 0, 1, 2, 2, 2, 2, 3, 4, 5, 6, 9, 11, 14, 18, 23, 31, 40, 51, 63, 77, 96, 119, 147, 190, 243, 308, 364, 412, 454, 515, 573, 633, 699, 760, 814, 866, 928, 991, 1054, 1125, 1192, 1238, 1271, 1315, 1360, 1416, 1476, 1544, 1603, 1641, 1692, 1742, 1792, 1825, 1868, 1926, 1992, 2078, 2150, 2226, 2292, 2349, 2402, 2441, 2469, 2493, 2511, 2524, 2529, 2532, 2533]

INFO: Total Population: 3164182
INFO: R0: 2
INFO: Incubation Period: 5
INFO: Illness Period: 7
X:[0, 1, 2, 3, 4, 5, 6, 7, 8, 9, 10, 11, 12, 13, 14, 15, 16, 17, 18, 19, 20, 21, 22, 23, 24, 25, 26, 27, 28, 29, 30, 31, 32, 33, 34, 35, 36, 37, 38, 39, 40, 41, 42, 43, 44, 45, 46, 47, 48, 49, 50, 51, 52, 53, 54, 55, 56, 57, 58, 59, 60, 61, 62, 63, 64, 65, 66, 67, 68, 69, 70, 71, 72, 73, 74, 75, 76, 77, 78, 79, 80, 81, 82, 83, 84, 85, 86, 87, 88, 89, 90, 91, 92, 93, 94, 95, 96, 97, 98, 99, 100, 101, 102, 103, 104, 105, 106, 107, 108, 109, 110, 111, 112, 113]
YNEW:[0, 0, 0, 0, 0, 0, 0, 0, 0, 0, 0, 0, 0, 0, 0, 0, 0, 0, 0, 0, 0, 0, 0, 0, 0, 0, 0, 0, 0, 0, 0, 0, 0, 0, 0, 0, 0, 0, 0, 0, 0, 0, 1, 1, 0, 0, 0, 1, 1, 1, 1, 3, 2, 3, 4, 5, 8, 9, 11, 12, 14, 19, 23, 28, 43, 53, 65, 56, 48, 42, 61, 58, 60, 66, 61, 54, 52, 62, 63, 63, 71, 67, 46, 33, 44, 45, 56, 60, 68, 59, 54, 44, 42, 39, 40, 43, 58, 55, 70, 79, 94, 57, 57, 47, 36, 35, 18, 15, 13, 8, 5, 3, 1]
YTOT: [0, 0, 0, 0, 0, 0, 0, 0, 0, 0, 0, 0, 0, 0, 0, 0, 0, 0, 0, 0, 0, 0, 0, 0, 0, 0, 0, 0, 0, 0, 0, 0, 0, 0, 0, 0, 0, 0, 0, 0, 0, 0, 1, 2, 2, 2, 2, 3, 4, 5, 6, 9, 11, 14, 18, 23, 31, 40, 51, 63, 77, 96, 119, 147, 190, 243, 308, 364, 412, 454, 515, 573, 633, 699, 760, 814, 866, 928, 991, 1054, 1125, 1192, 1238, 1271, 1315, 1360, 1416, 1476, 1544, 1603, 1657, 1701, 1743, 1782, 1822, 1865, 1923, 1978, 2048, 2127, 2221, 2278, 2335, 2382, 2418, 2453, 2471, 2486, 2499, 2507, 2512, 2515, 2516]

INFO: Total Population: 3164182
INFO: R0: 2
INFO: Incubation Period: 5
INFO: Illness Period: 7
X:[0, 1, 2, 3, 4, 5, 6, 7, 8, 9, 10, 11, 12, 13, 14, 15, 16, 17, 18, 19, 20, 21, 22, 23, 24, 25, 26, 27, 28, 29, 30, 31, 32, 33, 34, 35, 36, 37, 38, 39, 40, 41, 42, 43, 44, 45, 46, 47, 48, 49, 50, 51, 52, 53, 54, 55, 56, 57, 58, 59, 60, 61, 62, 63, 64, 65, 66, 67, 68, 69, 70, 71, 72, 73, 74, 75, 76, 77, 78, 79, 80, 81, 82, 83, 84, 85, 86, 87, 88, 89, 90, 91, 92, 93, 94, 95, 96, 97, 98, 99, 100, 101, 102, 103, 104, 105, 106, 107, 108, 109, 110, 111, 112, 113]
YNEW:[0, 0, 0, 0, 0, 0, 0, 0, 0, 0, 0, 0, 0, 0, 0, 0, 0, 0, 0, 0, 0, 0, 0, 0, 0, 0, 0, 0, 0, 0, 0, 0, 0, 0, 0, 0, 0, 0, 0, 0, 0, 0, 1, 1, 0, 0, 0, 1, 1, 1, 1, 3, 2, 3, 4, 5, 8, 9, 11, 12, 14, 19, 23, 28, 43, 53, 65, 56, 48, 42, 61, 58, 60, 66, 61, 54, 52, 62, 63, 63, 71, 67, 46, 33, 44, 45, 56, 60, 68, 59, 45, 55, 48, 32, 36, 42, 65, 58, 68, 60, 83, 67, 53, 48, 56, 26, 20, 17, 9, 6, 6, 8, 2]
YTOT: [0, 0, 0, 0, 0, 0, 0, 0, 0, 0, 0, 0, 0, 0, 0, 0, 0, 0, 0, 0, 0, 0, 0, 0, 0, 0, 0, 0, 0, 0, 0, 0, 0, 0, 0, 0, 0, 0, 0, 0, 0, 0, 1, 2, 2, 2, 2, 3, 4, 5, 6, 9, 11, 14, 18, 23, 31, 40, 51, 63, 77, 96, 119, 147, 190, 243, 308, 364, 412, 454, 515, 573, 633, 699, 760, 814, 866, 928, 991, 1054, 1125, 1192, 1238, 1271, 1315, 1360, 1416, 1476, 1544, 1603, 1648, 1703, 1751, 1783, 1819, 1861, 1926, 1984, 2052, 2112, 2195, 2262, 2315, 2363, 2419, 2445, 2465, 2482, 2491, 2497, 2503, 2511, 2513]

INFO: Total Population: 3164182
INFO: R0: 2
INFO: Incubation Period: 5
INFO: Illness Period: 7
X:[0, 1, 2, 3, 4, 5, 6, 7, 8, 9, 10, 11, 12, 13, 14, 15, 16, 17, 18, 19, 20, 21, 22, 23, 24, 25, 26, 27, 28, 29, 30, 31, 32, 33, 34, 35, 36, 37, 38, 39, 40, 41, 42, 43, 44, 45, 46, 47, 48, 49, 50, 51, 52, 53, 54, 55, 56, 57, 58, 59, 60, 61, 62, 63, 64, 65, 66, 67, 68, 69, 70, 71, 72, 73, 74, 75, 76, 77, 78, 79, 80, 81, 82, 83, 84, 85, 86, 87, 88, 89, 90, 91, 92, 93, 94, 95, 96, 97, 98, 99, 100, 101, 102, 103, 104, 105, 106, 107, 108, 109, 110, 111, 112, 113]
YNEW:[0, 0, 0, 0, 0, 0, 0, 0, 0, 0, 0, 0, 0, 0, 0, 0, 0, 0, 0, 0, 0, 0, 0, 0, 0, 0, 0, 0, 0, 0, 0, 0, 0, 0, 0, 0, 0, 0, 0, 0, 0, 0, 1, 1, 0, 0, 0, 1, 1, 1, 1, 3, 2, 3, 4, 5, 8, 9, 11, 12, 14, 19, 23, 28, 43, 53, 65, 56, 48, 42, 61, 58, 60, 66, 61, 54, 52, 62, 63, 63, 71, 67, 46, 33, 44, 45, 56, 60, 68, 59, 49, 51, 45, 38, 39, 39, 65, 78, 68, 68, 79, 57, 51, 44, 41, 36, 24, 15, 12, 4, 4, 4, 3]
YTOT: [0, 0, 0, 0, 0, 0, 0, 0, 0, 0, 0, 0, 0, 0, 0, 0, 0, 0, 0, 0, 0, 0, 0, 0, 0, 0, 0, 0, 0, 0, 0, 0, 0, 0, 0, 0, 0, 0, 0, 0, 0, 0, 1, 2, 2, 2, 2, 3, 4, 5, 6, 9, 11, 14, 18, 23, 31, 40, 51, 63, 77, 96, 119, 147, 190, 243, 308, 364, 412, 454, 515, 573, 633, 699, 760, 814, 866, 928, 991, 1054, 1125, 1192, 1238, 1271, 1315, 1360, 1416, 1476, 1544, 1603, 1652, 1703, 1748, 1786, 1825, 1864, 1929, 2007, 2075, 2143, 2222, 2279, 2330, 2374, 2415, 2451, 2475, 2490, 2502, 2506, 2510, 2514, 2517]

END