

INFO: Total Population: 1643700
INFO: R0: 2
INFO: Incubation Period: 5
INFO: Illness Period: 12
X:[0, 1, 2, 3, 4, 5, 6, 7, 8, 9, 10, 11, 12, 13, 14, 15, 16, 17, 18, 19, 20, 21, 22, 23, 24, 25, 26, 27, 28, 29, 30, 31, 32, 33, 34, 35, 36, 37, 38, 39, 40, 41, 42, 43, 44, 45, 46, 47, 48, 49, 50, 51, 52, 53, 54, 55, 56, 57, 58, 59, 60, 61, 62, 63, 64, 65, 66, 67, 68, 69, 70, 71, 72, 73, 74, 75, 76, 77, 78, 79, 80, 81, 82, 83, 84, 85, 86, 87, 88, 89, 90, 91, 92, 93, 94, 95, 96, 97, 98, 99, 100, 101, 102, 103, 104, 105, 106, 107, 108, 109]
YNEW:[0, 0, 0, 0, 0, 0, 0, 0, 0, 0, 0, 0, 0, 0, 0, 0, 0, 0, 0, 0, 0, 0, 0, 0, 0, 0, 0, 0, 0, 0, 0, 0, 0, 0, 0, 0, 0, 0, 0, 0, 0, 0, 0, 0, 0, 0, 0, 1, 0, 1, 0, 1, 1, 3, 4, 6, 5, 5, 7, 11, 22, 22, 16, 14, 18, 30, 34, 30, 25, 25, 30, 33, 40, 59, 52, 43, 43, 40, 38, 44, 44, 41, 41, 27, 42, 44, 36, 37, 24, 27, 37, 46, 54, 33, 37, 52, 57, 57, 36, 29, 29, 19, 14, 17, 11, 10, 4, 1, 2]
YTOT: [0, 0, 0, 0, 0, 0, 0, 0, 0, 0, 0, 0, 0, 0, 0, 0, 0, 0, 0, 0, 0, 0, 0, 0, 0, 0, 0, 0, 0, 0, 0, 0, 0, 0, 0, 0, 0, 0, 0, 0, 0, 0, 0, 0, 0, 0, 0, 1, 1, 2, 2, 3, 4, 7, 11, 17, 22, 27, 34, 45, 67, 89, 105, 119, 137, 167, 201, 231, 256, 281, 311, 344, 384, 443, 495, 538, 581, 621, 659, 703, 747, 788, 829, 856, 898, 942, 978, 1015, 1039, 1066, 1103, 1149, 1203, 1236, 1273, 1325, 1382, 1439, 1475, 1504, 1533, 1552, 1566, 1583, 1594, 1604, 1608, 1609, 1611]

INFO: Total Population: 1643700
INFO: R0: 2
INFO: Incubation Period: 5
INFO: Illness Period: 12
X:[0, 1, 2, 3, 4, 5, 6, 7, 8, 9, 10, 11, 12, 13, 14, 15, 16, 17, 18, 19, 20, 21, 22, 23, 24, 25, 26, 27, 28, 29, 30, 31, 32, 33, 34, 35, 36, 37, 38, 39, 40, 41, 42, 43, 44, 45, 46, 47, 48, 49, 50, 51, 52, 53, 54, 55, 56, 57, 58, 59, 60, 61, 62, 63, 64, 65, 66, 67, 68, 69, 70, 71, 72, 73, 74, 75, 76, 77, 78, 79, 80, 81, 82, 83, 84, 85, 86, 87, 88, 89, 90, 91, 92, 93, 94, 95, 96, 97, 98, 99, 100, 101, 102, 103, 104, 105, 106, 107, 108]
YNEW:[0, 0, 0, 0, 0, 0, 0, 0, 0, 0, 0, 0, 0, 0, 0, 0, 0, 0, 0, 0, 0, 0, 0, 0, 0, 0, 0, 0, 0, 0, 0, 0, 0, 0, 0, 0, 0, 0, 0, 0, 0, 0, 0, 0, 0, 0, 0, 1, 0, 1, 0, 1, 1, 3, 4, 6, 5, 5, 7, 11, 22, 22, 16, 14, 18, 30, 34, 30, 25, 25, 30, 33, 40, 59, 52, 43, 43, 40, 38, 44, 44, 41, 41, 27, 42, 44, 36, 27, 30, 30, 25, 32, 38, 50, 47, 54, 50, 40, 31, 28, 22, 20, 9, 12, 8, 8, 4, 1]
YTOT: [0, 0, 0, 0, 0, 0, 0, 0, 0, 0, 0, 0, 0, 0, 0, 0, 0, 0, 0, 0, 0, 0, 0, 0, 0, 0, 0, 0, 0, 0, 0, 0, 0, 0, 0, 0, 0, 0, 0, 0, 0, 0, 0, 0, 0, 0, 0, 1, 1, 2, 2, 3, 4, 7, 11, 17, 22, 27, 34, 45, 67, 89, 105, 119, 137, 167, 201, 231, 256, 281, 311, 344, 384, 443, 495, 538, 581, 621, 659, 703, 747, 788, 829, 856, 898, 942, 978, 1005, 1035, 1065, 1090, 1122, 1160, 1210, 1257, 1311, 1361, 1401, 1432, 1460, 1482, 1502, 1511, 1523, 1531, 1539, 1543, 1544]

INFO: Total Population: 1643700
INFO: R0: 2
INFO: Incubation Period: 5
INFO: Illness Period: 12
X:[0, 1, 2, 3, 4, 5, 6, 7, 8, 9, 10, 11, 12, 13, 14, 15, 16, 17, 18, 19, 20, 21, 22, 23, 24, 25, 26, 27, 28, 29, 30, 31, 32, 33, 34, 35, 36, 37, 38, 39, 40, 41, 42, 43, 44, 45, 46, 47, 48, 49, 50, 51, 52, 53, 54, 55, 56, 57, 58, 59, 60, 61, 62, 63, 64, 65, 66, 67, 68, 69, 70, 71, 72, 73, 74, 75, 76, 77, 78, 79, 80, 81, 82, 83, 84, 85, 86, 87, 88, 89, 90, 91, 92, 93, 94, 95, 96, 97, 98, 99, 100, 101, 102, 103, 104, 105, 106, 107, 108, 109]
YNEW:[0, 0, 0, 0, 0, 0, 0, 0, 0, 0, 0, 0, 0, 0, 0, 0, 0, 0, 0, 0, 0, 0, 0, 0, 0, 0, 0, 0, 0, 0, 0, 0, 0, 0, 0, 0, 0, 0, 0, 0, 0, 0, 0, 0, 0, 0, 0, 1, 0, 1, 0, 1, 1, 3, 4, 6, 5, 5, 7, 11, 22, 22, 16, 14, 18, 30, 34, 30, 25, 25, 30, 33, 40, 59, 52, 43, 43, 40, 38, 44, 44, 41, 41, 27, 42, 44, 26, 36, 34, 31, 26, 28, 32, 39, 47, 41, 58, 45, 36, 28, 20, 23, 16, 12, 16, 7, 2, 4, 1]
YTOT: [0, 0, 0, 0, 0, 0, 0, 0, 0, 0, 0, 0, 0, 0, 0, 0, 0, 0, 0, 0, 0, 0, 0, 0, 0, 0, 0, 0, 0, 0, 0, 0, 0, 0, 0, 0, 0, 0, 0, 0, 0, 0, 0, 0, 0, 0, 0, 1, 1, 2, 2, 3, 4, 7, 11, 17, 22, 27, 34, 45, 67, 89, 105, 119, 137, 167, 201, 231, 256, 281, 311, 344, 384, 443, 495, 538, 581, 621, 659, 703, 747, 788, 829, 856, 898, 942, 968, 1004, 1038, 1069, 1095, 1123, 1155, 1194, 1241, 1282, 1340, 1385, 1421, 1449, 1469, 1492, 1508, 1520, 1536, 1543, 1545, 1549, 1550]

INFO: Total Population: 1643700
INFO: R0: 2
INFO: Incubation Period: 5
INFO: Illness Period: 12
X:[0, 1, 2, 3, 4, 5, 6, 7, 8, 9, 10, 11, 12, 13, 14, 15, 16, 17, 18, 19, 20, 21, 22, 23, 24, 25, 26, 27, 28, 29, 30, 31, 32, 33, 34, 35, 36, 37, 38, 39, 40, 41, 42, 43, 44, 45, 46, 47, 48, 49, 50, 51, 52, 53, 54, 55, 56, 57, 58, 59, 60, 61, 62, 63, 64, 65, 66, 67, 68, 69, 70, 71, 72, 73, 74, 75, 76, 77, 78, 79, 80, 81, 82, 83, 84, 85, 86, 87, 88, 89, 90, 91, 92, 93, 94, 95, 96, 97, 98, 99, 100, 101, 102, 103, 104, 105, 106, 107, 108, 109]
YNEW:[0, 0, 0, 0, 0, 0, 0, 0, 0, 0, 0, 0, 0, 0, 0, 0, 0, 0, 0, 0, 0, 0, 0, 0, 0, 0, 0, 0, 0, 0, 0, 0, 0, 0, 0, 0, 0, 0, 0, 0, 0, 0, 0, 0, 0, 0, 0, 1, 0, 1, 0, 1, 1, 3, 4, 6, 5, 5, 7, 11, 22, 22, 16, 14, 18, 30, 34, 30, 25, 25, 30, 33, 40, 59, 52, 43, 43, 40, 38, 44, 44, 41, 41, 27, 42, 44, 51, 44, 32, 27, 19, 43, 45, 53, 46, 48, 53, 39, 41, 37, 36, 18, 19, 14, 10, 4, 8, 3, 1]
YTOT: [0, 0, 0, 0, 0, 0, 0, 0, 0, 0, 0, 0, 0, 0, 0, 0, 0, 0, 0, 0, 0, 0, 0, 0, 0, 0, 0, 0, 0, 0, 0, 0, 0, 0, 0, 0, 0, 0, 0, 0, 0, 0, 0, 0, 0, 0, 0, 1, 1, 2, 2, 3, 4, 7, 11, 17, 22, 27, 34, 45, 67, 89, 105, 119, 137, 167, 201, 231, 256, 281, 311, 344, 384, 443, 495, 538, 581, 621, 659, 703, 747, 788, 829, 856, 898, 942, 993, 1037, 1069, 1096, 1115, 1158, 1203, 1256, 1302, 1350, 1403, 1442, 1483, 1520, 1556, 1574, 1593, 1607, 1617, 1621, 1629, 1632, 1633]

INFO: Total Population: 1643700
INFO: R0: 2
INFO: Incubation Period: 5
INFO: Illness Period: 12
X:[0, 1, 2, 3, 4, 5, 6, 7, 8, 9, 10, 11, 12, 13, 14, 15, 16, 17, 18, 19, 20, 21, 22, 23, 24, 25, 26, 27, 28, 29, 30, 31, 32, 33, 34, 35, 36, 37, 38, 39, 40, 41, 42, 43, 44, 45, 46, 47, 48, 49, 50, 51, 52, 53, 54, 55, 56, 57, 58, 59, 60, 61, 62, 63, 64, 65, 66, 67, 68, 69, 70, 71, 72, 73, 74, 75, 76, 77, 78, 79, 80, 81, 82, 83, 84, 85, 86, 87, 88, 89, 90, 91, 92, 93, 94, 95, 96, 97, 98, 99, 100, 101, 102, 103, 104, 105, 106, 107, 108]
YNEW:[0, 0, 0, 0, 0, 0, 0, 0, 0, 0, 0, 0, 0, 0, 0, 0, 0, 0, 0, 0, 0, 0, 0, 0, 0, 0, 0, 0, 0, 0, 0, 0, 0, 0, 0, 0, 0, 0, 0, 0, 0, 0, 0, 0, 0, 0, 0, 1, 0, 1, 0, 1, 1, 3, 4, 6, 5, 5, 7, 11, 22, 22, 16, 14, 18, 30, 34, 30, 25, 25, 30, 33, 40, 59, 52, 43, 43, 40, 38, 44, 44, 41, 41, 27, 42, 44, 44, 33, 34, 29, 28, 26, 50, 48, 47, 36, 44, 63, 35, 25, 25, 12, 17, 20, 11, 9, 1, 1]
YTOT: [0, 0, 0, 0, 0, 0, 0, 0, 0, 0, 0, 0, 0, 0, 0, 0, 0, 0, 0, 0, 0, 0, 0, 0, 0, 0, 0, 0, 0, 0, 0, 0, 0, 0, 0, 0, 0, 0, 0, 0, 0, 0, 0, 0, 0, 0, 0, 1, 1, 2, 2, 3, 4, 7, 11, 17, 22, 27, 34, 45, 67, 89, 105, 119, 137, 167, 201, 231, 256, 281, 311, 344, 384, 443, 495, 538, 581, 621, 659, 703, 747, 788, 829, 856, 898, 942, 986, 1019, 1053, 1082, 1110, 1136, 1186, 1234, 1281, 1317, 1361, 1424, 1459, 1484, 1509, 1521, 1538, 1558, 1569, 1578, 1579, 1580]

INFO: Total Population: 1643700
INFO: R0: 2
INFO: Incubation Period: 5
INFO: Illness Period: 12
X:[0, 1, 2, 3, 4, 5, 6, 7, 8, 9, 10, 11, 12, 13, 14, 15, 16, 17, 18, 19, 20, 21, 22, 23, 24, 25, 26, 27, 28, 29, 30, 31, 32, 33, 34, 35, 36, 37, 38, 39, 40, 41, 42, 43, 44, 45, 46, 47, 48, 49, 50, 51, 52, 53, 54, 55, 56, 57, 58, 59, 60, 61, 62, 63, 64, 65, 66, 67, 68, 69, 70, 71, 72, 73, 74, 75, 76, 77, 78, 79, 80, 81, 82, 83, 84, 85, 86, 87, 88, 89, 90, 91, 92, 93, 94, 95, 96, 97, 98, 99, 100, 101, 102, 103, 104, 105, 106, 107, 108]
YNEW:[0, 0, 0, 0, 0, 0, 0, 0, 0, 0, 0, 0, 0, 0, 0, 0, 0, 0, 0, 0, 0, 0, 0, 0, 0, 0, 0, 0, 0, 0, 0, 0, 0, 0, 0, 0, 0, 0, 0, 0, 0, 0, 0, 0, 0, 0, 0, 1, 0, 1, 0, 1, 1, 3, 4, 6, 5, 5, 7, 11, 22, 22, 16, 14, 18, 30, 34, 30, 25, 25, 30, 33, 40, 59, 52, 43, 43, 40, 38, 44, 44, 41, 41, 27, 42, 44, 34, 35, 34, 27, 26, 37, 37, 49, 49, 52, 51, 39, 29, 26, 22, 22, 15, 10, 11, 5, 8, 1]
YTOT: [0, 0, 0, 0, 0, 0, 0, 0, 0, 0, 0, 0, 0, 0, 0, 0, 0, 0, 0, 0, 0, 0, 0, 0, 0, 0, 0, 0, 0, 0, 0, 0, 0, 0, 0, 0, 0, 0, 0, 0, 0, 0, 0, 0, 0, 0, 0, 1, 1, 2, 2, 3, 4, 7, 11, 17, 22, 27, 34, 45, 67, 89, 105, 119, 137, 167, 201, 231, 256, 281, 311, 344, 384, 443, 495, 538, 581, 621, 659, 703, 747, 788, 829, 856, 898, 942, 976, 1011, 1045, 1072, 1098, 1135, 1172, 1221, 1270, 1322, 1373, 1412, 1441, 1467, 1489, 1511, 1526, 1536, 1547, 1552, 1560, 1561]

INFO: Total Population: 1643700
INFO: R0: 2
INFO: Incubation Period: 5
INFO: Illness Period: 12
X:[0, 1, 2, 3, 4, 5, 6, 7, 8, 9, 10, 11, 12, 13, 14, 15, 16, 17, 18, 19, 20, 21, 22, 23, 24, 25, 26, 27, 28, 29, 30, 31, 32, 33, 34, 35, 36, 37, 38, 39, 40, 41, 42, 43, 44, 45, 46, 47, 48, 49, 50, 51, 52, 53, 54, 55, 56, 57, 58, 59, 60, 61, 62, 63, 64, 65, 66, 67, 68, 69, 70, 71, 72, 73, 74, 75, 76, 77, 78, 79, 80, 81, 82, 83, 84, 85, 86, 87, 88, 89, 90, 91, 92, 93, 94, 95, 96, 97, 98, 99, 100, 101, 102, 103, 104, 105, 106, 107, 108]
YNEW:[0, 0, 0, 0, 0, 0, 0, 0, 0, 0, 0, 0, 0, 0, 0, 0, 0, 0, 0, 0, 0, 0, 0, 0, 0, 0, 0, 0, 0, 0, 0, 0, 0, 0, 0, 0, 0, 0, 0, 0, 0, 0, 0, 0, 0, 0, 0, 1, 0, 1, 0, 1, 1, 3, 4, 6, 5, 5, 7, 11, 22, 22, 16, 14, 18, 30, 34, 30, 25, 25, 30, 33, 40, 59, 52, 43, 43, 40, 38, 44, 44, 41, 41, 27, 42, 44, 37, 42, 23, 30, 22, 34, 45, 39, 46, 40, 43, 48, 39, 33, 33, 17, 10, 22, 6, 2, 4, 1]
YTOT: [0, 0, 0, 0, 0, 0, 0, 0, 0, 0, 0, 0, 0, 0, 0, 0, 0, 0, 0, 0, 0, 0, 0, 0, 0, 0, 0, 0, 0, 0, 0, 0, 0, 0, 0, 0, 0, 0, 0, 0, 0, 0, 0, 0, 0, 0, 0, 1, 1, 2, 2, 3, 4, 7, 11, 17, 22, 27, 34, 45, 67, 89, 105, 119, 137, 167, 201, 231, 256, 281, 311, 344, 384, 443, 495, 538, 581, 621, 659, 703, 747, 788, 829, 856, 898, 942, 979, 1021, 1044, 1074, 1096, 1130, 1175, 1214, 1260, 1300, 1343, 1391, 1430, 1463, 1496, 1513, 1523, 1545, 1551, 1553, 1557, 1558]

INFO: Total Population: 1643700
INFO: R0: 2
INFO: Incubation Period: 5
INFO: Illness Period: 12
X:[0, 1, 2, 3, 4, 5, 6, 7, 8, 9, 10, 11, 12, 13, 14, 15, 16, 17, 18, 19, 20, 21, 22, 23, 24, 25, 26, 27, 28, 29, 30, 31, 32, 33, 34, 35, 36, 37, 38, 39, 40, 41, 42, 43, 44, 45, 46, 47, 48, 49, 50, 51, 52, 53, 54, 55, 56, 57, 58, 59, 60, 61, 62, 63, 64, 65, 66, 67, 68, 69, 70, 71, 72, 73, 74, 75, 76, 77, 78, 79, 80, 81, 82, 83, 84, 85, 86, 87, 88, 89, 90, 91, 92, 93, 94, 95, 96, 97, 98, 99, 100, 101, 102, 103, 104, 105, 106, 107]
YNEW:[0, 0, 0, 0, 0, 0, 0, 0, 0, 0, 0, 0, 0, 0, 0, 0, 0, 0, 0, 0, 0, 0, 0, 0, 0, 0, 0, 0, 0, 0, 0, 0, 0, 0, 0, 0, 0, 0, 0, 0, 0, 0, 0, 0, 0, 0, 0, 1, 0, 1, 0, 1, 1, 3, 4, 6, 5, 5, 7, 11, 22, 22, 16, 14, 18, 30, 34, 30, 25, 25, 30, 33, 40, 59, 52, 43, 43, 40, 38, 44, 44, 41, 41, 27, 42, 44, 30, 49, 40, 30, 28, 27, 43, 45, 59, 48, 56, 42, 36, 24, 17, 25, 24, 15, 8, 3, 2]
YTOT: [0, 0, 0, 0, 0, 0, 0, 0, 0, 0, 0, 0, 0, 0, 0, 0, 0, 0, 0, 0, 0, 0, 0, 0, 0, 0, 0, 0, 0, 0, 0, 0, 0, 0, 0, 0, 0, 0, 0, 0, 0, 0, 0, 0, 0, 0, 0, 1, 1, 2, 2, 3, 4, 7, 11, 17, 22, 27, 34, 45, 67, 89, 105, 119, 137, 167, 201, 231, 256, 281, 311, 344, 384, 443, 495, 538, 581, 621, 659, 703, 747, 788, 829, 856, 898, 942, 972, 1021, 1061, 1091, 1119, 1146, 1189, 1234, 1293, 1341, 1397, 1439, 1475, 1499, 1516, 1541, 1565, 1580, 1588, 1591, 1593]

INFO: Total Population: 1643700
INFO: R0: 2
INFO: Incubation Period: 5
INFO: Illness Period: 12
X:[0, 1, 2, 3, 4, 5, 6, 7, 8, 9, 10, 11, 12, 13, 14, 15, 16, 17, 18, 19, 20, 21, 22, 23, 24, 25, 26, 27, 28, 29, 30, 31, 32, 33, 34, 35, 36, 37, 38, 39, 40, 41, 42, 43, 44, 45, 46, 47, 48, 49, 50, 51, 52, 53, 54, 55, 56, 57, 58, 59, 60, 61, 62, 63, 64, 65, 66, 67, 68, 69, 70, 71, 72, 73, 74, 75, 76, 77, 78, 79, 80, 81, 82, 83, 84, 85, 86, 87, 88, 89, 90, 91, 92, 93, 94, 95, 96, 97, 98, 99, 100, 101, 102, 103, 104, 105, 106, 107, 108]
YNEW:[0, 0, 0, 0, 0, 0, 0, 0, 0, 0, 0, 0, 0, 0, 0, 0, 0, 0, 0, 0, 0, 0, 0, 0, 0, 0, 0, 0, 0, 0, 0, 0, 0, 0, 0, 0, 0, 0, 0, 0, 0, 0, 0, 0, 0, 0, 0, 1, 0, 1, 0, 1, 1, 3, 4, 6, 5, 5, 7, 11, 22, 22, 16, 14, 18, 30, 34, 30, 25, 25, 30, 33, 40, 59, 52, 43, 43, 40, 38, 44, 44, 41, 41, 27, 42, 44, 27, 39, 29, 23, 29, 25, 34, 37, 50, 48, 48, 38, 39, 28, 19, 17, 23, 15, 11, 2, 3, 2]
YTOT: [0, 0, 0, 0, 0, 0, 0, 0, 0, 0, 0, 0, 0, 0, 0, 0, 0, 0, 0, 0, 0, 0, 0, 0, 0, 0, 0, 0, 0, 0, 0, 0, 0, 0, 0, 0, 0, 0, 0, 0, 0, 0, 0, 0, 0, 0, 0, 1, 1, 2, 2, 3, 4, 7, 11, 17, 22, 27, 34, 45, 67, 89, 105, 119, 137, 167, 201, 231, 256, 281, 311, 344, 384, 443, 495, 538, 581, 621, 659, 703, 747, 788, 829, 856, 898, 942, 969, 1008, 1037, 1060, 1089, 1114, 1148, 1185, 1235, 1283, 1331, 1369, 1408, 1436, 1455, 1472, 1495, 1510, 1521, 1523, 1526, 1528]

INFO: Total Population: 1643700
INFO: R0: 2
INFO: Incubation Period: 5
INFO: Illness Period: 12
X:[0, 1, 2, 3, 4, 5, 6, 7, 8, 9, 10, 11, 12, 13, 14, 15, 16, 17, 18, 19, 20, 21, 22, 23, 24, 25, 26, 27, 28, 29, 30, 31, 32, 33, 34, 35, 36, 37, 38, 39, 40, 41, 42, 43, 44, 45, 46, 47, 48, 49, 50, 51, 52, 53, 54, 55, 56, 57, 58, 59, 60, 61, 62, 63, 64, 65, 66, 67, 68, 69, 70, 71, 72, 73, 74, 75, 76, 77, 78, 79, 80, 81, 82, 83, 84, 85, 86, 87, 88, 89, 90, 91, 92, 93, 94, 95, 96, 97, 98, 99, 100, 101, 102, 103, 104, 105, 106, 107, 108]
YNEW:[0, 0, 0, 0, 0, 0, 0, 0, 0, 0, 0, 0, 0, 0, 0, 0, 0, 0, 0, 0, 0, 0, 0, 0, 0, 0, 0, 0, 0, 0, 0, 0, 0, 0, 0, 0, 0, 0, 0, 0, 0, 0, 0, 0, 0, 0, 0, 1, 0, 1, 0, 1, 1, 3, 4, 6, 5, 5, 7, 11, 22, 22, 16, 14, 18, 30, 34, 30, 25, 25, 30, 33, 40, 59, 52, 43, 43, 40, 38, 44, 44, 41, 41, 27, 42, 44, 43, 42, 35, 26, 34, 24, 53, 41, 53, 61, 54, 45, 32, 38, 21, 15, 16, 10, 7, 6, 6, 4]
YTOT: [0, 0, 0, 0, 0, 0, 0, 0, 0, 0, 0, 0, 0, 0, 0, 0, 0, 0, 0, 0, 0, 0, 0, 0, 0, 0, 0, 0, 0, 0, 0, 0, 0, 0, 0, 0, 0, 0, 0, 0, 0, 0, 0, 0, 0, 0, 0, 1, 1, 2, 2, 3, 4, 7, 11, 17, 22, 27, 34, 45, 67, 89, 105, 119, 137, 167, 201, 231, 256, 281, 311, 344, 384, 443, 495, 538, 581, 621, 659, 703, 747, 788, 829, 856, 898, 942, 985, 1027, 1062, 1088, 1122, 1146, 1199, 1240, 1293, 1354, 1408, 1453, 1485, 1523, 1544, 1559, 1575, 1585, 1592, 1598, 1604, 1608]

INFO: Total Population: 1643700
INFO: R0: 2
INFO: Incubation Period: 5
INFO: Illness Period: 12
X:[0, 1, 2, 3, 4, 5, 6, 7, 8, 9, 10, 11, 12, 13, 14, 15, 16, 17, 18, 19, 20, 21, 22, 23, 24, 25, 26, 27, 28, 29, 30, 31, 32, 33, 34, 35, 36, 37, 38, 39, 40, 41, 42, 43, 44, 45, 46, 47, 48, 49, 50, 51, 52, 53, 54, 55, 56, 57, 58, 59, 60, 61, 62, 63, 64, 65, 66, 67, 68, 69, 70, 71, 72, 73, 74, 75, 76, 77, 78, 79, 80, 81, 82, 83, 84, 85, 86, 87, 88, 89, 90, 91, 92, 93, 94, 95, 96, 97, 98, 99, 100, 101, 102, 103, 104, 105, 106, 107, 108]
YNEW:[0, 0, 0, 0, 0, 0, 0, 0, 0, 0, 0, 0, 0, 0, 0, 0, 0, 0, 0, 0, 0, 0, 0, 0, 0, 0, 0, 0, 0, 0, 0, 0, 0, 0, 0, 0, 0, 0, 0, 0, 0, 0, 0, 0, 0, 0, 0, 1, 0, 1, 0, 1, 1, 3, 4, 6, 5, 5, 7, 11, 22, 22, 16, 14, 18, 30, 34, 30, 25, 25, 30, 33, 40, 59, 52, 43, 43, 40, 38, 44, 44, 41, 41, 27, 42, 44, 40, 48, 31, 26, 31, 28, 39, 49, 42, 46, 44, 46, 35, 41, 27, 22, 20, 11, 13, 8, 6, 1]
YTOT: [0, 0, 0, 0, 0, 0, 0, 0, 0, 0, 0, 0, 0, 0, 0, 0, 0, 0, 0, 0, 0, 0, 0, 0, 0, 0, 0, 0, 0, 0, 0, 0, 0, 0, 0, 0, 0, 0, 0, 0, 0, 0, 0, 0, 0, 0, 0, 1, 1, 2, 2, 3, 4, 7, 11, 17, 22, 27, 34, 45, 67, 89, 105, 119, 137, 167, 201, 231, 256, 281, 311, 344, 384, 443, 495, 538, 581, 621, 659, 703, 747, 788, 829, 856, 898, 942, 982, 1030, 1061, 1087, 1118, 1146, 1185, 1234, 1276, 1322, 1366, 1412, 1447, 1488, 1515, 1537, 1557, 1568, 1581, 1589, 1595, 1596]

INFO: Total Population: 1643700
INFO: R0: 2
INFO: Incubation Period: 5
INFO: Illness Period: 12
X:[0, 1, 2, 3, 4, 5, 6, 7, 8, 9, 10, 11, 12, 13, 14, 15, 16, 17, 18, 19, 20, 21, 22, 23, 24, 25, 26, 27, 28, 29, 30, 31, 32, 33, 34, 35, 36, 37, 38, 39, 40, 41, 42, 43, 44, 45, 46, 47, 48, 49, 50, 51, 52, 53, 54, 55, 56, 57, 58, 59, 60, 61, 62, 63, 64, 65, 66, 67, 68, 69, 70, 71, 72, 73, 74, 75, 76, 77, 78, 79, 80, 81, 82, 83, 84, 85, 86, 87, 88, 89, 90, 91, 92, 93, 94, 95, 96, 97, 98, 99, 100, 101, 102, 103, 104, 105, 106, 107, 108]
YNEW:[0, 0, 0, 0, 0, 0, 0, 0, 0, 0, 0, 0, 0, 0, 0, 0, 0, 0, 0, 0, 0, 0, 0, 0, 0, 0, 0, 0, 0, 0, 0, 0, 0, 0, 0, 0, 0, 0, 0, 0, 0, 0, 0, 0, 0, 0, 0, 1, 0, 1, 0, 1, 1, 3, 4, 6, 5, 5, 7, 11, 22, 22, 16, 14, 18, 30, 34, 30, 25, 25, 30, 33, 40, 59, 52, 43, 43, 40, 38, 44, 44, 41, 41, 27, 42, 44, 40, 38, 41, 30, 32, 34, 33, 54, 49, 53, 48, 55, 28, 35, 28, 30, 14, 17, 6, 7, 5, 3]
YTOT: [0, 0, 0, 0, 0, 0, 0, 0, 0, 0, 0, 0, 0, 0, 0, 0, 0, 0, 0, 0, 0, 0, 0, 0, 0, 0, 0, 0, 0, 0, 0, 0, 0, 0, 0, 0, 0, 0, 0, 0, 0, 0, 0, 0, 0, 0, 0, 1, 1, 2, 2, 3, 4, 7, 11, 17, 22, 27, 34, 45, 67, 89, 105, 119, 137, 167, 201, 231, 256, 281, 311, 344, 384, 443, 495, 538, 581, 621, 659, 703, 747, 788, 829, 856, 898, 942, 982, 1020, 1061, 1091, 1123, 1157, 1190, 1244, 1293, 1346, 1394, 1449, 1477, 1512, 1540, 1570, 1584, 1601, 1607, 1614, 1619, 1622]

INFO: Total Population: 1643700
INFO: R0: 2
INFO: Incubation Period: 5
INFO: Illness Period: 12
X:[0, 1, 2, 3, 4, 5, 6, 7, 8, 9, 10, 11, 12, 13, 14, 15, 16, 17, 18, 19, 20, 21, 22, 23, 24, 25, 26, 27, 28, 29, 30, 31, 32, 33, 34, 35, 36, 37, 38, 39, 40, 41, 42, 43, 44, 45, 46, 47, 48, 49, 50, 51, 52, 53, 54, 55, 56, 57, 58, 59, 60, 61, 62, 63, 64, 65, 66, 67, 68, 69, 70, 71, 72, 73, 74, 75, 76, 77, 78, 79, 80, 81, 82, 83, 84, 85, 86, 87, 88, 89, 90, 91, 92, 93, 94, 95, 96, 97, 98, 99, 100, 101, 102, 103, 104, 105, 106, 107, 108]
YNEW:[0, 0, 0, 0, 0, 0, 0, 0, 0, 0, 0, 0, 0, 0, 0, 0, 0, 0, 0, 0, 0, 0, 0, 0, 0, 0, 0, 0, 0, 0, 0, 0, 0, 0, 0, 0, 0, 0, 0, 0, 0, 0, 0, 0, 0, 0, 0, 1, 0, 1, 0, 1, 1, 3, 4, 6, 5, 5, 7, 11, 22, 22, 16, 14, 18, 30, 34, 30, 25, 25, 30, 33, 40, 59, 52, 43, 43, 40, 38, 44, 44, 41, 41, 27, 42, 44, 52, 37, 35, 22, 32, 28, 40, 47, 49, 38, 57, 43, 44, 25, 22, 28, 17, 16, 5, 10, 5, 2]
YTOT: [0, 0, 0, 0, 0, 0, 0, 0, 0, 0, 0, 0, 0, 0, 0, 0, 0, 0, 0, 0, 0, 0, 0, 0, 0, 0, 0, 0, 0, 0, 0, 0, 0, 0, 0, 0, 0, 0, 0, 0, 0, 0, 0, 0, 0, 0, 0, 1, 1, 2, 2, 3, 4, 7, 11, 17, 22, 27, 34, 45, 67, 89, 105, 119, 137, 167, 201, 231, 256, 281, 311, 344, 384, 443, 495, 538, 581, 621, 659, 703, 747, 788, 829, 856, 898, 942, 994, 1031, 1066, 1088, 1120, 1148, 1188, 1235, 1284, 1322, 1379, 1422, 1466, 1491, 1513, 1541, 1558, 1574, 1579, 1589, 1594, 1596]

INFO: Total Population: 1643700
INFO: R0: 2
INFO: Incubation Period: 5
INFO: Illness Period: 12
X:[0, 1, 2, 3, 4, 5, 6, 7, 8, 9, 10, 11, 12, 13, 14, 15, 16, 17, 18, 19, 20, 21, 22, 23, 24, 25, 26, 27, 28, 29, 30, 31, 32, 33, 34, 35, 36, 37, 38, 39, 40, 41, 42, 43, 44, 45, 46, 47, 48, 49, 50, 51, 52, 53, 54, 55, 56, 57, 58, 59, 60, 61, 62, 63, 64, 65, 66, 67, 68, 69, 70, 71, 72, 73, 74, 75, 76, 77, 78, 79, 80, 81, 82, 83, 84, 85, 86, 87, 88, 89, 90, 91, 92, 93, 94, 95, 96, 97, 98, 99, 100, 101, 102, 103, 104, 105, 106, 107, 108]
YNEW:[0, 0, 0, 0, 0, 0, 0, 0, 0, 0, 0, 0, 0, 0, 0, 0, 0, 0, 0, 0, 0, 0, 0, 0, 0, 0, 0, 0, 0, 0, 0, 0, 0, 0, 0, 0, 0, 0, 0, 0, 0, 0, 0, 0, 0, 0, 0, 1, 0, 1, 0, 1, 1, 3, 4, 6, 5, 5, 7, 11, 22, 22, 16, 14, 18, 30, 34, 30, 25, 25, 30, 33, 40, 59, 52, 43, 43, 40, 38, 44, 44, 41, 41, 27, 42, 44, 38, 31, 33, 40, 24, 15, 37, 41, 50, 53, 49, 33, 41, 26, 21, 23, 12, 13, 9, 3, 3, 3]
YTOT: [0, 0, 0, 0, 0, 0, 0, 0, 0, 0, 0, 0, 0, 0, 0, 0, 0, 0, 0, 0, 0, 0, 0, 0, 0, 0, 0, 0, 0, 0, 0, 0, 0, 0, 0, 0, 0, 0, 0, 0, 0, 0, 0, 0, 0, 0, 0, 1, 1, 2, 2, 3, 4, 7, 11, 17, 22, 27, 34, 45, 67, 89, 105, 119, 137, 167, 201, 231, 256, 281, 311, 344, 384, 443, 495, 538, 581, 621, 659, 703, 747, 788, 829, 856, 898, 942, 980, 1011, 1044, 1084, 1108, 1123, 1160, 1201, 1251, 1304, 1353, 1386, 1427, 1453, 1474, 1497, 1509, 1522, 1531, 1534, 1537, 1540]

INFO: Total Population: 1643700
INFO: R0: 2
INFO: Incubation Period: 5
INFO: Illness Period: 12
X:[0, 1, 2, 3, 4, 5, 6, 7, 8, 9, 10, 11, 12, 13, 14, 15, 16, 17, 18, 19, 20, 21, 22, 23, 24, 25, 26, 27, 28, 29, 30, 31, 32, 33, 34, 35, 36, 37, 38, 39, 40, 41, 42, 43, 44, 45, 46, 47, 48, 49, 50, 51, 52, 53, 54, 55, 56, 57, 58, 59, 60, 61, 62, 63, 64, 65, 66, 67, 68, 69, 70, 71, 72, 73, 74, 75, 76, 77, 78, 79, 80, 81, 82, 83, 84, 85, 86, 87, 88, 89, 90, 91, 92, 93, 94, 95, 96, 97, 98, 99, 100, 101, 102, 103, 104, 105, 106, 107, 108]
YNEW:[0, 0, 0, 0, 0, 0, 0, 0, 0, 0, 0, 0, 0, 0, 0, 0, 0, 0, 0, 0, 0, 0, 0, 0, 0, 0, 0, 0, 0, 0, 0, 0, 0, 0, 0, 0, 0, 0, 0, 0, 0, 0, 0, 0, 0, 0, 0, 1, 0, 1, 0, 1, 1, 3, 4, 6, 5, 5, 7, 11, 22, 22, 16, 14, 18, 30, 34, 30, 25, 25, 30, 33, 40, 59, 52, 43, 43, 40, 38, 44, 44, 41, 41, 27, 42, 44, 38, 42, 32, 28, 29, 21, 43, 47, 47, 57, 52, 38, 31, 29, 25, 13, 27, 9, 6, 5, 3, 1]
YTOT: [0, 0, 0, 0, 0, 0, 0, 0, 0, 0, 0, 0, 0, 0, 0, 0, 0, 0, 0, 0, 0, 0, 0, 0, 0, 0, 0, 0, 0, 0, 0, 0, 0, 0, 0, 0, 0, 0, 0, 0, 0, 0, 0, 0, 0, 0, 0, 1, 1, 2, 2, 3, 4, 7, 11, 17, 22, 27, 34, 45, 67, 89, 105, 119, 137, 167, 201, 231, 256, 281, 311, 344, 384, 443, 495, 538, 581, 621, 659, 703, 747, 788, 829, 856, 898, 942, 980, 1022, 1054, 1082, 1111, 1132, 1175, 1222, 1269, 1326, 1378, 1416, 1447, 1476, 1501, 1514, 1541, 1550, 1556, 1561, 1564, 1565]

INFO: Total Population: 1643700
INFO: R0: 2
INFO: Incubation Period: 5
INFO: Illness Period: 12
X:[0, 1, 2, 3, 4, 5, 6, 7, 8, 9, 10, 11, 12, 13, 14, 15, 16, 17, 18, 19, 20, 21, 22, 23, 24, 25, 26, 27, 28, 29, 30, 31, 32, 33, 34, 35, 36, 37, 38, 39, 40, 41, 42, 43, 44, 45, 46, 47, 48, 49, 50, 51, 52, 53, 54, 55, 56, 57, 58, 59, 60, 61, 62, 63, 64, 65, 66, 67, 68, 69, 70, 71, 72, 73, 74, 75, 76, 77, 78, 79, 80, 81, 82, 83, 84, 85, 86, 87, 88, 89, 90, 91, 92, 93, 94, 95, 96, 97, 98, 99, 100, 101, 102, 103, 104, 105, 106, 107, 108, 109]
YNEW:[0, 0, 0, 0, 0, 0, 0, 0, 0, 0, 0, 0, 0, 0, 0, 0, 0, 0, 0, 0, 0, 0, 0, 0, 0, 0, 0, 0, 0, 0, 0, 0, 0, 0, 0, 0, 0, 0, 0, 0, 0, 0, 0, 0, 0, 0, 0, 1, 0, 1, 0, 1, 1, 3, 4, 6, 5, 5, 7, 11, 22, 22, 16, 14, 18, 30, 34, 30, 25, 25, 30, 33, 40, 59, 52, 43, 43, 40, 38, 44, 44, 41, 41, 27, 42, 44, 43, 35, 31, 21, 35, 27, 39, 42, 54, 54, 41, 42, 28, 29, 25, 19, 15, 14, 12, 7, 5, 2, 3]
YTOT: [0, 0, 0, 0, 0, 0, 0, 0, 0, 0, 0, 0, 0, 0, 0, 0, 0, 0, 0, 0, 0, 0, 0, 0, 0, 0, 0, 0, 0, 0, 0, 0, 0, 0, 0, 0, 0, 0, 0, 0, 0, 0, 0, 0, 0, 0, 0, 1, 1, 2, 2, 3, 4, 7, 11, 17, 22, 27, 34, 45, 67, 89, 105, 119, 137, 167, 201, 231, 256, 281, 311, 344, 384, 443, 495, 538, 581, 621, 659, 703, 747, 788, 829, 856, 898, 942, 985, 1020, 1051, 1072, 1107, 1134, 1173, 1215, 1269, 1323, 1364, 1406, 1434, 1463, 1488, 1507, 1522, 1536, 1548, 1555, 1560, 1562, 1565]

INFO: Total Population: 1643700
INFO: R0: 2
INFO: Incubation Period: 5
INFO: Illness Period: 12
X:[0, 1, 2, 3, 4, 5, 6, 7, 8, 9, 10, 11, 12, 13, 14, 15, 16, 17, 18, 19, 20, 21, 22, 23, 24, 25, 26, 27, 28, 29, 30, 31, 32, 33, 34, 35, 36, 37, 38, 39, 40, 41, 42, 43, 44, 45, 46, 47, 48, 49, 50, 51, 52, 53, 54, 55, 56, 57, 58, 59, 60, 61, 62, 63, 64, 65, 66, 67, 68, 69, 70, 71, 72, 73, 74, 75, 76, 77, 78, 79, 80, 81, 82, 83, 84, 85, 86, 87, 88, 89, 90, 91, 92, 93, 94, 95, 96, 97, 98, 99, 100, 101, 102, 103, 104, 105, 106, 107, 108, 109]
YNEW:[0, 0, 0, 0, 0, 0, 0, 0, 0, 0, 0, 0, 0, 0, 0, 0, 0, 0, 0, 0, 0, 0, 0, 0, 0, 0, 0, 0, 0, 0, 0, 0, 0, 0, 0, 0, 0, 0, 0, 0, 0, 0, 0, 0, 0, 0, 0, 1, 0, 1, 0, 1, 1, 3, 4, 6, 5, 5, 7, 11, 22, 22, 16, 14, 18, 30, 34, 30, 25, 25, 30, 33, 40, 59, 52, 43, 43, 40, 38, 44, 44, 41, 41, 27, 42, 44, 45, 35, 54, 31, 25, 39, 42, 39, 46, 56, 58, 47, 45, 32, 36, 27, 17, 17, 10, 6, 6, 1, 1]
YTOT: [0, 0, 0, 0, 0, 0, 0, 0, 0, 0, 0, 0, 0, 0, 0, 0, 0, 0, 0, 0, 0, 0, 0, 0, 0, 0, 0, 0, 0, 0, 0, 0, 0, 0, 0, 0, 0, 0, 0, 0, 0, 0, 0, 0, 0, 0, 0, 1, 1, 2, 2, 3, 4, 7, 11, 17, 22, 27, 34, 45, 67, 89, 105, 119, 137, 167, 201, 231, 256, 281, 311, 344, 384, 443, 495, 538, 581, 621, 659, 703, 747, 788, 829, 856, 898, 942, 987, 1022, 1076, 1107, 1132, 1171, 1213, 1252, 1298, 1354, 1412, 1459, 1504, 1536, 1572, 1599, 1616, 1633, 1643, 1649, 1655, 1656, 1657]

INFO: Total Population: 1643700
INFO: R0: 2
INFO: Incubation Period: 5
INFO: Illness Period: 12
X:[0, 1, 2, 3, 4, 5, 6, 7, 8, 9, 10, 11, 12, 13, 14, 15, 16, 17, 18, 19, 20, 21, 22, 23, 24, 25, 26, 27, 28, 29, 30, 31, 32, 33, 34, 35, 36, 37, 38, 39, 40, 41, 42, 43, 44, 45, 46, 47, 48, 49, 50, 51, 52, 53, 54, 55, 56, 57, 58, 59, 60, 61, 62, 63, 64, 65, 66, 67, 68, 69, 70, 71, 72, 73, 74, 75, 76, 77, 78, 79, 80, 81, 82, 83, 84, 85, 86, 87, 88, 89, 90, 91, 92, 93, 94, 95, 96, 97, 98, 99, 100, 101, 102, 103, 104, 105, 106, 107, 108]
YNEW:[0, 0, 0, 0, 0, 0, 0, 0, 0, 0, 0, 0, 0, 0, 0, 0, 0, 0, 0, 0, 0, 0, 0, 0, 0, 0, 0, 0, 0, 0, 0, 0, 0, 0, 0, 0, 0, 0, 0, 0, 0, 0, 0, 0, 0, 0, 0, 1, 0, 1, 0, 1, 1, 3, 4, 6, 5, 5, 7, 11, 22, 22, 16, 14, 18, 30, 34, 30, 25, 25, 30, 33, 40, 59, 52, 43, 43, 40, 38, 44, 44, 41, 41, 27, 42, 44, 40, 43, 39, 45, 19, 25, 28, 37, 67, 65, 55, 50, 37, 34, 31, 18, 15, 8, 8, 5, 4, 2]
YTOT: [0, 0, 0, 0, 0, 0, 0, 0, 0, 0, 0, 0, 0, 0, 0, 0, 0, 0, 0, 0, 0, 0, 0, 0, 0, 0, 0, 0, 0, 0, 0, 0, 0, 0, 0, 0, 0, 0, 0, 0, 0, 0, 0, 0, 0, 0, 0, 1, 1, 2, 2, 3, 4, 7, 11, 17, 22, 27, 34, 45, 67, 89, 105, 119, 137, 167, 201, 231, 256, 281, 311, 344, 384, 443, 495, 538, 581, 621, 659, 703, 747, 788, 829, 856, 898, 942, 982, 1025, 1064, 1109, 1128, 1153, 1181, 1218, 1285, 1350, 1405, 1455, 1492, 1526, 1557, 1575, 1590, 1598, 1606, 1611, 1615, 1617]

INFO: Total Population: 1643700
INFO: R0: 2
INFO: Incubation Period: 5
INFO: Illness Period: 12
X:[0, 1, 2, 3, 4, 5, 6, 7, 8, 9, 10, 11, 12, 13, 14, 15, 16, 17, 18, 19, 20, 21, 22, 23, 24, 25, 26, 27, 28, 29, 30, 31, 32, 33, 34, 35, 36, 37, 38, 39, 40, 41, 42, 43, 44, 45, 46, 47, 48, 49, 50, 51, 52, 53, 54, 55, 56, 57, 58, 59, 60, 61, 62, 63, 64, 65, 66, 67, 68, 69, 70, 71, 72, 73, 74, 75, 76, 77, 78, 79, 80, 81, 82, 83, 84, 85, 86, 87, 88, 89, 90, 91, 92, 93, 94, 95, 96, 97, 98, 99, 100, 101, 102, 103, 104, 105, 106, 107, 108]
YNEW:[0, 0, 0, 0, 0, 0, 0, 0, 0, 0, 0, 0, 0, 0, 0, 0, 0, 0, 0, 0, 0, 0, 0, 0, 0, 0, 0, 0, 0, 0, 0, 0, 0, 0, 0, 0, 0, 0, 0, 0, 0, 0, 0, 0, 0, 0, 0, 1, 0, 1, 0, 1, 1, 3, 4, 6, 5, 5, 7, 11, 22, 22, 16, 14, 18, 30, 34, 30, 25, 25, 30, 33, 40, 59, 52, 43, 43, 40, 38, 44, 44, 41, 41, 27, 42, 44, 42, 38, 46, 24, 28, 34, 39, 60, 45, 57, 51, 52, 33, 31, 21, 23, 17, 18, 9, 5, 2, 3]
YTOT: [0, 0, 0, 0, 0, 0, 0, 0, 0, 0, 0, 0, 0, 0, 0, 0, 0, 0, 0, 0, 0, 0, 0, 0, 0, 0, 0, 0, 0, 0, 0, 0, 0, 0, 0, 0, 0, 0, 0, 0, 0, 0, 0, 0, 0, 0, 0, 1, 1, 2, 2, 3, 4, 7, 11, 17, 22, 27, 34, 45, 67, 89, 105, 119, 137, 167, 201, 231, 256, 281, 311, 344, 384, 443, 495, 538, 581, 621, 659, 703, 747, 788, 829, 856, 898, 942, 984, 1022, 1068, 1092, 1120, 1154, 1193, 1253, 1298, 1355, 1406, 1458, 1491, 1522, 1543, 1566, 1583, 1601, 1610, 1615, 1617, 1620]

INFO: Total Population: 1643700
INFO: R0: 2
INFO: Incubation Period: 5
INFO: Illness Period: 12
X:[0, 1, 2, 3, 4, 5, 6, 7, 8, 9, 10, 11, 12, 13, 14, 15, 16, 17, 18, 19, 20, 21, 22, 23, 24, 25, 26, 27, 28, 29, 30, 31, 32, 33, 34, 35, 36, 37, 38, 39, 40, 41, 42, 43, 44, 45, 46, 47, 48, 49, 50, 51, 52, 53, 54, 55, 56, 57, 58, 59, 60, 61, 62, 63, 64, 65, 66, 67, 68, 69, 70, 71, 72, 73, 74, 75, 76, 77, 78, 79, 80, 81, 82, 83, 84, 85, 86, 87, 88, 89, 90, 91, 92, 93, 94, 95, 96, 97, 98, 99, 100, 101, 102, 103, 104, 105, 106, 107, 108]
YNEW:[0, 0, 0, 0, 0, 0, 0, 0, 0, 0, 0, 0, 0, 0, 0, 0, 0, 0, 0, 0, 0, 0, 0, 0, 0, 0, 0, 0, 0, 0, 0, 0, 0, 0, 0, 0, 0, 0, 0, 0, 0, 0, 0, 0, 0, 0, 0, 1, 0, 1, 0, 1, 1, 3, 4, 6, 5, 5, 7, 11, 22, 22, 16, 14, 18, 30, 34, 30, 25, 25, 30, 33, 40, 59, 52, 43, 43, 40, 38, 44, 44, 41, 41, 27, 42, 44, 34, 33, 39, 28, 22, 40, 45, 41, 41, 53, 48, 48, 31, 28, 26, 26, 21, 19, 5, 4, 6, 2]
YTOT: [0, 0, 0, 0, 0, 0, 0, 0, 0, 0, 0, 0, 0, 0, 0, 0, 0, 0, 0, 0, 0, 0, 0, 0, 0, 0, 0, 0, 0, 0, 0, 0, 0, 0, 0, 0, 0, 0, 0, 0, 0, 0, 0, 0, 0, 0, 0, 1, 1, 2, 2, 3, 4, 7, 11, 17, 22, 27, 34, 45, 67, 89, 105, 119, 137, 167, 201, 231, 256, 281, 311, 344, 384, 443, 495, 538, 581, 621, 659, 703, 747, 788, 829, 856, 898, 942, 976, 1009, 1048, 1076, 1098, 1138, 1183, 1224, 1265, 1318, 1366, 1414, 1445, 1473, 1499, 1525, 1546, 1565, 1570, 1574, 1580, 1582]

END