

INFO: Total Population: 765935
INFO: R0: 2
INFO: Incubation Period: 5
INFO: Illness Period: 7
X:[0, 1, 2, 3, 4, 5, 6, 7, 8, 9, 10, 11, 12, 13, 14, 15, 16, 17, 18, 19, 20, 21, 22, 23, 24, 25, 26, 27, 28, 29, 30, 31, 32, 33, 34, 35, 36, 37, 38, 39, 40, 41, 42, 43, 44, 45, 46, 47, 48, 49, 50, 51, 52, 53, 54, 55, 56, 57, 58, 59, 60, 61, 62, 63, 64, 65, 66, 67, 68, 69, 70, 71, 72, 73, 74, 75, 76, 77, 78, 79, 80, 81, 82, 83, 84, 85, 86, 87, 88, 89, 90, 91, 92, 93, 94, 95, 96, 97, 98, 99, 100, 101, 102, 103, 104, 105, 106, 107, 108, 109, 110, 111, 112]
YNEW:[0, 0, 0, 0, 0, 0, 0, 0, 0, 0, 0, 0, 0, 0, 0, 0, 0, 0, 0, 0, 0, 0, 0, 0, 0, 0, 0, 0, 0, 0, 0, 0, 0, 0, 0, 0, 0, 0, 0, 0, 0, 1, 0, 0, 0, 0, 0, 2, 4, 3, 2, 3, 6, 4, 6, 12, 14, 16, 16, 11, 8, 13, 15, 12, 19, 28, 31, 23, 26, 17, 35, 47, 46, 50, 40, 32, 22, 23, 19, 14, 14, 9, 21, 22, 25, 24, 26, 30, 21, 41, 34, 31, 32, 19, 27, 20, 15, 17, 21, 32, 28, 18, 19, 21, 14, 10, 5, 4, 6, 2, 1, 2]
YTOT: [0, 0, 0, 0, 0, 0, 0, 0, 0, 0, 0, 0, 0, 0, 0, 0, 0, 0, 0, 0, 0, 0, 0, 0, 0, 0, 0, 0, 0, 0, 0, 0, 0, 0, 0, 0, 0, 0, 0, 0, 0, 1, 1, 1, 1, 1, 1, 3, 7, 10, 12, 15, 21, 25, 31, 43, 57, 73, 89, 100, 108, 121, 136, 148, 167, 195, 226, 249, 275, 292, 327, 374, 420, 470, 510, 542, 564, 587, 606, 620, 634, 643, 664, 686, 711, 735, 761, 791, 812, 853, 887, 918, 950, 969, 996, 1016, 1031, 1048, 1069, 1101, 1129, 1147, 1166, 1187, 1201, 1211, 1216, 1220, 1226, 1228, 1229, 1231]

INFO: Total Population: 765935
INFO: R0: 2
INFO: Incubation Period: 5
INFO: Illness Period: 7
X:[0, 1, 2, 3, 4, 5, 6, 7, 8, 9, 10, 11, 12, 13, 14, 15, 16, 17, 18, 19, 20, 21, 22, 23, 24, 25, 26, 27, 28, 29, 30, 31, 32, 33, 34, 35, 36, 37, 38, 39, 40, 41, 42, 43, 44, 45, 46, 47, 48, 49, 50, 51, 52, 53, 54, 55, 56, 57, 58, 59, 60, 61, 62, 63, 64, 65, 66, 67, 68, 69, 70, 71, 72, 73, 74, 75, 76, 77, 78, 79, 80, 81, 82, 83, 84, 85, 86, 87, 88, 89, 90, 91, 92, 93, 94, 95, 96, 97, 98, 99, 100, 101, 102, 103, 104, 105, 106, 107, 108, 109, 110, 111, 112, 113]
YNEW:[0, 0, 0, 0, 0, 0, 0, 0, 0, 0, 0, 0, 0, 0, 0, 0, 0, 0, 0, 0, 0, 0, 0, 0, 0, 0, 0, 0, 0, 0, 0, 0, 0, 0, 0, 0, 0, 0, 0, 0, 0, 1, 0, 0, 0, 0, 0, 2, 4, 3, 2, 3, 6, 4, 6, 12, 14, 16, 16, 11, 8, 13, 15, 12, 19, 28, 31, 23, 26, 17, 35, 47, 46, 50, 40, 32, 22, 23, 19, 14, 14, 9, 21, 22, 25, 24, 26, 30, 21, 41, 34, 31, 24, 23, 19, 19, 24, 18, 27, 26, 20, 20, 27, 13, 13, 10, 7, 7, 9, 7, 3, 1, 1]
YTOT: [0, 0, 0, 0, 0, 0, 0, 0, 0, 0, 0, 0, 0, 0, 0, 0, 0, 0, 0, 0, 0, 0, 0, 0, 0, 0, 0, 0, 0, 0, 0, 0, 0, 0, 0, 0, 0, 0, 0, 0, 0, 1, 1, 1, 1, 1, 1, 3, 7, 10, 12, 15, 21, 25, 31, 43, 57, 73, 89, 100, 108, 121, 136, 148, 167, 195, 226, 249, 275, 292, 327, 374, 420, 470, 510, 542, 564, 587, 606, 620, 634, 643, 664, 686, 711, 735, 761, 791, 812, 853, 887, 918, 942, 965, 984, 1003, 1027, 1045, 1072, 1098, 1118, 1138, 1165, 1178, 1191, 1201, 1208, 1215, 1224, 1231, 1234, 1235, 1236]

INFO: Total Population: 765935
INFO: R0: 2
INFO: Incubation Period: 5
INFO: Illness Period: 7
X:[0, 1, 2, 3, 4, 5, 6, 7, 8, 9, 10, 11, 12, 13, 14, 15, 16, 17, 18, 19, 20, 21, 22, 23, 24, 25, 26, 27, 28, 29, 30, 31, 32, 33, 34, 35, 36, 37, 38, 39, 40, 41, 42, 43, 44, 45, 46, 47, 48, 49, 50, 51, 52, 53, 54, 55, 56, 57, 58, 59, 60, 61, 62, 63, 64, 65, 66, 67, 68, 69, 70, 71, 72, 73, 74, 75, 76, 77, 78, 79, 80, 81, 82, 83, 84, 85, 86, 87, 88, 89, 90, 91, 92, 93, 94, 95, 96, 97, 98, 99, 100, 101, 102, 103, 104, 105, 106, 107, 108, 109, 110, 111, 112, 113, 114]
YNEW:[0, 0, 0, 0, 0, 0, 0, 0, 0, 0, 0, 0, 0, 0, 0, 0, 0, 0, 0, 0, 0, 0, 0, 0, 0, 0, 0, 0, 0, 0, 0, 0, 0, 0, 0, 0, 0, 0, 0, 0, 0, 1, 0, 0, 0, 0, 0, 2, 4, 3, 2, 3, 6, 4, 6, 12, 14, 16, 16, 11, 8, 13, 15, 12, 19, 28, 31, 23, 26, 17, 35, 47, 46, 50, 40, 32, 22, 23, 19, 14, 14, 9, 21, 22, 25, 24, 26, 30, 21, 41, 34, 31, 24, 27, 25, 21, 23, 22, 25, 17, 20, 27, 17, 14, 10, 10, 14, 7, 8, 8, 3, 3, 1, 1]
YTOT: [0, 0, 0, 0, 0, 0, 0, 0, 0, 0, 0, 0, 0, 0, 0, 0, 0, 0, 0, 0, 0, 0, 0, 0, 0, 0, 0, 0, 0, 0, 0, 0, 0, 0, 0, 0, 0, 0, 0, 0, 0, 1, 1, 1, 1, 1, 1, 3, 7, 10, 12, 15, 21, 25, 31, 43, 57, 73, 89, 100, 108, 121, 136, 148, 167, 195, 226, 249, 275, 292, 327, 374, 420, 470, 510, 542, 564, 587, 606, 620, 634, 643, 664, 686, 711, 735, 761, 791, 812, 853, 887, 918, 942, 969, 994, 1015, 1038, 1060, 1085, 1102, 1122, 1149, 1166, 1180, 1190, 1200, 1214, 1221, 1229, 1237, 1240, 1243, 1244, 1245]

INFO: Total Population: 765935
INFO: R0: 2
INFO: Incubation Period: 5
INFO: Illness Period: 7
X:[0, 1, 2, 3, 4, 5, 6, 7, 8, 9, 10, 11, 12, 13, 14, 15, 16, 17, 18, 19, 20, 21, 22, 23, 24, 25, 26, 27, 28, 29, 30, 31, 32, 33, 34, 35, 36, 37, 38, 39, 40, 41, 42, 43, 44, 45, 46, 47, 48, 49, 50, 51, 52, 53, 54, 55, 56, 57, 58, 59, 60, 61, 62, 63, 64, 65, 66, 67, 68, 69, 70, 71, 72, 73, 74, 75, 76, 77, 78, 79, 80, 81, 82, 83, 84, 85, 86, 87, 88, 89, 90, 91, 92, 93, 94, 95, 96, 97, 98, 99, 100, 101, 102, 103, 104, 105, 106, 107, 108, 109, 110, 111, 112, 113]
YNEW:[0, 0, 0, 0, 0, 0, 0, 0, 0, 0, 0, 0, 0, 0, 0, 0, 0, 0, 0, 0, 0, 0, 0, 0, 0, 0, 0, 0, 0, 0, 0, 0, 0, 0, 0, 0, 0, 0, 0, 0, 0, 1, 0, 0, 0, 0, 0, 2, 4, 3, 2, 3, 6, 4, 6, 12, 14, 16, 16, 11, 8, 13, 15, 12, 19, 28, 31, 23, 26, 17, 35, 47, 46, 50, 40, 32, 22, 23, 19, 14, 14, 9, 21, 22, 25, 24, 26, 30, 21, 41, 34, 31, 23, 25, 31, 14, 20, 19, 19, 27, 29, 19, 19, 13, 8, 14, 12, 5, 9, 5, 2, 1, 1]
YTOT: [0, 0, 0, 0, 0, 0, 0, 0, 0, 0, 0, 0, 0, 0, 0, 0, 0, 0, 0, 0, 0, 0, 0, 0, 0, 0, 0, 0, 0, 0, 0, 0, 0, 0, 0, 0, 0, 0, 0, 0, 0, 1, 1, 1, 1, 1, 1, 3, 7, 10, 12, 15, 21, 25, 31, 43, 57, 73, 89, 100, 108, 121, 136, 148, 167, 195, 226, 249, 275, 292, 327, 374, 420, 470, 510, 542, 564, 587, 606, 620, 634, 643, 664, 686, 711, 735, 761, 791, 812, 853, 887, 918, 941, 966, 997, 1011, 1031, 1050, 1069, 1096, 1125, 1144, 1163, 1176, 1184, 1198, 1210, 1215, 1224, 1229, 1231, 1232, 1233]

INFO: Total Population: 765935
INFO: R0: 2
INFO: Incubation Period: 5
INFO: Illness Period: 7
X:[0, 1, 2, 3, 4, 5, 6, 7, 8, 9, 10, 11, 12, 13, 14, 15, 16, 17, 18, 19, 20, 21, 22, 23, 24, 25, 26, 27, 28, 29, 30, 31, 32, 33, 34, 35, 36, 37, 38, 39, 40, 41, 42, 43, 44, 45, 46, 47, 48, 49, 50, 51, 52, 53, 54, 55, 56, 57, 58, 59, 60, 61, 62, 63, 64, 65, 66, 67, 68, 69, 70, 71, 72, 73, 74, 75, 76, 77, 78, 79, 80, 81, 82, 83, 84, 85, 86, 87, 88, 89, 90, 91, 92, 93, 94, 95, 96, 97, 98, 99, 100, 101, 102, 103, 104, 105, 106, 107, 108, 109, 110, 111]
YNEW:[0, 0, 0, 0, 0, 0, 0, 0, 0, 0, 0, 0, 0, 0, 0, 0, 0, 0, 0, 0, 0, 0, 0, 0, 0, 0, 0, 0, 0, 0, 0, 0, 0, 0, 0, 0, 0, 0, 0, 0, 0, 1, 0, 0, 0, 0, 0, 2, 4, 3, 2, 3, 6, 4, 6, 12, 14, 16, 16, 11, 8, 13, 15, 12, 19, 28, 31, 23, 26, 17, 35, 47, 46, 50, 40, 32, 22, 23, 19, 14, 14, 9, 21, 22, 25, 24, 26, 30, 21, 41, 34, 31, 20, 22, 29, 17, 13, 9, 19, 22, 27, 27, 20, 15, 11, 5, 6, 9, 3, 2, 2]
YTOT: [0, 0, 0, 0, 0, 0, 0, 0, 0, 0, 0, 0, 0, 0, 0, 0, 0, 0, 0, 0, 0, 0, 0, 0, 0, 0, 0, 0, 0, 0, 0, 0, 0, 0, 0, 0, 0, 0, 0, 0, 0, 1, 1, 1, 1, 1, 1, 3, 7, 10, 12, 15, 21, 25, 31, 43, 57, 73, 89, 100, 108, 121, 136, 148, 167, 195, 226, 249, 275, 292, 327, 374, 420, 470, 510, 542, 564, 587, 606, 620, 634, 643, 664, 686, 711, 735, 761, 791, 812, 853, 887, 918, 938, 960, 989, 1006, 1019, 1028, 1047, 1069, 1096, 1123, 1143, 1158, 1169, 1174, 1180, 1189, 1192, 1194, 1196]

INFO: Total Population: 765935
INFO: R0: 2
INFO: Incubation Period: 5
INFO: Illness Period: 7
X:[0, 1, 2, 3, 4, 5, 6, 7, 8, 9, 10, 11, 12, 13, 14, 15, 16, 17, 18, 19, 20, 21, 22, 23, 24, 25, 26, 27, 28, 29, 30, 31, 32, 33, 34, 35, 36, 37, 38, 39, 40, 41, 42, 43, 44, 45, 46, 47, 48, 49, 50, 51, 52, 53, 54, 55, 56, 57, 58, 59, 60, 61, 62, 63, 64, 65, 66, 67, 68, 69, 70, 71, 72, 73, 74, 75, 76, 77, 78, 79, 80, 81, 82, 83, 84, 85, 86, 87, 88, 89, 90, 91, 92, 93, 94, 95, 96, 97, 98, 99, 100, 101, 102, 103, 104, 105, 106, 107, 108, 109, 110, 111, 112]
YNEW:[0, 0, 0, 0, 0, 0, 0, 0, 0, 0, 0, 0, 0, 0, 0, 0, 0, 0, 0, 0, 0, 0, 0, 0, 0, 0, 0, 0, 0, 0, 0, 0, 0, 0, 0, 0, 0, 0, 0, 0, 0, 1, 0, 0, 0, 0, 0, 2, 4, 3, 2, 3, 6, 4, 6, 12, 14, 16, 16, 11, 8, 13, 15, 12, 19, 28, 31, 23, 26, 17, 35, 47, 46, 50, 40, 32, 22, 23, 19, 14, 14, 9, 21, 22, 25, 24, 26, 30, 21, 41, 34, 31, 21, 19, 20, 25, 19, 16, 14, 21, 22, 29, 18, 18, 7, 13, 6, 4, 10, 2, 2, 2]
YTOT: [0, 0, 0, 0, 0, 0, 0, 0, 0, 0, 0, 0, 0, 0, 0, 0, 0, 0, 0, 0, 0, 0, 0, 0, 0, 0, 0, 0, 0, 0, 0, 0, 0, 0, 0, 0, 0, 0, 0, 0, 0, 1, 1, 1, 1, 1, 1, 3, 7, 10, 12, 15, 21, 25, 31, 43, 57, 73, 89, 100, 108, 121, 136, 148, 167, 195, 226, 249, 275, 292, 327, 374, 420, 470, 510, 542, 564, 587, 606, 620, 634, 643, 664, 686, 711, 735, 761, 791, 812, 853, 887, 918, 939, 958, 978, 1003, 1022, 1038, 1052, 1073, 1095, 1124, 1142, 1160, 1167, 1180, 1186, 1190, 1200, 1202, 1204, 1206]

INFO: Total Population: 765935
INFO: R0: 2
INFO: Incubation Period: 5
INFO: Illness Period: 7
X:[0, 1, 2, 3, 4, 5, 6, 7, 8, 9, 10, 11, 12, 13, 14, 15, 16, 17, 18, 19, 20, 21, 22, 23, 24, 25, 26, 27, 28, 29, 30, 31, 32, 33, 34, 35, 36, 37, 38, 39, 40, 41, 42, 43, 44, 45, 46, 47, 48, 49, 50, 51, 52, 53, 54, 55, 56, 57, 58, 59, 60, 61, 62, 63, 64, 65, 66, 67, 68, 69, 70, 71, 72, 73, 74, 75, 76, 77, 78, 79, 80, 81, 82, 83, 84, 85, 86, 87, 88, 89, 90, 91, 92, 93, 94, 95, 96, 97, 98, 99, 100, 101, 102, 103, 104, 105, 106, 107, 108, 109, 110, 111, 112]
YNEW:[0, 0, 0, 0, 0, 0, 0, 0, 0, 0, 0, 0, 0, 0, 0, 0, 0, 0, 0, 0, 0, 0, 0, 0, 0, 0, 0, 0, 0, 0, 0, 0, 0, 0, 0, 0, 0, 0, 0, 0, 0, 1, 0, 0, 0, 0, 0, 2, 4, 3, 2, 3, 6, 4, 6, 12, 14, 16, 16, 11, 8, 13, 15, 12, 19, 28, 31, 23, 26, 17, 35, 47, 46, 50, 40, 32, 22, 23, 19, 14, 14, 9, 21, 22, 25, 24, 26, 30, 21, 41, 34, 31, 20, 21, 21, 19, 24, 17, 27, 22, 21, 27, 12, 13, 14, 13, 7, 5, 8, 3, 2, 2]
YTOT: [0, 0, 0, 0, 0, 0, 0, 0, 0, 0, 0, 0, 0, 0, 0, 0, 0, 0, 0, 0, 0, 0, 0, 0, 0, 0, 0, 0, 0, 0, 0, 0, 0, 0, 0, 0, 0, 0, 0, 0, 0, 1, 1, 1, 1, 1, 1, 3, 7, 10, 12, 15, 21, 25, 31, 43, 57, 73, 89, 100, 108, 121, 136, 148, 167, 195, 226, 249, 275, 292, 327, 374, 420, 470, 510, 542, 564, 587, 606, 620, 634, 643, 664, 686, 711, 735, 761, 791, 812, 853, 887, 918, 938, 959, 980, 999, 1023, 1040, 1067, 1089, 1110, 1137, 1149, 1162, 1176, 1189, 1196, 1201, 1209, 1212, 1214, 1216]

INFO: Total Population: 765935
INFO: R0: 2
INFO: Incubation Period: 5
INFO: Illness Period: 7
X:[0, 1, 2, 3, 4, 5, 6, 7, 8, 9, 10, 11, 12, 13, 14, 15, 16, 17, 18, 19, 20, 21, 22, 23, 24, 25, 26, 27, 28, 29, 30, 31, 32, 33, 34, 35, 36, 37, 38, 39, 40, 41, 42, 43, 44, 45, 46, 47, 48, 49, 50, 51, 52, 53, 54, 55, 56, 57, 58, 59, 60, 61, 62, 63, 64, 65, 66, 67, 68, 69, 70, 71, 72, 73, 74, 75, 76, 77, 78, 79, 80, 81, 82, 83, 84, 85, 86, 87, 88, 89, 90, 91, 92, 93, 94, 95, 96, 97, 98, 99, 100, 101, 102, 103, 104, 105, 106, 107, 108, 109, 110, 111, 112]
YNEW:[0, 0, 0, 0, 0, 0, 0, 0, 0, 0, 0, 0, 0, 0, 0, 0, 0, 0, 0, 0, 0, 0, 0, 0, 0, 0, 0, 0, 0, 0, 0, 0, 0, 0, 0, 0, 0, 0, 0, 0, 0, 1, 0, 0, 0, 0, 0, 2, 4, 3, 2, 3, 6, 4, 6, 12, 14, 16, 16, 11, 8, 13, 15, 12, 19, 28, 31, 23, 26, 17, 35, 47, 46, 50, 40, 32, 22, 23, 19, 14, 14, 9, 21, 22, 25, 24, 26, 30, 21, 41, 34, 31, 30, 24, 18, 20, 26, 28, 30, 16, 27, 21, 19, 15, 15, 10, 10, 9, 7, 4, 3, 5]
YTOT: [0, 0, 0, 0, 0, 0, 0, 0, 0, 0, 0, 0, 0, 0, 0, 0, 0, 0, 0, 0, 0, 0, 0, 0, 0, 0, 0, 0, 0, 0, 0, 0, 0, 0, 0, 0, 0, 0, 0, 0, 0, 1, 1, 1, 1, 1, 1, 3, 7, 10, 12, 15, 21, 25, 31, 43, 57, 73, 89, 100, 108, 121, 136, 148, 167, 195, 226, 249, 275, 292, 327, 374, 420, 470, 510, 542, 564, 587, 606, 620, 634, 643, 664, 686, 711, 735, 761, 791, 812, 853, 887, 918, 948, 972, 990, 1010, 1036, 1064, 1094, 1110, 1137, 1158, 1177, 1192, 1207, 1217, 1227, 1236, 1243, 1247, 1250, 1255]

INFO: Total Population: 765935
INFO: R0: 2
INFO: Incubation Period: 5
INFO: Illness Period: 7
X:[0, 1, 2, 3, 4, 5, 6, 7, 8, 9, 10, 11, 12, 13, 14, 15, 16, 17, 18, 19, 20, 21, 22, 23, 24, 25, 26, 27, 28, 29, 30, 31, 32, 33, 34, 35, 36, 37, 38, 39, 40, 41, 42, 43, 44, 45, 46, 47, 48, 49, 50, 51, 52, 53, 54, 55, 56, 57, 58, 59, 60, 61, 62, 63, 64, 65, 66, 67, 68, 69, 70, 71, 72, 73, 74, 75, 76, 77, 78, 79, 80, 81, 82, 83, 84, 85, 86, 87, 88, 89, 90, 91, 92, 93, 94, 95, 96, 97, 98, 99, 100, 101, 102, 103, 104, 105, 106, 107, 108, 109, 110, 111, 112, 113, 114]
YNEW:[0, 0, 0, 0, 0, 0, 0, 0, 0, 0, 0, 0, 0, 0, 0, 0, 0, 0, 0, 0, 0, 0, 0, 0, 0, 0, 0, 0, 0, 0, 0, 0, 0, 0, 0, 0, 0, 0, 0, 0, 0, 1, 0, 0, 0, 0, 0, 2, 4, 3, 2, 3, 6, 4, 6, 12, 14, 16, 16, 11, 8, 13, 15, 12, 19, 28, 31, 23, 26, 17, 35, 47, 46, 50, 40, 32, 22, 23, 19, 14, 14, 9, 21, 22, 25, 24, 26, 30, 21, 41, 34, 31, 27, 19, 24, 20, 29, 22, 24, 19, 21, 22, 24, 21, 11, 4, 8, 7, 12, 3, 3, 2, 1, 2]
YTOT: [0, 0, 0, 0, 0, 0, 0, 0, 0, 0, 0, 0, 0, 0, 0, 0, 0, 0, 0, 0, 0, 0, 0, 0, 0, 0, 0, 0, 0, 0, 0, 0, 0, 0, 0, 0, 0, 0, 0, 0, 0, 1, 1, 1, 1, 1, 1, 3, 7, 10, 12, 15, 21, 25, 31, 43, 57, 73, 89, 100, 108, 121, 136, 148, 167, 195, 226, 249, 275, 292, 327, 374, 420, 470, 510, 542, 564, 587, 606, 620, 634, 643, 664, 686, 711, 735, 761, 791, 812, 853, 887, 918, 945, 964, 988, 1008, 1037, 1059, 1083, 1102, 1123, 1145, 1169, 1190, 1201, 1205, 1213, 1220, 1232, 1235, 1238, 1240, 1241, 1243]

INFO: Total Population: 765935
INFO: R0: 2
INFO: Incubation Period: 5
INFO: Illness Period: 7
X:[0, 1, 2, 3, 4, 5, 6, 7, 8, 9, 10, 11, 12, 13, 14, 15, 16, 17, 18, 19, 20, 21, 22, 23, 24, 25, 26, 27, 28, 29, 30, 31, 32, 33, 34, 35, 36, 37, 38, 39, 40, 41, 42, 43, 44, 45, 46, 47, 48, 49, 50, 51, 52, 53, 54, 55, 56, 57, 58, 59, 60, 61, 62, 63, 64, 65, 66, 67, 68, 69, 70, 71, 72, 73, 74, 75, 76, 77, 78, 79, 80, 81, 82, 83, 84, 85, 86, 87, 88, 89, 90, 91, 92, 93, 94, 95, 96, 97, 98, 99, 100, 101, 102, 103, 104, 105, 106, 107, 108, 109, 110, 111, 112, 113, 114]
YNEW:[0, 0, 0, 0, 0, 0, 0, 0, 0, 0, 0, 0, 0, 0, 0, 0, 0, 0, 0, 0, 0, 0, 0, 0, 0, 0, 0, 0, 0, 0, 0, 0, 0, 0, 0, 0, 0, 0, 0, 0, 0, 1, 0, 0, 0, 0, 0, 2, 4, 3, 2, 3, 6, 4, 6, 12, 14, 16, 16, 11, 8, 13, 15, 12, 19, 28, 31, 23, 26, 17, 35, 47, 46, 50, 40, 32, 22, 23, 19, 14, 14, 9, 21, 22, 25, 24, 26, 30, 21, 41, 34, 31, 19, 21, 27, 15, 22, 19, 23, 26, 19, 22, 24, 14, 12, 12, 7, 4, 6, 4, 3, 1, 1, 1]
YTOT: [0, 0, 0, 0, 0, 0, 0, 0, 0, 0, 0, 0, 0, 0, 0, 0, 0, 0, 0, 0, 0, 0, 0, 0, 0, 0, 0, 0, 0, 0, 0, 0, 0, 0, 0, 0, 0, 0, 0, 0, 0, 1, 1, 1, 1, 1, 1, 3, 7, 10, 12, 15, 21, 25, 31, 43, 57, 73, 89, 100, 108, 121, 136, 148, 167, 195, 226, 249, 275, 292, 327, 374, 420, 470, 510, 542, 564, 587, 606, 620, 634, 643, 664, 686, 711, 735, 761, 791, 812, 853, 887, 918, 937, 958, 985, 1000, 1022, 1041, 1064, 1090, 1109, 1131, 1155, 1169, 1181, 1193, 1200, 1204, 1210, 1214, 1217, 1218, 1219, 1220]

INFO: Total Population: 765935
INFO: R0: 2
INFO: Incubation Period: 5
INFO: Illness Period: 7
X:[0, 1, 2, 3, 4, 5, 6, 7, 8, 9, 10, 11, 12, 13, 14, 15, 16, 17, 18, 19, 20, 21, 22, 23, 24, 25, 26, 27, 28, 29, 30, 31, 32, 33, 34, 35, 36, 37, 38, 39, 40, 41, 42, 43, 44, 45, 46, 47, 48, 49, 50, 51, 52, 53, 54, 55, 56, 57, 58, 59, 60, 61, 62, 63, 64, 65, 66, 67, 68, 69, 70, 71, 72, 73, 74, 75, 76, 77, 78, 79, 80, 81, 82, 83, 84, 85, 86, 87, 88, 89, 90, 91, 92, 93, 94, 95, 96, 97, 98, 99, 100, 101, 102, 103, 104, 105, 106, 107, 108, 109, 110, 111, 112, 113, 114]
YNEW:[0, 0, 0, 0, 0, 0, 0, 0, 0, 0, 0, 0, 0, 0, 0, 0, 0, 0, 0, 0, 0, 0, 0, 0, 0, 0, 0, 0, 0, 0, 0, 0, 0, 0, 0, 0, 0, 0, 0, 0, 0, 1, 0, 0, 0, 0, 0, 2, 4, 3, 2, 3, 6, 4, 6, 12, 14, 16, 16, 11, 8, 13, 15, 12, 19, 28, 31, 23, 26, 17, 35, 47, 46, 50, 40, 32, 22, 23, 19, 14, 14, 9, 21, 22, 25, 24, 26, 30, 21, 41, 34, 31, 21, 27, 22, 20, 20, 16, 22, 22, 25, 18, 17, 18, 9, 5, 9, 7, 6, 4, 5, 2, 2, 1]
YTOT: [0, 0, 0, 0, 0, 0, 0, 0, 0, 0, 0, 0, 0, 0, 0, 0, 0, 0, 0, 0, 0, 0, 0, 0, 0, 0, 0, 0, 0, 0, 0, 0, 0, 0, 0, 0, 0, 0, 0, 0, 0, 1, 1, 1, 1, 1, 1, 3, 7, 10, 12, 15, 21, 25, 31, 43, 57, 73, 89, 100, 108, 121, 136, 148, 167, 195, 226, 249, 275, 292, 327, 374, 420, 470, 510, 542, 564, 587, 606, 620, 634, 643, 664, 686, 711, 735, 761, 791, 812, 853, 887, 918, 939, 966, 988, 1008, 1028, 1044, 1066, 1088, 1113, 1131, 1148, 1166, 1175, 1180, 1189, 1196, 1202, 1206, 1211, 1213, 1215, 1216]

INFO: Total Population: 765935
INFO: R0: 2
INFO: Incubation Period: 5
INFO: Illness Period: 7
X:[0, 1, 2, 3, 4, 5, 6, 7, 8, 9, 10, 11, 12, 13, 14, 15, 16, 17, 18, 19, 20, 21, 22, 23, 24, 25, 26, 27, 28, 29, 30, 31, 32, 33, 34, 35, 36, 37, 38, 39, 40, 41, 42, 43, 44, 45, 46, 47, 48, 49, 50, 51, 52, 53, 54, 55, 56, 57, 58, 59, 60, 61, 62, 63, 64, 65, 66, 67, 68, 69, 70, 71, 72, 73, 74, 75, 76, 77, 78, 79, 80, 81, 82, 83, 84, 85, 86, 87, 88, 89, 90, 91, 92, 93, 94, 95, 96, 97, 98, 99, 100, 101, 102, 103, 104, 105, 106, 107, 108, 109, 110, 111, 112, 113, 114]
YNEW:[0, 0, 0, 0, 0, 0, 0, 0, 0, 0, 0, 0, 0, 0, 0, 0, 0, 0, 0, 0, 0, 0, 0, 0, 0, 0, 0, 0, 0, 0, 0, 0, 0, 0, 0, 0, 0, 0, 0, 0, 0, 1, 0, 0, 0, 0, 0, 2, 4, 3, 2, 3, 6, 4, 6, 12, 14, 16, 16, 11, 8, 13, 15, 12, 19, 28, 31, 23, 26, 17, 35, 47, 46, 50, 40, 32, 22, 23, 19, 14, 14, 9, 21, 22, 25, 24, 26, 30, 21, 41, 34, 31, 28, 17, 17, 18, 22, 17, 17, 33, 22, 15, 23, 9, 6, 12, 8, 7, 1, 2, 1, 4, 4, 1]
YTOT: [0, 0, 0, 0, 0, 0, 0, 0, 0, 0, 0, 0, 0, 0, 0, 0, 0, 0, 0, 0, 0, 0, 0, 0, 0, 0, 0, 0, 0, 0, 0, 0, 0, 0, 0, 0, 0, 0, 0, 0, 0, 1, 1, 1, 1, 1, 1, 3, 7, 10, 12, 15, 21, 25, 31, 43, 57, 73, 89, 100, 108, 121, 136, 148, 167, 195, 226, 249, 275, 292, 327, 374, 420, 470, 510, 542, 564, 587, 606, 620, 634, 643, 664, 686, 711, 735, 761, 791, 812, 853, 887, 918, 946, 963, 980, 998, 1020, 1037, 1054, 1087, 1109, 1124, 1147, 1156, 1162, 1174, 1182, 1189, 1190, 1192, 1193, 1197, 1201, 1202]

INFO: Total Population: 765935
INFO: R0: 2
INFO: Incubation Period: 5
INFO: Illness Period: 7
X:[0, 1, 2, 3, 4, 5, 6, 7, 8, 9, 10, 11, 12, 13, 14, 15, 16, 17, 18, 19, 20, 21, 22, 23, 24, 25, 26, 27, 28, 29, 30, 31, 32, 33, 34, 35, 36, 37, 38, 39, 40, 41, 42, 43, 44, 45, 46, 47, 48, 49, 50, 51, 52, 53, 54, 55, 56, 57, 58, 59, 60, 61, 62, 63, 64, 65, 66, 67, 68, 69, 70, 71, 72, 73, 74, 75, 76, 77, 78, 79, 80, 81, 82, 83, 84, 85, 86, 87, 88, 89, 90, 91, 92, 93, 94, 95, 96, 97, 98, 99, 100, 101, 102, 103, 104, 105, 106, 107, 108, 109, 110, 111, 112, 113]
YNEW:[0, 0, 0, 0, 0, 0, 0, 0, 0, 0, 0, 0, 0, 0, 0, 0, 0, 0, 0, 0, 0, 0, 0, 0, 0, 0, 0, 0, 0, 0, 0, 0, 0, 0, 0, 0, 0, 0, 0, 0, 0, 1, 0, 0, 0, 0, 0, 2, 4, 3, 2, 3, 6, 4, 6, 12, 14, 16, 16, 11, 8, 13, 15, 12, 19, 28, 31, 23, 26, 17, 35, 47, 46, 50, 40, 32, 22, 23, 19, 14, 14, 9, 21, 22, 25, 24, 26, 30, 21, 41, 34, 31, 30, 30, 18, 20, 20, 25, 16, 25, 20, 24, 21, 28, 9, 12, 9, 5, 4, 5, 5, 1, 1]
YTOT: [0, 0, 0, 0, 0, 0, 0, 0, 0, 0, 0, 0, 0, 0, 0, 0, 0, 0, 0, 0, 0, 0, 0, 0, 0, 0, 0, 0, 0, 0, 0, 0, 0, 0, 0, 0, 0, 0, 0, 0, 0, 1, 1, 1, 1, 1, 1, 3, 7, 10, 12, 15, 21, 25, 31, 43, 57, 73, 89, 100, 108, 121, 136, 148, 167, 195, 226, 249, 275, 292, 327, 374, 420, 470, 510, 542, 564, 587, 606, 620, 634, 643, 664, 686, 711, 735, 761, 791, 812, 853, 887, 918, 948, 978, 996, 1016, 1036, 1061, 1077, 1102, 1122, 1146, 1167, 1195, 1204, 1216, 1225, 1230, 1234, 1239, 1244, 1245, 1246]

INFO: Total Population: 765935
INFO: R0: 2
INFO: Incubation Period: 5
INFO: Illness Period: 7
X:[0, 1, 2, 3, 4, 5, 6, 7, 8, 9, 10, 11, 12, 13, 14, 15, 16, 17, 18, 19, 20, 21, 22, 23, 24, 25, 26, 27, 28, 29, 30, 31, 32, 33, 34, 35, 36, 37, 38, 39, 40, 41, 42, 43, 44, 45, 46, 47, 48, 49, 50, 51, 52, 53, 54, 55, 56, 57, 58, 59, 60, 61, 62, 63, 64, 65, 66, 67, 68, 69, 70, 71, 72, 73, 74, 75, 76, 77, 78, 79, 80, 81, 82, 83, 84, 85, 86, 87, 88, 89, 90, 91, 92, 93, 94, 95, 96, 97, 98, 99, 100, 101, 102, 103, 104, 105, 106, 107, 108, 109, 110, 111, 112, 113]
YNEW:[0, 0, 0, 0, 0, 0, 0, 0, 0, 0, 0, 0, 0, 0, 0, 0, 0, 0, 0, 0, 0, 0, 0, 0, 0, 0, 0, 0, 0, 0, 0, 0, 0, 0, 0, 0, 0, 0, 0, 0, 0, 1, 0, 0, 0, 0, 0, 2, 4, 3, 2, 3, 6, 4, 6, 12, 14, 16, 16, 11, 8, 13, 15, 12, 19, 28, 31, 23, 26, 17, 35, 47, 46, 50, 40, 32, 22, 23, 19, 14, 14, 9, 21, 22, 25, 24, 26, 30, 21, 41, 34, 31, 27, 15, 29, 19, 17, 20, 12, 24, 24, 24, 16, 18, 12, 14, 11, 9, 5, 5, 4, 2, 4]
YTOT: [0, 0, 0, 0, 0, 0, 0, 0, 0, 0, 0, 0, 0, 0, 0, 0, 0, 0, 0, 0, 0, 0, 0, 0, 0, 0, 0, 0, 0, 0, 0, 0, 0, 0, 0, 0, 0, 0, 0, 0, 0, 1, 1, 1, 1, 1, 1, 3, 7, 10, 12, 15, 21, 25, 31, 43, 57, 73, 89, 100, 108, 121, 136, 148, 167, 195, 226, 249, 275, 292, 327, 374, 420, 470, 510, 542, 564, 587, 606, 620, 634, 643, 664, 686, 711, 735, 761, 791, 812, 853, 887, 918, 945, 960, 989, 1008, 1025, 1045, 1057, 1081, 1105, 1129, 1145, 1163, 1175, 1189, 1200, 1209, 1214, 1219, 1223, 1225, 1229]

INFO: Total Population: 765935
INFO: R0: 2
INFO: Incubation Period: 5
INFO: Illness Period: 7
X:[0, 1, 2, 3, 4, 5, 6, 7, 8, 9, 10, 11, 12, 13, 14, 15, 16, 17, 18, 19, 20, 21, 22, 23, 24, 25, 26, 27, 28, 29, 30, 31, 32, 33, 34, 35, 36, 37, 38, 39, 40, 41, 42, 43, 44, 45, 46, 47, 48, 49, 50, 51, 52, 53, 54, 55, 56, 57, 58, 59, 60, 61, 62, 63, 64, 65, 66, 67, 68, 69, 70, 71, 72, 73, 74, 75, 76, 77, 78, 79, 80, 81, 82, 83, 84, 85, 86, 87, 88, 89, 90, 91, 92, 93, 94, 95, 96, 97, 98, 99, 100, 101, 102, 103, 104, 105, 106, 107, 108, 109, 110, 111, 112, 113, 114]
YNEW:[0, 0, 0, 0, 0, 0, 0, 0, 0, 0, 0, 0, 0, 0, 0, 0, 0, 0, 0, 0, 0, 0, 0, 0, 0, 0, 0, 0, 0, 0, 0, 0, 0, 0, 0, 0, 0, 0, 0, 0, 0, 1, 0, 0, 0, 0, 0, 2, 4, 3, 2, 3, 6, 4, 6, 12, 14, 16, 16, 11, 8, 13, 15, 12, 19, 28, 31, 23, 26, 17, 35, 47, 46, 50, 40, 32, 22, 23, 19, 14, 14, 9, 21, 22, 25, 24, 26, 30, 21, 41, 34, 31, 32, 21, 21, 17, 20, 26, 20, 29, 15, 24, 22, 20, 12, 12, 10, 4, 7, 2, 3, 3, 1, 3]
YTOT: [0, 0, 0, 0, 0, 0, 0, 0, 0, 0, 0, 0, 0, 0, 0, 0, 0, 0, 0, 0, 0, 0, 0, 0, 0, 0, 0, 0, 0, 0, 0, 0, 0, 0, 0, 0, 0, 0, 0, 0, 0, 1, 1, 1, 1, 1, 1, 3, 7, 10, 12, 15, 21, 25, 31, 43, 57, 73, 89, 100, 108, 121, 136, 148, 167, 195, 226, 249, 275, 292, 327, 374, 420, 470, 510, 542, 564, 587, 606, 620, 634, 643, 664, 686, 711, 735, 761, 791, 812, 853, 887, 918, 950, 971, 992, 1009, 1029, 1055, 1075, 1104, 1119, 1143, 1165, 1185, 1197, 1209, 1219, 1223, 1230, 1232, 1235, 1238, 1239, 1242]

INFO: Total Population: 765935
INFO: R0: 2
INFO: Incubation Period: 5
INFO: Illness Period: 7
X:[0, 1, 2, 3, 4, 5, 6, 7, 8, 9, 10, 11, 12, 13, 14, 15, 16, 17, 18, 19, 20, 21, 22, 23, 24, 25, 26, 27, 28, 29, 30, 31, 32, 33, 34, 35, 36, 37, 38, 39, 40, 41, 42, 43, 44, 45, 46, 47, 48, 49, 50, 51, 52, 53, 54, 55, 56, 57, 58, 59, 60, 61, 62, 63, 64, 65, 66, 67, 68, 69, 70, 71, 72, 73, 74, 75, 76, 77, 78, 79, 80, 81, 82, 83, 84, 85, 86, 87, 88, 89, 90, 91, 92, 93, 94, 95, 96, 97, 98, 99, 100, 101, 102, 103, 104, 105, 106, 107, 108, 109, 110, 111, 112, 113]
YNEW:[0, 0, 0, 0, 0, 0, 0, 0, 0, 0, 0, 0, 0, 0, 0, 0, 0, 0, 0, 0, 0, 0, 0, 0, 0, 0, 0, 0, 0, 0, 0, 0, 0, 0, 0, 0, 0, 0, 0, 0, 0, 1, 0, 0, 0, 0, 0, 2, 4, 3, 2, 3, 6, 4, 6, 12, 14, 16, 16, 11, 8, 13, 15, 12, 19, 28, 31, 23, 26, 17, 35, 47, 46, 50, 40, 32, 22, 23, 19, 14, 14, 9, 21, 22, 25, 24, 26, 30, 21, 41, 34, 31, 31, 33, 12, 24, 17, 22, 19, 26, 25, 27, 24, 14, 10, 12, 12, 7, 6, 7, 2, 1, 1]
YTOT: [0, 0, 0, 0, 0, 0, 0, 0, 0, 0, 0, 0, 0, 0, 0, 0, 0, 0, 0, 0, 0, 0, 0, 0, 0, 0, 0, 0, 0, 0, 0, 0, 0, 0, 0, 0, 0, 0, 0, 0, 0, 1, 1, 1, 1, 1, 1, 3, 7, 10, 12, 15, 21, 25, 31, 43, 57, 73, 89, 100, 108, 121, 136, 148, 167, 195, 226, 249, 275, 292, 327, 374, 420, 470, 510, 542, 564, 587, 606, 620, 634, 643, 664, 686, 711, 735, 761, 791, 812, 853, 887, 918, 949, 982, 994, 1018, 1035, 1057, 1076, 1102, 1127, 1154, 1178, 1192, 1202, 1214, 1226, 1233, 1239, 1246, 1248, 1249, 1250]

INFO: Total Population: 765935
INFO: R0: 2
INFO: Incubation Period: 5
INFO: Illness Period: 7
X:[0, 1, 2, 3, 4, 5, 6, 7, 8, 9, 10, 11, 12, 13, 14, 15, 16, 17, 18, 19, 20, 21, 22, 23, 24, 25, 26, 27, 28, 29, 30, 31, 32, 33, 34, 35, 36, 37, 38, 39, 40, 41, 42, 43, 44, 45, 46, 47, 48, 49, 50, 51, 52, 53, 54, 55, 56, 57, 58, 59, 60, 61, 62, 63, 64, 65, 66, 67, 68, 69, 70, 71, 72, 73, 74, 75, 76, 77, 78, 79, 80, 81, 82, 83, 84, 85, 86, 87, 88, 89, 90, 91, 92, 93, 94, 95, 96, 97, 98, 99, 100, 101, 102, 103, 104, 105, 106, 107, 108, 109, 110, 111, 112, 113]
YNEW:[0, 0, 0, 0, 0, 0, 0, 0, 0, 0, 0, 0, 0, 0, 0, 0, 0, 0, 0, 0, 0, 0, 0, 0, 0, 0, 0, 0, 0, 0, 0, 0, 0, 0, 0, 0, 0, 0, 0, 0, 0, 1, 0, 0, 0, 0, 0, 2, 4, 3, 2, 3, 6, 4, 6, 12, 14, 16, 16, 11, 8, 13, 15, 12, 19, 28, 31, 23, 26, 17, 35, 47, 46, 50, 40, 32, 22, 23, 19, 14, 14, 9, 21, 22, 25, 24, 26, 30, 21, 41, 34, 31, 21, 20, 30, 19, 16, 19, 30, 20, 27, 24, 22, 7, 16, 8, 6, 11, 3, 6, 3, 1, 1]
YTOT: [0, 0, 0, 0, 0, 0, 0, 0, 0, 0, 0, 0, 0, 0, 0, 0, 0, 0, 0, 0, 0, 0, 0, 0, 0, 0, 0, 0, 0, 0, 0, 0, 0, 0, 0, 0, 0, 0, 0, 0, 0, 1, 1, 1, 1, 1, 1, 3, 7, 10, 12, 15, 21, 25, 31, 43, 57, 73, 89, 100, 108, 121, 136, 148, 167, 195, 226, 249, 275, 292, 327, 374, 420, 470, 510, 542, 564, 587, 606, 620, 634, 643, 664, 686, 711, 735, 761, 791, 812, 853, 887, 918, 939, 959, 989, 1008, 1024, 1043, 1073, 1093, 1120, 1144, 1166, 1173, 1189, 1197, 1203, 1214, 1217, 1223, 1226, 1227, 1228]

INFO: Total Population: 765935
INFO: R0: 2
INFO: Incubation Period: 5
INFO: Illness Period: 7
X:[0, 1, 2, 3, 4, 5, 6, 7, 8, 9, 10, 11, 12, 13, 14, 15, 16, 17, 18, 19, 20, 21, 22, 23, 24, 25, 26, 27, 28, 29, 30, 31, 32, 33, 34, 35, 36, 37, 38, 39, 40, 41, 42, 43, 44, 45, 46, 47, 48, 49, 50, 51, 52, 53, 54, 55, 56, 57, 58, 59, 60, 61, 62, 63, 64, 65, 66, 67, 68, 69, 70, 71, 72, 73, 74, 75, 76, 77, 78, 79, 80, 81, 82, 83, 84, 85, 86, 87, 88, 89, 90, 91, 92, 93, 94, 95, 96, 97, 98, 99, 100, 101, 102, 103, 104, 105, 106, 107, 108, 109, 110, 111, 112, 113]
YNEW:[0, 0, 0, 0, 0, 0, 0, 0, 0, 0, 0, 0, 0, 0, 0, 0, 0, 0, 0, 0, 0, 0, 0, 0, 0, 0, 0, 0, 0, 0, 0, 0, 0, 0, 0, 0, 0, 0, 0, 0, 0, 1, 0, 0, 0, 0, 0, 2, 4, 3, 2, 3, 6, 4, 6, 12, 14, 16, 16, 11, 8, 13, 15, 12, 19, 28, 31, 23, 26, 17, 35, 47, 46, 50, 40, 32, 22, 23, 19, 14, 14, 9, 21, 22, 25, 24, 26, 30, 21, 41, 34, 31, 29, 26, 21, 17, 24, 13, 23, 23, 18, 27, 23, 11, 14, 12, 11, 6, 7, 3, 1, 5, 1]
YTOT: [0, 0, 0, 0, 0, 0, 0, 0, 0, 0, 0, 0, 0, 0, 0, 0, 0, 0, 0, 0, 0, 0, 0, 0, 0, 0, 0, 0, 0, 0, 0, 0, 0, 0, 0, 0, 0, 0, 0, 0, 0, 1, 1, 1, 1, 1, 1, 3, 7, 10, 12, 15, 21, 25, 31, 43, 57, 73, 89, 100, 108, 121, 136, 148, 167, 195, 226, 249, 275, 292, 327, 374, 420, 470, 510, 542, 564, 587, 606, 620, 634, 643, 664, 686, 711, 735, 761, 791, 812, 853, 887, 918, 947, 973, 994, 1011, 1035, 1048, 1071, 1094, 1112, 1139, 1162, 1173, 1187, 1199, 1210, 1216, 1223, 1226, 1227, 1232, 1233]

INFO: Total Population: 765935
INFO: R0: 2
INFO: Incubation Period: 5
INFO: Illness Period: 7
X:[0, 1, 2, 3, 4, 5, 6, 7, 8, 9, 10, 11, 12, 13, 14, 15, 16, 17, 18, 19, 20, 21, 22, 23, 24, 25, 26, 27, 28, 29, 30, 31, 32, 33, 34, 35, 36, 37, 38, 39, 40, 41, 42, 43, 44, 45, 46, 47, 48, 49, 50, 51, 52, 53, 54, 55, 56, 57, 58, 59, 60, 61, 62, 63, 64, 65, 66, 67, 68, 69, 70, 71, 72, 73, 74, 75, 76, 77, 78, 79, 80, 81, 82, 83, 84, 85, 86, 87, 88, 89, 90, 91, 92, 93, 94, 95, 96, 97, 98, 99, 100, 101, 102, 103, 104, 105, 106, 107, 108, 109, 110, 111, 112]
YNEW:[0, 0, 0, 0, 0, 0, 0, 0, 0, 0, 0, 0, 0, 0, 0, 0, 0, 0, 0, 0, 0, 0, 0, 0, 0, 0, 0, 0, 0, 0, 0, 0, 0, 0, 0, 0, 0, 0, 0, 0, 0, 1, 0, 0, 0, 0, 0, 2, 4, 3, 2, 3, 6, 4, 6, 12, 14, 16, 16, 11, 8, 13, 15, 12, 19, 28, 31, 23, 26, 17, 35, 47, 46, 50, 40, 32, 22, 23, 19, 14, 14, 9, 21, 22, 25, 24, 26, 30, 21, 41, 34, 31, 22, 22, 29, 19, 17, 19, 16, 17, 27, 19, 18, 19, 9, 20, 8, 2, 8, 7, 1, 1]
YTOT: [0, 0, 0, 0, 0, 0, 0, 0, 0, 0, 0, 0, 0, 0, 0, 0, 0, 0, 0, 0, 0, 0, 0, 0, 0, 0, 0, 0, 0, 0, 0, 0, 0, 0, 0, 0, 0, 0, 0, 0, 0, 1, 1, 1, 1, 1, 1, 3, 7, 10, 12, 15, 21, 25, 31, 43, 57, 73, 89, 100, 108, 121, 136, 148, 167, 195, 226, 249, 275, 292, 327, 374, 420, 470, 510, 542, 564, 587, 606, 620, 634, 643, 664, 686, 711, 735, 761, 791, 812, 853, 887, 918, 940, 962, 991, 1010, 1027, 1046, 1062, 1079, 1106, 1125, 1143, 1162, 1171, 1191, 1199, 1201, 1209, 1216, 1217, 1218]

INFO: Total Population: 765935
INFO: R0: 2
INFO: Incubation Period: 5
INFO: Illness Period: 7
X:[0, 1, 2, 3, 4, 5, 6, 7, 8, 9, 10, 11, 12, 13, 14, 15, 16, 17, 18, 19, 20, 21, 22, 23, 24, 25, 26, 27, 28, 29, 30, 31, 32, 33, 34, 35, 36, 37, 38, 39, 40, 41, 42, 43, 44, 45, 46, 47, 48, 49, 50, 51, 52, 53, 54, 55, 56, 57, 58, 59, 60, 61, 62, 63, 64, 65, 66, 67, 68, 69, 70, 71, 72, 73, 74, 75, 76, 77, 78, 79, 80, 81, 82, 83, 84, 85, 86, 87, 88, 89, 90, 91, 92, 93, 94, 95, 96, 97, 98, 99, 100, 101, 102, 103, 104, 105, 106, 107, 108, 109, 110, 111]
YNEW:[0, 0, 0, 0, 0, 0, 0, 0, 0, 0, 0, 0, 0, 0, 0, 0, 0, 0, 0, 0, 0, 0, 0, 0, 0, 0, 0, 0, 0, 0, 0, 0, 0, 0, 0, 0, 0, 0, 0, 0, 0, 1, 0, 0, 0, 0, 0, 2, 4, 3, 2, 3, 6, 4, 6, 12, 14, 16, 16, 11, 8, 13, 15, 12, 19, 28, 31, 23, 26, 17, 35, 47, 46, 50, 40, 32, 22, 23, 19, 14, 14, 9, 21, 22, 25, 24, 26, 30, 21, 41, 34, 31, 20, 20, 39, 13, 18, 17, 26, 18, 30, 20, 22, 23, 9, 9, 10, 8, 4, 2, 4]
YTOT: [0, 0, 0, 0, 0, 0, 0, 0, 0, 0, 0, 0, 0, 0, 0, 0, 0, 0, 0, 0, 0, 0, 0, 0, 0, 0, 0, 0, 0, 0, 0, 0, 0, 0, 0, 0, 0, 0, 0, 0, 0, 1, 1, 1, 1, 1, 1, 3, 7, 10, 12, 15, 21, 25, 31, 43, 57, 73, 89, 100, 108, 121, 136, 148, 167, 195, 226, 249, 275, 292, 327, 374, 420, 470, 510, 542, 564, 587, 606, 620, 634, 643, 664, 686, 711, 735, 761, 791, 812, 853, 887, 918, 938, 958, 997, 1010, 1028, 1045, 1071, 1089, 1119, 1139, 1161, 1184, 1193, 1202, 1212, 1220, 1224, 1226, 1230]

END