

INFO: Total Population: 2212900
INFO: R0: 2
INFO: Incubation Period: 5
INFO: Illness Period: 7
X:[0, 1, 2, 3, 4, 5, 6, 7, 8, 9, 10, 11, 12, 13, 14, 15, 16, 17, 18, 19, 20, 21, 22, 23, 24, 25, 26, 27, 28, 29, 30, 31, 32, 33, 34, 35, 36, 37, 38, 39, 40, 41, 42, 43, 44, 45, 46, 47, 48, 49, 50, 51, 52, 53, 54, 55, 56, 57, 58, 59, 60, 61, 62, 63, 64, 65, 66, 67, 68, 69, 70, 71, 72, 73, 74, 75, 76, 77, 78, 79, 80, 81, 82, 83, 84, 85, 86, 87, 88, 89, 90, 91, 92, 93, 94, 95, 96, 97, 98, 99, 100, 101, 102, 103, 104, 105, 106, 107, 108, 109, 110, 111, 112, 113, 114, 115, 116, 117, 118, 119, 120, 121, 122, 123, 124, 125]
YNEW:[0, 0, 0, 0, 0, 0, 0, 0, 0, 0, 0, 0, 0, 0, 0, 0, 0, 0, 0, 0, 0, 0, 0, 0, 0, 0, 0, 0, 0, 0, 0, 0, 0, 0, 0, 0, 0, 0, 0, 0, 0, 0, 0, 0, 1, 0, 0, 0, 1, 1, 1, 0, 0, 1, 2, 3, 3, 3, 4, 4, 4, 5, 8, 10, 13, 15, 18, 16, 16, 22, 25, 28, 32, 36, 34, 35, 43, 49, 48, 49, 45, 44, 45, 48, 66, 77, 68, 91, 73, 62, 70, 85, 89, 92, 89, 66, 61, 67, 70, 78, 88, 79, 59, 77, 57, 63, 59, 42, 36, 59, 62, 74, 61, 69, 56, 46, 39, 30, 21, 27, 11, 3, 6, 5, 2]
YTOT: [0, 0, 0, 0, 0, 0, 0, 0, 0, 0, 0, 0, 0, 0, 0, 0, 0, 0, 0, 0, 0, 0, 0, 0, 0, 0, 0, 0, 0, 0, 0, 0, 0, 0, 0, 0, 0, 0, 0, 0, 0, 0, 0, 0, 1, 1, 1, 1, 2, 3, 4, 4, 4, 5, 7, 10, 13, 16, 20, 24, 28, 33, 41, 51, 64, 79, 97, 113, 129, 151, 176, 204, 236, 272, 306, 341, 384, 433, 481, 530, 575, 619, 664, 712, 778, 855, 923, 1014, 1087, 1149, 1219, 1304, 1393, 1485, 1574, 1640, 1701, 1768, 1838, 1916, 2004, 2083, 2142, 2219, 2276, 2339, 2398, 2440, 2476, 2535, 2597, 2671, 2732, 2801, 2857, 2903, 2942, 2972, 2993, 3020, 3031, 3034, 3040, 3045, 3047]

INFO: Total Population: 2212900
INFO: R0: 2
INFO: Incubation Period: 5
INFO: Illness Period: 7
X:[0, 1, 2, 3, 4, 5, 6, 7, 8, 9, 10, 11, 12, 13, 14, 15, 16, 17, 18, 19, 20, 21, 22, 23, 24, 25, 26, 27, 28, 29, 30, 31, 32, 33, 34, 35, 36, 37, 38, 39, 40, 41, 42, 43, 44, 45, 46, 47, 48, 49, 50, 51, 52, 53, 54, 55, 56, 57, 58, 59, 60, 61, 62, 63, 64, 65, 66, 67, 68, 69, 70, 71, 72, 73, 74, 75, 76, 77, 78, 79, 80, 81, 82, 83, 84, 85, 86, 87, 88, 89, 90, 91, 92, 93, 94, 95, 96, 97, 98, 99, 100, 101, 102, 103, 104, 105, 106, 107, 108, 109, 110, 111, 112, 113, 114, 115, 116, 117, 118, 119, 120, 121, 122, 123, 124, 125]
YNEW:[0, 0, 0, 0, 0, 0, 0, 0, 0, 0, 0, 0, 0, 0, 0, 0, 0, 0, 0, 0, 0, 0, 0, 0, 0, 0, 0, 0, 0, 0, 0, 0, 0, 0, 0, 0, 0, 0, 0, 0, 0, 0, 0, 0, 1, 0, 0, 0, 1, 1, 1, 0, 0, 1, 2, 3, 3, 3, 4, 4, 4, 5, 8, 10, 13, 15, 18, 16, 16, 22, 25, 28, 32, 36, 34, 35, 43, 49, 48, 49, 45, 44, 45, 48, 66, 77, 68, 91, 73, 62, 70, 85, 89, 92, 89, 66, 61, 67, 70, 78, 88, 79, 59, 64, 74, 60, 44, 55, 40, 61, 63, 81, 81, 73, 54, 43, 44, 22, 24, 8, 18, 8, 6, 4, 3]
YTOT: [0, 0, 0, 0, 0, 0, 0, 0, 0, 0, 0, 0, 0, 0, 0, 0, 0, 0, 0, 0, 0, 0, 0, 0, 0, 0, 0, 0, 0, 0, 0, 0, 0, 0, 0, 0, 0, 0, 0, 0, 0, 0, 0, 0, 1, 1, 1, 1, 2, 3, 4, 4, 4, 5, 7, 10, 13, 16, 20, 24, 28, 33, 41, 51, 64, 79, 97, 113, 129, 151, 176, 204, 236, 272, 306, 341, 384, 433, 481, 530, 575, 619, 664, 712, 778, 855, 923, 1014, 1087, 1149, 1219, 1304, 1393, 1485, 1574, 1640, 1701, 1768, 1838, 1916, 2004, 2083, 2142, 2206, 2280, 2340, 2384, 2439, 2479, 2540, 2603, 2684, 2765, 2838, 2892, 2935, 2979, 3001, 3025, 3033, 3051, 3059, 3065, 3069, 3072]

INFO: Total Population: 2212900
INFO: R0: 2
INFO: Incubation Period: 5
INFO: Illness Period: 7
X:[0, 1, 2, 3, 4, 5, 6, 7, 8, 9, 10, 11, 12, 13, 14, 15, 16, 17, 18, 19, 20, 21, 22, 23, 24, 25, 26, 27, 28, 29, 30, 31, 32, 33, 34, 35, 36, 37, 38, 39, 40, 41, 42, 43, 44, 45, 46, 47, 48, 49, 50, 51, 52, 53, 54, 55, 56, 57, 58, 59, 60, 61, 62, 63, 64, 65, 66, 67, 68, 69, 70, 71, 72, 73, 74, 75, 76, 77, 78, 79, 80, 81, 82, 83, 84, 85, 86, 87, 88, 89, 90, 91, 92, 93, 94, 95, 96, 97, 98, 99, 100, 101, 102, 103, 104, 105, 106, 107, 108, 109, 110, 111, 112, 113, 114, 115, 116, 117, 118, 119, 120, 121, 122, 123, 124, 125]
YNEW:[0, 0, 0, 0, 0, 0, 0, 0, 0, 0, 0, 0, 0, 0, 0, 0, 0, 0, 0, 0, 0, 0, 0, 0, 0, 0, 0, 0, 0, 0, 0, 0, 0, 0, 0, 0, 0, 0, 0, 0, 0, 0, 0, 0, 1, 0, 0, 0, 1, 1, 1, 0, 0, 1, 2, 3, 3, 3, 4, 4, 4, 5, 8, 10, 13, 15, 18, 16, 16, 22, 25, 28, 32, 36, 34, 35, 43, 49, 48, 49, 45, 44, 45, 48, 66, 77, 68, 91, 73, 62, 70, 85, 89, 92, 89, 66, 61, 67, 70, 78, 88, 79, 59, 74, 72, 61, 52, 40, 62, 61, 72, 61, 69, 66, 53, 57, 39, 30, 25, 24, 17, 11, 8, 4, 2]
YTOT: [0, 0, 0, 0, 0, 0, 0, 0, 0, 0, 0, 0, 0, 0, 0, 0, 0, 0, 0, 0, 0, 0, 0, 0, 0, 0, 0, 0, 0, 0, 0, 0, 0, 0, 0, 0, 0, 0, 0, 0, 0, 0, 0, 0, 1, 1, 1, 1, 2, 3, 4, 4, 4, 5, 7, 10, 13, 16, 20, 24, 28, 33, 41, 51, 64, 79, 97, 113, 129, 151, 176, 204, 236, 272, 306, 341, 384, 433, 481, 530, 575, 619, 664, 712, 778, 855, 923, 1014, 1087, 1149, 1219, 1304, 1393, 1485, 1574, 1640, 1701, 1768, 1838, 1916, 2004, 2083, 2142, 2216, 2288, 2349, 2401, 2441, 2503, 2564, 2636, 2697, 2766, 2832, 2885, 2942, 2981, 3011, 3036, 3060, 3077, 3088, 3096, 3100, 3102]

INFO: Total Population: 2212900
INFO: R0: 2
INFO: Incubation Period: 5
INFO: Illness Period: 7
X:[0, 1, 2, 3, 4, 5, 6, 7, 8, 9, 10, 11, 12, 13, 14, 15, 16, 17, 18, 19, 20, 21, 22, 23, 24, 25, 26, 27, 28, 29, 30, 31, 32, 33, 34, 35, 36, 37, 38, 39, 40, 41, 42, 43, 44, 45, 46, 47, 48, 49, 50, 51, 52, 53, 54, 55, 56, 57, 58, 59, 60, 61, 62, 63, 64, 65, 66, 67, 68, 69, 70, 71, 72, 73, 74, 75, 76, 77, 78, 79, 80, 81, 82, 83, 84, 85, 86, 87, 88, 89, 90, 91, 92, 93, 94, 95, 96, 97, 98, 99, 100, 101, 102, 103, 104, 105, 106, 107, 108, 109, 110, 111, 112, 113, 114, 115, 116, 117, 118, 119, 120, 121, 122, 123, 124, 125]
YNEW:[0, 0, 0, 0, 0, 0, 0, 0, 0, 0, 0, 0, 0, 0, 0, 0, 0, 0, 0, 0, 0, 0, 0, 0, 0, 0, 0, 0, 0, 0, 0, 0, 0, 0, 0, 0, 0, 0, 0, 0, 0, 0, 0, 0, 1, 0, 0, 0, 1, 1, 1, 0, 0, 1, 2, 3, 3, 3, 4, 4, 4, 5, 8, 10, 13, 15, 18, 16, 16, 22, 25, 28, 32, 36, 34, 35, 43, 49, 48, 49, 45, 44, 45, 48, 66, 77, 68, 91, 73, 62, 70, 85, 89, 92, 89, 66, 61, 67, 70, 78, 88, 79, 59, 72, 69, 51, 51, 47, 54, 69, 53, 63, 56, 50, 62, 56, 46, 25, 38, 16, 15, 10, 7, 2, 3]
YTOT: [0, 0, 0, 0, 0, 0, 0, 0, 0, 0, 0, 0, 0, 0, 0, 0, 0, 0, 0, 0, 0, 0, 0, 0, 0, 0, 0, 0, 0, 0, 0, 0, 0, 0, 0, 0, 0, 0, 0, 0, 0, 0, 0, 0, 1, 1, 1, 1, 2, 3, 4, 4, 4, 5, 7, 10, 13, 16, 20, 24, 28, 33, 41, 51, 64, 79, 97, 113, 129, 151, 176, 204, 236, 272, 306, 341, 384, 433, 481, 530, 575, 619, 664, 712, 778, 855, 923, 1014, 1087, 1149, 1219, 1304, 1393, 1485, 1574, 1640, 1701, 1768, 1838, 1916, 2004, 2083, 2142, 2214, 2283, 2334, 2385, 2432, 2486, 2555, 2608, 2671, 2727, 2777, 2839, 2895, 2941, 2966, 3004, 3020, 3035, 3045, 3052, 3054, 3057]

INFO: Total Population: 2212900
INFO: R0: 2
INFO: Incubation Period: 5
INFO: Illness Period: 7
X:[0, 1, 2, 3, 4, 5, 6, 7, 8, 9, 10, 11, 12, 13, 14, 15, 16, 17, 18, 19, 20, 21, 22, 23, 24, 25, 26, 27, 28, 29, 30, 31, 32, 33, 34, 35, 36, 37, 38, 39, 40, 41, 42, 43, 44, 45, 46, 47, 48, 49, 50, 51, 52, 53, 54, 55, 56, 57, 58, 59, 60, 61, 62, 63, 64, 65, 66, 67, 68, 69, 70, 71, 72, 73, 74, 75, 76, 77, 78, 79, 80, 81, 82, 83, 84, 85, 86, 87, 88, 89, 90, 91, 92, 93, 94, 95, 96, 97, 98, 99, 100, 101, 102, 103, 104, 105, 106, 107, 108, 109, 110, 111, 112, 113, 114, 115, 116, 117, 118, 119, 120, 121, 122, 123, 124, 125]
YNEW:[0, 0, 0, 0, 0, 0, 0, 0, 0, 0, 0, 0, 0, 0, 0, 0, 0, 0, 0, 0, 0, 0, 0, 0, 0, 0, 0, 0, 0, 0, 0, 0, 0, 0, 0, 0, 0, 0, 0, 0, 0, 0, 0, 0, 1, 0, 0, 0, 1, 1, 1, 0, 0, 1, 2, 3, 3, 3, 4, 4, 4, 5, 8, 10, 13, 15, 18, 16, 16, 22, 25, 28, 32, 36, 34, 35, 43, 49, 48, 49, 45, 44, 45, 48, 66, 77, 68, 91, 73, 62, 70, 85, 89, 92, 89, 66, 61, 67, 70, 78, 88, 79, 59, 70, 53, 67, 67, 57, 58, 56, 83, 46, 87, 85, 49, 55, 43, 39, 27, 24, 10, 21, 10, 7, 5]
YTOT: [0, 0, 0, 0, 0, 0, 0, 0, 0, 0, 0, 0, 0, 0, 0, 0, 0, 0, 0, 0, 0, 0, 0, 0, 0, 0, 0, 0, 0, 0, 0, 0, 0, 0, 0, 0, 0, 0, 0, 0, 0, 0, 0, 0, 1, 1, 1, 1, 2, 3, 4, 4, 4, 5, 7, 10, 13, 16, 20, 24, 28, 33, 41, 51, 64, 79, 97, 113, 129, 151, 176, 204, 236, 272, 306, 341, 384, 433, 481, 530, 575, 619, 664, 712, 778, 855, 923, 1014, 1087, 1149, 1219, 1304, 1393, 1485, 1574, 1640, 1701, 1768, 1838, 1916, 2004, 2083, 2142, 2212, 2265, 2332, 2399, 2456, 2514, 2570, 2653, 2699, 2786, 2871, 2920, 2975, 3018, 3057, 3084, 3108, 3118, 3139, 3149, 3156, 3161]

INFO: Total Population: 2212900
INFO: R0: 2
INFO: Incubation Period: 5
INFO: Illness Period: 7
X:[0, 1, 2, 3, 4, 5, 6, 7, 8, 9, 10, 11, 12, 13, 14, 15, 16, 17, 18, 19, 20, 21, 22, 23, 24, 25, 26, 27, 28, 29, 30, 31, 32, 33, 34, 35, 36, 37, 38, 39, 40, 41, 42, 43, 44, 45, 46, 47, 48, 49, 50, 51, 52, 53, 54, 55, 56, 57, 58, 59, 60, 61, 62, 63, 64, 65, 66, 67, 68, 69, 70, 71, 72, 73, 74, 75, 76, 77, 78, 79, 80, 81, 82, 83, 84, 85, 86, 87, 88, 89, 90, 91, 92, 93, 94, 95, 96, 97, 98, 99, 100, 101, 102, 103, 104, 105, 106, 107, 108, 109, 110, 111, 112, 113, 114, 115, 116, 117, 118, 119, 120, 121, 122, 123, 124, 125, 126]
YNEW:[0, 0, 0, 0, 0, 0, 0, 0, 0, 0, 0, 0, 0, 0, 0, 0, 0, 0, 0, 0, 0, 0, 0, 0, 0, 0, 0, 0, 0, 0, 0, 0, 0, 0, 0, 0, 0, 0, 0, 0, 0, 0, 0, 0, 1, 0, 0, 0, 1, 1, 1, 0, 0, 1, 2, 3, 3, 3, 4, 4, 4, 5, 8, 10, 13, 15, 18, 16, 16, 22, 25, 28, 32, 36, 34, 35, 43, 49, 48, 49, 45, 44, 45, 48, 66, 77, 68, 91, 73, 62, 70, 85, 89, 92, 89, 66, 61, 67, 70, 78, 88, 79, 59, 67, 80, 64, 48, 44, 39, 58, 63, 85, 76, 62, 57, 36, 34, 37, 22, 13, 14, 15, 3, 4, 3, 1]
YTOT: [0, 0, 0, 0, 0, 0, 0, 0, 0, 0, 0, 0, 0, 0, 0, 0, 0, 0, 0, 0, 0, 0, 0, 0, 0, 0, 0, 0, 0, 0, 0, 0, 0, 0, 0, 0, 0, 0, 0, 0, 0, 0, 0, 0, 1, 1, 1, 1, 2, 3, 4, 4, 4, 5, 7, 10, 13, 16, 20, 24, 28, 33, 41, 51, 64, 79, 97, 113, 129, 151, 176, 204, 236, 272, 306, 341, 384, 433, 481, 530, 575, 619, 664, 712, 778, 855, 923, 1014, 1087, 1149, 1219, 1304, 1393, 1485, 1574, 1640, 1701, 1768, 1838, 1916, 2004, 2083, 2142, 2209, 2289, 2353, 2401, 2445, 2484, 2542, 2605, 2690, 2766, 2828, 2885, 2921, 2955, 2992, 3014, 3027, 3041, 3056, 3059, 3063, 3066, 3067]

INFO: Total Population: 2212900
INFO: R0: 2
INFO: Incubation Period: 5
INFO: Illness Period: 7
X:[0, 1, 2, 3, 4, 5, 6, 7, 8, 9, 10, 11, 12, 13, 14, 15, 16, 17, 18, 19, 20, 21, 22, 23, 24, 25, 26, 27, 28, 29, 30, 31, 32, 33, 34, 35, 36, 37, 38, 39, 40, 41, 42, 43, 44, 45, 46, 47, 48, 49, 50, 51, 52, 53, 54, 55, 56, 57, 58, 59, 60, 61, 62, 63, 64, 65, 66, 67, 68, 69, 70, 71, 72, 73, 74, 75, 76, 77, 78, 79, 80, 81, 82, 83, 84, 85, 86, 87, 88, 89, 90, 91, 92, 93, 94, 95, 96, 97, 98, 99, 100, 101, 102, 103, 104, 105, 106, 107, 108, 109, 110, 111, 112, 113, 114, 115, 116, 117, 118, 119, 120, 121, 122, 123, 124]
YNEW:[0, 0, 0, 0, 0, 0, 0, 0, 0, 0, 0, 0, 0, 0, 0, 0, 0, 0, 0, 0, 0, 0, 0, 0, 0, 0, 0, 0, 0, 0, 0, 0, 0, 0, 0, 0, 0, 0, 0, 0, 0, 0, 0, 0, 1, 0, 0, 0, 1, 1, 1, 0, 0, 1, 2, 3, 3, 3, 4, 4, 4, 5, 8, 10, 13, 15, 18, 16, 16, 22, 25, 28, 32, 36, 34, 35, 43, 49, 48, 49, 45, 44, 45, 48, 66, 77, 68, 91, 73, 62, 70, 85, 89, 92, 89, 66, 61, 67, 70, 78, 88, 79, 59, 59, 69, 70, 59, 41, 48, 72, 65, 93, 69, 50, 48, 39, 43, 28, 21, 18, 22, 9, 4, 5]
YTOT: [0, 0, 0, 0, 0, 0, 0, 0, 0, 0, 0, 0, 0, 0, 0, 0, 0, 0, 0, 0, 0, 0, 0, 0, 0, 0, 0, 0, 0, 0, 0, 0, 0, 0, 0, 0, 0, 0, 0, 0, 0, 0, 0, 0, 1, 1, 1, 1, 2, 3, 4, 4, 4, 5, 7, 10, 13, 16, 20, 24, 28, 33, 41, 51, 64, 79, 97, 113, 129, 151, 176, 204, 236, 272, 306, 341, 384, 433, 481, 530, 575, 619, 664, 712, 778, 855, 923, 1014, 1087, 1149, 1219, 1304, 1393, 1485, 1574, 1640, 1701, 1768, 1838, 1916, 2004, 2083, 2142, 2201, 2270, 2340, 2399, 2440, 2488, 2560, 2625, 2718, 2787, 2837, 2885, 2924, 2967, 2995, 3016, 3034, 3056, 3065, 3069, 3074]

INFO: Total Population: 2212900
INFO: R0: 2
INFO: Incubation Period: 5
INFO: Illness Period: 7
X:[0, 1, 2, 3, 4, 5, 6, 7, 8, 9, 10, 11, 12, 13, 14, 15, 16, 17, 18, 19, 20, 21, 22, 23, 24, 25, 26, 27, 28, 29, 30, 31, 32, 33, 34, 35, 36, 37, 38, 39, 40, 41, 42, 43, 44, 45, 46, 47, 48, 49, 50, 51, 52, 53, 54, 55, 56, 57, 58, 59, 60, 61, 62, 63, 64, 65, 66, 67, 68, 69, 70, 71, 72, 73, 74, 75, 76, 77, 78, 79, 80, 81, 82, 83, 84, 85, 86, 87, 88, 89, 90, 91, 92, 93, 94, 95, 96, 97, 98, 99, 100, 101, 102, 103, 104, 105, 106, 107, 108, 109, 110, 111, 112, 113, 114, 115, 116, 117, 118, 119, 120, 121, 122, 123, 124, 125]
YNEW:[0, 0, 0, 0, 0, 0, 0, 0, 0, 0, 0, 0, 0, 0, 0, 0, 0, 0, 0, 0, 0, 0, 0, 0, 0, 0, 0, 0, 0, 0, 0, 0, 0, 0, 0, 0, 0, 0, 0, 0, 0, 0, 0, 0, 1, 0, 0, 0, 1, 1, 1, 0, 0, 1, 2, 3, 3, 3, 4, 4, 4, 5, 8, 10, 13, 15, 18, 16, 16, 22, 25, 28, 32, 36, 34, 35, 43, 49, 48, 49, 45, 44, 45, 48, 66, 77, 68, 91, 73, 62, 70, 85, 89, 92, 89, 66, 61, 67, 70, 78, 88, 79, 59, 64, 67, 56, 47, 48, 44, 64, 74, 59, 73, 73, 40, 34, 38, 36, 27, 14, 16, 7, 6, 4, 1]
YTOT: [0, 0, 0, 0, 0, 0, 0, 0, 0, 0, 0, 0, 0, 0, 0, 0, 0, 0, 0, 0, 0, 0, 0, 0, 0, 0, 0, 0, 0, 0, 0, 0, 0, 0, 0, 0, 0, 0, 0, 0, 0, 0, 0, 0, 1, 1, 1, 1, 2, 3, 4, 4, 4, 5, 7, 10, 13, 16, 20, 24, 28, 33, 41, 51, 64, 79, 97, 113, 129, 151, 176, 204, 236, 272, 306, 341, 384, 433, 481, 530, 575, 619, 664, 712, 778, 855, 923, 1014, 1087, 1149, 1219, 1304, 1393, 1485, 1574, 1640, 1701, 1768, 1838, 1916, 2004, 2083, 2142, 2206, 2273, 2329, 2376, 2424, 2468, 2532, 2606, 2665, 2738, 2811, 2851, 2885, 2923, 2959, 2986, 3000, 3016, 3023, 3029, 3033, 3034]

INFO: Total Population: 2212900
INFO: R0: 2
INFO: Incubation Period: 5
INFO: Illness Period: 7
X:[0, 1, 2, 3, 4, 5, 6, 7, 8, 9, 10, 11, 12, 13, 14, 15, 16, 17, 18, 19, 20, 21, 22, 23, 24, 25, 26, 27, 28, 29, 30, 31, 32, 33, 34, 35, 36, 37, 38, 39, 40, 41, 42, 43, 44, 45, 46, 47, 48, 49, 50, 51, 52, 53, 54, 55, 56, 57, 58, 59, 60, 61, 62, 63, 64, 65, 66, 67, 68, 69, 70, 71, 72, 73, 74, 75, 76, 77, 78, 79, 80, 81, 82, 83, 84, 85, 86, 87, 88, 89, 90, 91, 92, 93, 94, 95, 96, 97, 98, 99, 100, 101, 102, 103, 104, 105, 106, 107, 108, 109, 110, 111, 112, 113, 114, 115, 116, 117, 118, 119, 120, 121, 122, 123, 124, 125, 126]
YNEW:[0, 0, 0, 0, 0, 0, 0, 0, 0, 0, 0, 0, 0, 0, 0, 0, 0, 0, 0, 0, 0, 0, 0, 0, 0, 0, 0, 0, 0, 0, 0, 0, 0, 0, 0, 0, 0, 0, 0, 0, 0, 0, 0, 0, 1, 0, 0, 0, 1, 1, 1, 0, 0, 1, 2, 3, 3, 3, 4, 4, 4, 5, 8, 10, 13, 15, 18, 16, 16, 22, 25, 28, 32, 36, 34, 35, 43, 49, 48, 49, 45, 44, 45, 48, 66, 77, 68, 91, 73, 62, 70, 85, 89, 92, 89, 66, 61, 67, 70, 78, 88, 79, 59, 74, 63, 60, 65, 43, 58, 62, 67, 60, 68, 76, 51, 29, 35, 45, 32, 21, 9, 18, 9, 8, 3, 1]
YTOT: [0, 0, 0, 0, 0, 0, 0, 0, 0, 0, 0, 0, 0, 0, 0, 0, 0, 0, 0, 0, 0, 0, 0, 0, 0, 0, 0, 0, 0, 0, 0, 0, 0, 0, 0, 0, 0, 0, 0, 0, 0, 0, 0, 0, 1, 1, 1, 1, 2, 3, 4, 4, 4, 5, 7, 10, 13, 16, 20, 24, 28, 33, 41, 51, 64, 79, 97, 113, 129, 151, 176, 204, 236, 272, 306, 341, 384, 433, 481, 530, 575, 619, 664, 712, 778, 855, 923, 1014, 1087, 1149, 1219, 1304, 1393, 1485, 1574, 1640, 1701, 1768, 1838, 1916, 2004, 2083, 2142, 2216, 2279, 2339, 2404, 2447, 2505, 2567, 2634, 2694, 2762, 2838, 2889, 2918, 2953, 2998, 3030, 3051, 3060, 3078, 3087, 3095, 3098, 3099]

INFO: Total Population: 2212900
INFO: R0: 2
INFO: Incubation Period: 5
INFO: Illness Period: 7
X:[0, 1, 2, 3, 4, 5, 6, 7, 8, 9, 10, 11, 12, 13, 14, 15, 16, 17, 18, 19, 20, 21, 22, 23, 24, 25, 26, 27, 28, 29, 30, 31, 32, 33, 34, 35, 36, 37, 38, 39, 40, 41, 42, 43, 44, 45, 46, 47, 48, 49, 50, 51, 52, 53, 54, 55, 56, 57, 58, 59, 60, 61, 62, 63, 64, 65, 66, 67, 68, 69, 70, 71, 72, 73, 74, 75, 76, 77, 78, 79, 80, 81, 82, 83, 84, 85, 86, 87, 88, 89, 90, 91, 92, 93, 94, 95, 96, 97, 98, 99, 100, 101, 102, 103, 104, 105, 106, 107, 108, 109, 110, 111, 112, 113, 114, 115, 116, 117, 118, 119, 120, 121, 122, 123, 124, 125]
YNEW:[0, 0, 0, 0, 0, 0, 0, 0, 0, 0, 0, 0, 0, 0, 0, 0, 0, 0, 0, 0, 0, 0, 0, 0, 0, 0, 0, 0, 0, 0, 0, 0, 0, 0, 0, 0, 0, 0, 0, 0, 0, 0, 0, 0, 1, 0, 0, 0, 1, 1, 1, 0, 0, 1, 2, 3, 3, 3, 4, 4, 4, 5, 8, 10, 13, 15, 18, 16, 16, 22, 25, 28, 32, 36, 34, 35, 43, 49, 48, 49, 45, 44, 45, 48, 66, 77, 68, 91, 73, 62, 70, 85, 89, 92, 89, 66, 61, 67, 70, 78, 88, 79, 59, 79, 68, 59, 72, 42, 56, 57, 69, 84, 68, 66, 51, 58, 33, 28, 26, 24, 18, 10, 3, 6, 4]
YTOT: [0, 0, 0, 0, 0, 0, 0, 0, 0, 0, 0, 0, 0, 0, 0, 0, 0, 0, 0, 0, 0, 0, 0, 0, 0, 0, 0, 0, 0, 0, 0, 0, 0, 0, 0, 0, 0, 0, 0, 0, 0, 0, 0, 0, 1, 1, 1, 1, 2, 3, 4, 4, 4, 5, 7, 10, 13, 16, 20, 24, 28, 33, 41, 51, 64, 79, 97, 113, 129, 151, 176, 204, 236, 272, 306, 341, 384, 433, 481, 530, 575, 619, 664, 712, 778, 855, 923, 1014, 1087, 1149, 1219, 1304, 1393, 1485, 1574, 1640, 1701, 1768, 1838, 1916, 2004, 2083, 2142, 2221, 2289, 2348, 2420, 2462, 2518, 2575, 2644, 2728, 2796, 2862, 2913, 2971, 3004, 3032, 3058, 3082, 3100, 3110, 3113, 3119, 3123]

INFO: Total Population: 2212900
INFO: R0: 2
INFO: Incubation Period: 5
INFO: Illness Period: 7
X:[0, 1, 2, 3, 4, 5, 6, 7, 8, 9, 10, 11, 12, 13, 14, 15, 16, 17, 18, 19, 20, 21, 22, 23, 24, 25, 26, 27, 28, 29, 30, 31, 32, 33, 34, 35, 36, 37, 38, 39, 40, 41, 42, 43, 44, 45, 46, 47, 48, 49, 50, 51, 52, 53, 54, 55, 56, 57, 58, 59, 60, 61, 62, 63, 64, 65, 66, 67, 68, 69, 70, 71, 72, 73, 74, 75, 76, 77, 78, 79, 80, 81, 82, 83, 84, 85, 86, 87, 88, 89, 90, 91, 92, 93, 94, 95, 96, 97, 98, 99, 100, 101, 102, 103, 104, 105, 106, 107, 108, 109, 110, 111, 112, 113, 114, 115, 116, 117, 118, 119, 120, 121, 122, 123, 124, 125]
YNEW:[0, 0, 0, 0, 0, 0, 0, 0, 0, 0, 0, 0, 0, 0, 0, 0, 0, 0, 0, 0, 0, 0, 0, 0, 0, 0, 0, 0, 0, 0, 0, 0, 0, 0, 0, 0, 0, 0, 0, 0, 0, 0, 0, 0, 1, 0, 0, 0, 1, 1, 1, 0, 0, 1, 2, 3, 3, 3, 4, 4, 4, 5, 8, 10, 13, 15, 18, 16, 16, 22, 25, 28, 32, 36, 34, 35, 43, 49, 48, 49, 45, 44, 45, 48, 66, 77, 68, 91, 73, 62, 70, 85, 89, 92, 89, 66, 61, 67, 70, 78, 88, 79, 59, 67, 72, 65, 56, 41, 52, 65, 73, 66, 71, 74, 55, 48, 42, 27, 19, 20, 15, 9, 7, 1, 2]
YTOT: [0, 0, 0, 0, 0, 0, 0, 0, 0, 0, 0, 0, 0, 0, 0, 0, 0, 0, 0, 0, 0, 0, 0, 0, 0, 0, 0, 0, 0, 0, 0, 0, 0, 0, 0, 0, 0, 0, 0, 0, 0, 0, 0, 0, 1, 1, 1, 1, 2, 3, 4, 4, 4, 5, 7, 10, 13, 16, 20, 24, 28, 33, 41, 51, 64, 79, 97, 113, 129, 151, 176, 204, 236, 272, 306, 341, 384, 433, 481, 530, 575, 619, 664, 712, 778, 855, 923, 1014, 1087, 1149, 1219, 1304, 1393, 1485, 1574, 1640, 1701, 1768, 1838, 1916, 2004, 2083, 2142, 2209, 2281, 2346, 2402, 2443, 2495, 2560, 2633, 2699, 2770, 2844, 2899, 2947, 2989, 3016, 3035, 3055, 3070, 3079, 3086, 3087, 3089]

INFO: Total Population: 2212900
INFO: R0: 2
INFO: Incubation Period: 5
INFO: Illness Period: 7
X:[0, 1, 2, 3, 4, 5, 6, 7, 8, 9, 10, 11, 12, 13, 14, 15, 16, 17, 18, 19, 20, 21, 22, 23, 24, 25, 26, 27, 28, 29, 30, 31, 32, 33, 34, 35, 36, 37, 38, 39, 40, 41, 42, 43, 44, 45, 46, 47, 48, 49, 50, 51, 52, 53, 54, 55, 56, 57, 58, 59, 60, 61, 62, 63, 64, 65, 66, 67, 68, 69, 70, 71, 72, 73, 74, 75, 76, 77, 78, 79, 80, 81, 82, 83, 84, 85, 86, 87, 88, 89, 90, 91, 92, 93, 94, 95, 96, 97, 98, 99, 100, 101, 102, 103, 104, 105, 106, 107, 108, 109, 110, 111, 112, 113, 114, 115, 116, 117, 118, 119, 120, 121, 122, 123, 124, 125]
YNEW:[0, 0, 0, 0, 0, 0, 0, 0, 0, 0, 0, 0, 0, 0, 0, 0, 0, 0, 0, 0, 0, 0, 0, 0, 0, 0, 0, 0, 0, 0, 0, 0, 0, 0, 0, 0, 0, 0, 0, 0, 0, 0, 0, 0, 1, 0, 0, 0, 1, 1, 1, 0, 0, 1, 2, 3, 3, 3, 4, 4, 4, 5, 8, 10, 13, 15, 18, 16, 16, 22, 25, 28, 32, 36, 34, 35, 43, 49, 48, 49, 45, 44, 45, 48, 66, 77, 68, 91, 73, 62, 70, 85, 89, 92, 89, 66, 61, 67, 70, 78, 88, 79, 59, 72, 72, 66, 51, 50, 60, 60, 70, 69, 72, 69, 51, 59, 37, 34, 30, 26, 11, 12, 9, 3, 1]
YTOT: [0, 0, 0, 0, 0, 0, 0, 0, 0, 0, 0, 0, 0, 0, 0, 0, 0, 0, 0, 0, 0, 0, 0, 0, 0, 0, 0, 0, 0, 0, 0, 0, 0, 0, 0, 0, 0, 0, 0, 0, 0, 0, 0, 0, 1, 1, 1, 1, 2, 3, 4, 4, 4, 5, 7, 10, 13, 16, 20, 24, 28, 33, 41, 51, 64, 79, 97, 113, 129, 151, 176, 204, 236, 272, 306, 341, 384, 433, 481, 530, 575, 619, 664, 712, 778, 855, 923, 1014, 1087, 1149, 1219, 1304, 1393, 1485, 1574, 1640, 1701, 1768, 1838, 1916, 2004, 2083, 2142, 2214, 2286, 2352, 2403, 2453, 2513, 2573, 2643, 2712, 2784, 2853, 2904, 2963, 3000, 3034, 3064, 3090, 3101, 3113, 3122, 3125, 3126]

INFO: Total Population: 2212900
INFO: R0: 2
INFO: Incubation Period: 5
INFO: Illness Period: 7
X:[0, 1, 2, 3, 4, 5, 6, 7, 8, 9, 10, 11, 12, 13, 14, 15, 16, 17, 18, 19, 20, 21, 22, 23, 24, 25, 26, 27, 28, 29, 30, 31, 32, 33, 34, 35, 36, 37, 38, 39, 40, 41, 42, 43, 44, 45, 46, 47, 48, 49, 50, 51, 52, 53, 54, 55, 56, 57, 58, 59, 60, 61, 62, 63, 64, 65, 66, 67, 68, 69, 70, 71, 72, 73, 74, 75, 76, 77, 78, 79, 80, 81, 82, 83, 84, 85, 86, 87, 88, 89, 90, 91, 92, 93, 94, 95, 96, 97, 98, 99, 100, 101, 102, 103, 104, 105, 106, 107, 108, 109, 110, 111, 112, 113, 114, 115, 116, 117, 118, 119, 120, 121, 122, 123, 124, 125, 126]
YNEW:[0, 0, 0, 0, 0, 0, 0, 0, 0, 0, 0, 0, 0, 0, 0, 0, 0, 0, 0, 0, 0, 0, 0, 0, 0, 0, 0, 0, 0, 0, 0, 0, 0, 0, 0, 0, 0, 0, 0, 0, 0, 0, 0, 0, 1, 0, 0, 0, 1, 1, 1, 0, 0, 1, 2, 3, 3, 3, 4, 4, 4, 5, 8, 10, 13, 15, 18, 16, 16, 22, 25, 28, 32, 36, 34, 35, 43, 49, 48, 49, 45, 44, 45, 48, 66, 77, 68, 91, 73, 62, 70, 85, 89, 92, 89, 66, 61, 67, 70, 78, 88, 79, 59, 88, 65, 67, 55, 46, 45, 66, 68, 79, 79, 75, 56, 53, 30, 20, 28, 20, 11, 9, 6, 5, 2, 1]
YTOT: [0, 0, 0, 0, 0, 0, 0, 0, 0, 0, 0, 0, 0, 0, 0, 0, 0, 0, 0, 0, 0, 0, 0, 0, 0, 0, 0, 0, 0, 0, 0, 0, 0, 0, 0, 0, 0, 0, 0, 0, 0, 0, 0, 0, 1, 1, 1, 1, 2, 3, 4, 4, 4, 5, 7, 10, 13, 16, 20, 24, 28, 33, 41, 51, 64, 79, 97, 113, 129, 151, 176, 204, 236, 272, 306, 341, 384, 433, 481, 530, 575, 619, 664, 712, 778, 855, 923, 1014, 1087, 1149, 1219, 1304, 1393, 1485, 1574, 1640, 1701, 1768, 1838, 1916, 2004, 2083, 2142, 2230, 2295, 2362, 2417, 2463, 2508, 2574, 2642, 2721, 2800, 2875, 2931, 2984, 3014, 3034, 3062, 3082, 3093, 3102, 3108, 3113, 3115, 3116]

INFO: Total Population: 2212900
INFO: R0: 2
INFO: Incubation Period: 5
INFO: Illness Period: 7
X:[0, 1, 2, 3, 4, 5, 6, 7, 8, 9, 10, 11, 12, 13, 14, 15, 16, 17, 18, 19, 20, 21, 22, 23, 24, 25, 26, 27, 28, 29, 30, 31, 32, 33, 34, 35, 36, 37, 38, 39, 40, 41, 42, 43, 44, 45, 46, 47, 48, 49, 50, 51, 52, 53, 54, 55, 56, 57, 58, 59, 60, 61, 62, 63, 64, 65, 66, 67, 68, 69, 70, 71, 72, 73, 74, 75, 76, 77, 78, 79, 80, 81, 82, 83, 84, 85, 86, 87, 88, 89, 90, 91, 92, 93, 94, 95, 96, 97, 98, 99, 100, 101, 102, 103, 104, 105, 106, 107, 108, 109, 110, 111, 112, 113, 114, 115, 116, 117, 118, 119, 120, 121, 122, 123, 124, 125, 126]
YNEW:[0, 0, 0, 0, 0, 0, 0, 0, 0, 0, 0, 0, 0, 0, 0, 0, 0, 0, 0, 0, 0, 0, 0, 0, 0, 0, 0, 0, 0, 0, 0, 0, 0, 0, 0, 0, 0, 0, 0, 0, 0, 0, 0, 0, 1, 0, 0, 0, 1, 1, 1, 0, 0, 1, 2, 3, 3, 3, 4, 4, 4, 5, 8, 10, 13, 15, 18, 16, 16, 22, 25, 28, 32, 36, 34, 35, 43, 49, 48, 49, 45, 44, 45, 48, 66, 77, 68, 91, 73, 62, 70, 85, 89, 92, 89, 66, 61, 67, 70, 78, 88, 79, 59, 73, 61, 63, 52, 55, 53, 60, 64, 69, 88, 57, 47, 49, 32, 29, 33, 16, 17, 6, 8, 6, 2, 1]
YTOT: [0, 0, 0, 0, 0, 0, 0, 0, 0, 0, 0, 0, 0, 0, 0, 0, 0, 0, 0, 0, 0, 0, 0, 0, 0, 0, 0, 0, 0, 0, 0, 0, 0, 0, 0, 0, 0, 0, 0, 0, 0, 0, 0, 0, 1, 1, 1, 1, 2, 3, 4, 4, 4, 5, 7, 10, 13, 16, 20, 24, 28, 33, 41, 51, 64, 79, 97, 113, 129, 151, 176, 204, 236, 272, 306, 341, 384, 433, 481, 530, 575, 619, 664, 712, 778, 855, 923, 1014, 1087, 1149, 1219, 1304, 1393, 1485, 1574, 1640, 1701, 1768, 1838, 1916, 2004, 2083, 2142, 2215, 2276, 2339, 2391, 2446, 2499, 2559, 2623, 2692, 2780, 2837, 2884, 2933, 2965, 2994, 3027, 3043, 3060, 3066, 3074, 3080, 3082, 3083]

INFO: Total Population: 2212900
INFO: R0: 2
INFO: Incubation Period: 5
INFO: Illness Period: 7
X:[0, 1, 2, 3, 4, 5, 6, 7, 8, 9, 10, 11, 12, 13, 14, 15, 16, 17, 18, 19, 20, 21, 22, 23, 24, 25, 26, 27, 28, 29, 30, 31, 32, 33, 34, 35, 36, 37, 38, 39, 40, 41, 42, 43, 44, 45, 46, 47, 48, 49, 50, 51, 52, 53, 54, 55, 56, 57, 58, 59, 60, 61, 62, 63, 64, 65, 66, 67, 68, 69, 70, 71, 72, 73, 74, 75, 76, 77, 78, 79, 80, 81, 82, 83, 84, 85, 86, 87, 88, 89, 90, 91, 92, 93, 94, 95, 96, 97, 98, 99, 100, 101, 102, 103, 104, 105, 106, 107, 108, 109, 110, 111, 112, 113, 114, 115, 116, 117, 118, 119, 120, 121, 122, 123, 124, 125]
YNEW:[0, 0, 0, 0, 0, 0, 0, 0, 0, 0, 0, 0, 0, 0, 0, 0, 0, 0, 0, 0, 0, 0, 0, 0, 0, 0, 0, 0, 0, 0, 0, 0, 0, 0, 0, 0, 0, 0, 0, 0, 0, 0, 0, 0, 1, 0, 0, 0, 1, 1, 1, 0, 0, 1, 2, 3, 3, 3, 4, 4, 4, 5, 8, 10, 13, 15, 18, 16, 16, 22, 25, 28, 32, 36, 34, 35, 43, 49, 48, 49, 45, 44, 45, 48, 66, 77, 68, 91, 73, 62, 70, 85, 89, 92, 89, 66, 61, 67, 70, 78, 88, 79, 59, 81, 79, 57, 55, 39, 40, 73, 89, 81, 66, 78, 53, 43, 27, 30, 17, 25, 17, 10, 5, 7, 1]
YTOT: [0, 0, 0, 0, 0, 0, 0, 0, 0, 0, 0, 0, 0, 0, 0, 0, 0, 0, 0, 0, 0, 0, 0, 0, 0, 0, 0, 0, 0, 0, 0, 0, 0, 0, 0, 0, 0, 0, 0, 0, 0, 0, 0, 0, 1, 1, 1, 1, 2, 3, 4, 4, 4, 5, 7, 10, 13, 16, 20, 24, 28, 33, 41, 51, 64, 79, 97, 113, 129, 151, 176, 204, 236, 272, 306, 341, 384, 433, 481, 530, 575, 619, 664, 712, 778, 855, 923, 1014, 1087, 1149, 1219, 1304, 1393, 1485, 1574, 1640, 1701, 1768, 1838, 1916, 2004, 2083, 2142, 2223, 2302, 2359, 2414, 2453, 2493, 2566, 2655, 2736, 2802, 2880, 2933, 2976, 3003, 3033, 3050, 3075, 3092, 3102, 3107, 3114, 3115]

INFO: Total Population: 2212900
INFO: R0: 2
INFO: Incubation Period: 5
INFO: Illness Period: 7
X:[0, 1, 2, 3, 4, 5, 6, 7, 8, 9, 10, 11, 12, 13, 14, 15, 16, 17, 18, 19, 20, 21, 22, 23, 24, 25, 26, 27, 28, 29, 30, 31, 32, 33, 34, 35, 36, 37, 38, 39, 40, 41, 42, 43, 44, 45, 46, 47, 48, 49, 50, 51, 52, 53, 54, 55, 56, 57, 58, 59, 60, 61, 62, 63, 64, 65, 66, 67, 68, 69, 70, 71, 72, 73, 74, 75, 76, 77, 78, 79, 80, 81, 82, 83, 84, 85, 86, 87, 88, 89, 90, 91, 92, 93, 94, 95, 96, 97, 98, 99, 100, 101, 102, 103, 104, 105, 106, 107, 108, 109, 110, 111, 112, 113, 114, 115, 116, 117, 118, 119, 120, 121, 122, 123, 124, 125]
YNEW:[0, 0, 0, 0, 0, 0, 0, 0, 0, 0, 0, 0, 0, 0, 0, 0, 0, 0, 0, 0, 0, 0, 0, 0, 0, 0, 0, 0, 0, 0, 0, 0, 0, 0, 0, 0, 0, 0, 0, 0, 0, 0, 0, 0, 1, 0, 0, 0, 1, 1, 1, 0, 0, 1, 2, 3, 3, 3, 4, 4, 4, 5, 8, 10, 13, 15, 18, 16, 16, 22, 25, 28, 32, 36, 34, 35, 43, 49, 48, 49, 45, 44, 45, 48, 66, 77, 68, 91, 73, 62, 70, 85, 89, 92, 89, 66, 61, 67, 70, 78, 88, 79, 59, 70, 70, 64, 58, 43, 48, 65, 68, 75, 75, 73, 52, 41, 34, 27, 29, 21, 11, 12, 6, 2, 1]
YTOT: [0, 0, 0, 0, 0, 0, 0, 0, 0, 0, 0, 0, 0, 0, 0, 0, 0, 0, 0, 0, 0, 0, 0, 0, 0, 0, 0, 0, 0, 0, 0, 0, 0, 0, 0, 0, 0, 0, 0, 0, 0, 0, 0, 0, 1, 1, 1, 1, 2, 3, 4, 4, 4, 5, 7, 10, 13, 16, 20, 24, 28, 33, 41, 51, 64, 79, 97, 113, 129, 151, 176, 204, 236, 272, 306, 341, 384, 433, 481, 530, 575, 619, 664, 712, 778, 855, 923, 1014, 1087, 1149, 1219, 1304, 1393, 1485, 1574, 1640, 1701, 1768, 1838, 1916, 2004, 2083, 2142, 2212, 2282, 2346, 2404, 2447, 2495, 2560, 2628, 2703, 2778, 2851, 2903, 2944, 2978, 3005, 3034, 3055, 3066, 3078, 3084, 3086, 3087]

INFO: Total Population: 2212900
INFO: R0: 2
INFO: Incubation Period: 5
INFO: Illness Period: 7
X:[0, 1, 2, 3, 4, 5, 6, 7, 8, 9, 10, 11, 12, 13, 14, 15, 16, 17, 18, 19, 20, 21, 22, 23, 24, 25, 26, 27, 28, 29, 30, 31, 32, 33, 34, 35, 36, 37, 38, 39, 40, 41, 42, 43, 44, 45, 46, 47, 48, 49, 50, 51, 52, 53, 54, 55, 56, 57, 58, 59, 60, 61, 62, 63, 64, 65, 66, 67, 68, 69, 70, 71, 72, 73, 74, 75, 76, 77, 78, 79, 80, 81, 82, 83, 84, 85, 86, 87, 88, 89, 90, 91, 92, 93, 94, 95, 96, 97, 98, 99, 100, 101, 102, 103, 104, 105, 106, 107, 108, 109, 110, 111, 112, 113, 114, 115, 116, 117, 118, 119, 120, 121, 122, 123, 124, 125]
YNEW:[0, 0, 0, 0, 0, 0, 0, 0, 0, 0, 0, 0, 0, 0, 0, 0, 0, 0, 0, 0, 0, 0, 0, 0, 0, 0, 0, 0, 0, 0, 0, 0, 0, 0, 0, 0, 0, 0, 0, 0, 0, 0, 0, 0, 1, 0, 0, 0, 1, 1, 1, 0, 0, 1, 2, 3, 3, 3, 4, 4, 4, 5, 8, 10, 13, 15, 18, 16, 16, 22, 25, 28, 32, 36, 34, 35, 43, 49, 48, 49, 45, 44, 45, 48, 66, 77, 68, 91, 73, 62, 70, 85, 89, 92, 89, 66, 61, 67, 70, 78, 88, 79, 59, 83, 75, 55, 48, 33, 72, 77, 89, 72, 68, 66, 48, 54, 37, 28, 16, 21, 18, 11, 5, 5, 3]
YTOT: [0, 0, 0, 0, 0, 0, 0, 0, 0, 0, 0, 0, 0, 0, 0, 0, 0, 0, 0, 0, 0, 0, 0, 0, 0, 0, 0, 0, 0, 0, 0, 0, 0, 0, 0, 0, 0, 0, 0, 0, 0, 0, 0, 0, 1, 1, 1, 1, 2, 3, 4, 4, 4, 5, 7, 10, 13, 16, 20, 24, 28, 33, 41, 51, 64, 79, 97, 113, 129, 151, 176, 204, 236, 272, 306, 341, 384, 433, 481, 530, 575, 619, 664, 712, 778, 855, 923, 1014, 1087, 1149, 1219, 1304, 1393, 1485, 1574, 1640, 1701, 1768, 1838, 1916, 2004, 2083, 2142, 2225, 2300, 2355, 2403, 2436, 2508, 2585, 2674, 2746, 2814, 2880, 2928, 2982, 3019, 3047, 3063, 3084, 3102, 3113, 3118, 3123, 3126]

INFO: Total Population: 2212900
INFO: R0: 2
INFO: Incubation Period: 5
INFO: Illness Period: 7
X:[0, 1, 2, 3, 4, 5, 6, 7, 8, 9, 10, 11, 12, 13, 14, 15, 16, 17, 18, 19, 20, 21, 22, 23, 24, 25, 26, 27, 28, 29, 30, 31, 32, 33, 34, 35, 36, 37, 38, 39, 40, 41, 42, 43, 44, 45, 46, 47, 48, 49, 50, 51, 52, 53, 54, 55, 56, 57, 58, 59, 60, 61, 62, 63, 64, 65, 66, 67, 68, 69, 70, 71, 72, 73, 74, 75, 76, 77, 78, 79, 80, 81, 82, 83, 84, 85, 86, 87, 88, 89, 90, 91, 92, 93, 94, 95, 96, 97, 98, 99, 100, 101, 102, 103, 104, 105, 106, 107, 108, 109, 110, 111, 112, 113, 114, 115, 116, 117, 118, 119, 120, 121, 122, 123, 124, 125]
YNEW:[0, 0, 0, 0, 0, 0, 0, 0, 0, 0, 0, 0, 0, 0, 0, 0, 0, 0, 0, 0, 0, 0, 0, 0, 0, 0, 0, 0, 0, 0, 0, 0, 0, 0, 0, 0, 0, 0, 0, 0, 0, 0, 0, 0, 1, 0, 0, 0, 1, 1, 1, 0, 0, 1, 2, 3, 3, 3, 4, 4, 4, 5, 8, 10, 13, 15, 18, 16, 16, 22, 25, 28, 32, 36, 34, 35, 43, 49, 48, 49, 45, 44, 45, 48, 66, 77, 68, 91, 73, 62, 70, 85, 89, 92, 89, 66, 61, 67, 70, 78, 88, 79, 59, 64, 70, 59, 60, 49, 33, 69, 79, 76, 64, 55, 39, 50, 33, 27, 23, 22, 19, 8, 4, 4, 1]
YTOT: [0, 0, 0, 0, 0, 0, 0, 0, 0, 0, 0, 0, 0, 0, 0, 0, 0, 0, 0, 0, 0, 0, 0, 0, 0, 0, 0, 0, 0, 0, 0, 0, 0, 0, 0, 0, 0, 0, 0, 0, 0, 0, 0, 0, 1, 1, 1, 1, 2, 3, 4, 4, 4, 5, 7, 10, 13, 16, 20, 24, 28, 33, 41, 51, 64, 79, 97, 113, 129, 151, 176, 204, 236, 272, 306, 341, 384, 433, 481, 530, 575, 619, 664, 712, 778, 855, 923, 1014, 1087, 1149, 1219, 1304, 1393, 1485, 1574, 1640, 1701, 1768, 1838, 1916, 2004, 2083, 2142, 2206, 2276, 2335, 2395, 2444, 2477, 2546, 2625, 2701, 2765, 2820, 2859, 2909, 2942, 2969, 2992, 3014, 3033, 3041, 3045, 3049, 3050]

INFO: Total Population: 2212900
INFO: R0: 2
INFO: Incubation Period: 5
INFO: Illness Period: 7
X:[0, 1, 2, 3, 4, 5, 6, 7, 8, 9, 10, 11, 12, 13, 14, 15, 16, 17, 18, 19, 20, 21, 22, 23, 24, 25, 26, 27, 28, 29, 30, 31, 32, 33, 34, 35, 36, 37, 38, 39, 40, 41, 42, 43, 44, 45, 46, 47, 48, 49, 50, 51, 52, 53, 54, 55, 56, 57, 58, 59, 60, 61, 62, 63, 64, 65, 66, 67, 68, 69, 70, 71, 72, 73, 74, 75, 76, 77, 78, 79, 80, 81, 82, 83, 84, 85, 86, 87, 88, 89, 90, 91, 92, 93, 94, 95, 96, 97, 98, 99, 100, 101, 102, 103, 104, 105, 106, 107, 108, 109, 110, 111, 112, 113, 114, 115, 116, 117, 118, 119, 120, 121, 122, 123, 124, 125, 126]
YNEW:[0, 0, 0, 0, 0, 0, 0, 0, 0, 0, 0, 0, 0, 0, 0, 0, 0, 0, 0, 0, 0, 0, 0, 0, 0, 0, 0, 0, 0, 0, 0, 0, 0, 0, 0, 0, 0, 0, 0, 0, 0, 0, 0, 0, 1, 0, 0, 0, 1, 1, 1, 0, 0, 1, 2, 3, 3, 3, 4, 4, 4, 5, 8, 10, 13, 15, 18, 16, 16, 22, 25, 28, 32, 36, 34, 35, 43, 49, 48, 49, 45, 44, 45, 48, 66, 77, 68, 91, 73, 62, 70, 85, 89, 92, 89, 66, 61, 67, 70, 78, 88, 79, 59, 79, 66, 75, 54, 38, 46, 70, 76, 70, 63, 62, 56, 38, 27, 37, 32, 24, 20, 11, 3, 3, 4, 1]
YTOT: [0, 0, 0, 0, 0, 0, 0, 0, 0, 0, 0, 0, 0, 0, 0, 0, 0, 0, 0, 0, 0, 0, 0, 0, 0, 0, 0, 0, 0, 0, 0, 0, 0, 0, 0, 0, 0, 0, 0, 0, 0, 0, 0, 0, 1, 1, 1, 1, 2, 3, 4, 4, 4, 5, 7, 10, 13, 16, 20, 24, 28, 33, 41, 51, 64, 79, 97, 113, 129, 151, 176, 204, 236, 272, 306, 341, 384, 433, 481, 530, 575, 619, 664, 712, 778, 855, 923, 1014, 1087, 1149, 1219, 1304, 1393, 1485, 1574, 1640, 1701, 1768, 1838, 1916, 2004, 2083, 2142, 2221, 2287, 2362, 2416, 2454, 2500, 2570, 2646, 2716, 2779, 2841, 2897, 2935, 2962, 2999, 3031, 3055, 3075, 3086, 3089, 3092, 3096, 3097]

INFO: Total Population: 2212900
INFO: R0: 2
INFO: Incubation Period: 5
INFO: Illness Period: 7
X:[0, 1, 2, 3, 4, 5, 6, 7, 8, 9, 10, 11, 12, 13, 14, 15, 16, 17, 18, 19, 20, 21, 22, 23, 24, 25, 26, 27, 28, 29, 30, 31, 32, 33, 34, 35, 36, 37, 38, 39, 40, 41, 42, 43, 44, 45, 46, 47, 48, 49, 50, 51, 52, 53, 54, 55, 56, 57, 58, 59, 60, 61, 62, 63, 64, 65, 66, 67, 68, 69, 70, 71, 72, 73, 74, 75, 76, 77, 78, 79, 80, 81, 82, 83, 84, 85, 86, 87, 88, 89, 90, 91, 92, 93, 94, 95, 96, 97, 98, 99, 100, 101, 102, 103, 104, 105, 106, 107, 108, 109, 110, 111, 112, 113, 114, 115, 116, 117, 118, 119, 120, 121, 122, 123, 124]
YNEW:[0, 0, 0, 0, 0, 0, 0, 0, 0, 0, 0, 0, 0, 0, 0, 0, 0, 0, 0, 0, 0, 0, 0, 0, 0, 0, 0, 0, 0, 0, 0, 0, 0, 0, 0, 0, 0, 0, 0, 0, 0, 0, 0, 0, 1, 0, 0, 0, 1, 1, 1, 0, 0, 1, 2, 3, 3, 3, 4, 4, 4, 5, 8, 10, 13, 15, 18, 16, 16, 22, 25, 28, 32, 36, 34, 35, 43, 49, 48, 49, 45, 44, 45, 48, 66, 77, 68, 91, 73, 62, 70, 85, 89, 92, 89, 66, 61, 67, 70, 78, 88, 79, 59, 72, 71, 49, 51, 52, 57, 69, 67, 82, 72, 57, 49, 46, 37, 34, 29, 18, 16, 8, 10, 9]
YTOT: [0, 0, 0, 0, 0, 0, 0, 0, 0, 0, 0, 0, 0, 0, 0, 0, 0, 0, 0, 0, 0, 0, 0, 0, 0, 0, 0, 0, 0, 0, 0, 0, 0, 0, 0, 0, 0, 0, 0, 0, 0, 0, 0, 0, 1, 1, 1, 1, 2, 3, 4, 4, 4, 5, 7, 10, 13, 16, 20, 24, 28, 33, 41, 51, 64, 79, 97, 113, 129, 151, 176, 204, 236, 272, 306, 341, 384, 433, 481, 530, 575, 619, 664, 712, 778, 855, 923, 1014, 1087, 1149, 1219, 1304, 1393, 1485, 1574, 1640, 1701, 1768, 1838, 1916, 2004, 2083, 2142, 2214, 2285, 2334, 2385, 2437, 2494, 2563, 2630, 2712, 2784, 2841, 2890, 2936, 2973, 3007, 3036, 3054, 3070, 3078, 3088, 3097]

END