

INFO: Total Population: 1928000
INFO: R0: 2
INFO: Incubation Period: 5
INFO: Illness Period: 12
X:[0, 1, 2, 3, 4, 5, 6, 7, 8, 9, 10, 11, 12, 13, 14, 15, 16, 17, 18, 19, 20, 21, 22, 23, 24, 25, 26, 27, 28, 29, 30, 31, 32, 33, 34, 35, 36, 37, 38, 39, 40, 41, 42, 43, 44, 45, 46, 47, 48, 49, 50, 51, 52, 53, 54, 55, 56, 57, 58, 59, 60, 61, 62, 63, 64, 65, 66, 67, 68, 69, 70, 71, 72, 73, 74, 75, 76, 77, 78, 79, 80, 81, 82, 83, 84, 85, 86, 87, 88, 89, 90, 91, 92, 93, 94]
YNEW:[3, 2, 2, 3, 3, 3, 5, 5, 6, 5, 5, 7, 8, 10, 14, 18, 18, 19, 20, 16, 25, 29, 29, 41, 56, 60, 58, 58, 54, 78, 70, 76, 86, 90, 60, 63, 69, 49, 62, 49, 50, 53, 48, 60, 62, 58, 47, 35, 41, 41, 57, 57, 54, 55, 53, 49, 38, 56, 67, 35, 55, 44, 36, 53, 51, 58, 52, 30, 54, 58, 52, 49, 28, 30, 33, 26, 16, 13, 7, 9, 3, 2, 2, 2, 3, 2, 2, 3, 3, 1, 1, 1, 4, 1]
YTOT: [3, 5, 7, 10, 13, 16, 21, 26, 32, 37, 42, 49, 57, 67, 81, 99, 117, 136, 156, 172, 197, 226, 255, 296, 352, 412, 470, 528, 582, 660, 730, 806, 892, 982, 1042, 1105, 1174, 1223, 1285, 1334, 1384, 1437, 1485, 1545, 1607, 1665, 1712, 1747, 1788, 1829, 1886, 1943, 1997, 2052, 2105, 2154, 2192, 2248, 2315, 2350, 2405, 2449, 2485, 2538, 2589, 2647, 2699, 2729, 2783, 2841, 2893, 2942, 2970, 3000, 3033, 3059, 3075, 3088, 3095, 3104, 3107, 3109, 3111, 3113, 3116, 3118, 3120, 3123, 3126, 3127, 3128, 3129, 3133, 3134]

INFO: Total Population: 1928000
INFO: R0: 2
INFO: Incubation Period: 5
INFO: Illness Period: 12
X:[0, 1, 2, 3, 4, 5, 6, 7, 8, 9, 10, 11, 12, 13, 14, 15, 16, 17, 18, 19, 20, 21, 22, 23, 24, 25, 26, 27, 28, 29, 30, 31, 32, 33, 34, 35, 36, 37, 38, 39, 40, 41, 42, 43, 44, 45, 46, 47, 48, 49, 50, 51, 52, 53, 54, 55, 56, 57, 58, 59, 60, 61, 62, 63, 64, 65, 66, 67, 68, 69, 70, 71, 72, 73, 74, 75, 76, 77, 78, 79, 80, 81, 82, 83, 84, 85, 86, 87, 88, 89, 90, 91, 92, 93, 94, 95, 96, 97]
YNEW:[3, 2, 2, 3, 3, 3, 5, 5, 6, 5, 5, 7, 8, 10, 14, 18, 18, 19, 20, 16, 25, 29, 29, 41, 56, 60, 58, 58, 54, 78, 70, 76, 86, 90, 60, 63, 77, 66, 62, 46, 55, 45, 67, 48, 61, 44, 38, 62, 49, 50, 49, 52, 49, 63, 56, 56, 57, 51, 51, 50, 57, 49, 54, 47, 44, 45, 45, 69, 57, 64, 32, 47, 29, 26, 16, 14, 9, 4, 8, 2, 1, 1, 3, 1, 2, 1, 2, 2, 2, 1, 1, 1, 1, 1, 1, 2, 1]
YTOT: [3, 5, 7, 10, 13, 16, 21, 26, 32, 37, 42, 49, 57, 67, 81, 99, 117, 136, 156, 172, 197, 226, 255, 296, 352, 412, 470, 528, 582, 660, 730, 806, 892, 982, 1042, 1105, 1182, 1248, 1310, 1356, 1411, 1456, 1523, 1571, 1632, 1676, 1714, 1776, 1825, 1875, 1924, 1976, 2025, 2088, 2144, 2200, 2257, 2308, 2359, 2409, 2466, 2515, 2569, 2616, 2660, 2705, 2750, 2819, 2876, 2940, 2972, 3019, 3048, 3074, 3090, 3104, 3113, 3117, 3125, 3127, 3128, 3129, 3132, 3133, 3135, 3136, 3138, 3140, 3142, 3143, 3144, 3145, 3146, 3147, 3148, 3150, 3151]

INFO: Total Population: 1928000
INFO: R0: 2
INFO: Incubation Period: 5
INFO: Illness Period: 12
X:[0, 1, 2, 3, 4, 5, 6, 7, 8, 9, 10, 11, 12, 13, 14, 15, 16, 17, 18, 19, 20, 21, 22, 23, 24, 25, 26, 27, 28, 29, 30, 31, 32, 33, 34, 35, 36, 37, 38, 39, 40, 41, 42, 43, 44, 45, 46, 47, 48, 49, 50, 51, 52, 53, 54, 55, 56, 57, 58, 59, 60, 61, 62, 63, 64, 65, 66, 67, 68, 69, 70, 71, 72, 73, 74, 75, 76, 77, 78, 79, 80, 81, 82, 83, 84, 85, 86, 87, 88, 89, 90, 91, 92, 93, 94, 95, 96, 97]
YNEW:[3, 2, 2, 3, 3, 3, 5, 5, 6, 5, 5, 7, 8, 10, 14, 18, 18, 19, 20, 16, 25, 29, 29, 41, 56, 60, 58, 58, 54, 78, 70, 76, 86, 90, 60, 63, 69, 65, 61, 39, 49, 48, 48, 66, 59, 57, 52, 45, 38, 64, 54, 51, 54, 48, 54, 52, 53, 46, 44, 58, 55, 53, 53, 45, 50, 39, 55, 58, 57, 53, 51, 44, 33, 31, 22, 20, 10, 13, 5, 6, 1, 4, 2, 3, 1, 1, 1, 1, 2, 1, 1, 2, 1, 1, 1, 1, 1]
YTOT: [3, 5, 7, 10, 13, 16, 21, 26, 32, 37, 42, 49, 57, 67, 81, 99, 117, 136, 156, 172, 197, 226, 255, 296, 352, 412, 470, 528, 582, 660, 730, 806, 892, 982, 1042, 1105, 1174, 1239, 1300, 1339, 1388, 1436, 1484, 1550, 1609, 1666, 1718, 1763, 1801, 1865, 1919, 1970, 2024, 2072, 2126, 2178, 2231, 2277, 2321, 2379, 2434, 2487, 2540, 2585, 2635, 2674, 2729, 2787, 2844, 2897, 2948, 2992, 3025, 3056, 3078, 3098, 3108, 3121, 3126, 3132, 3133, 3137, 3139, 3142, 3143, 3144, 3145, 3146, 3148, 3149, 3150, 3152, 3153, 3154, 3155, 3156, 3157]

INFO: Total Population: 1928000
INFO: R0: 2
INFO: Incubation Period: 5
INFO: Illness Period: 12
X:[0, 1, 2, 3, 4, 5, 6, 7, 8, 9, 10, 11, 12, 13, 14, 15, 16, 17, 18, 19, 20, 21, 22, 23, 24, 25, 26, 27, 28, 29, 30, 31, 32, 33, 34, 35, 36, 37, 38, 39, 40, 41, 42, 43, 44, 45, 46, 47, 48, 49, 50, 51, 52, 53, 54, 55, 56, 57, 58, 59, 60, 61, 62, 63, 64, 65, 66, 67, 68, 69, 70, 71, 72, 73, 74, 75, 76, 77, 78, 79, 80, 81, 82, 83, 84, 85, 86, 87, 88, 89, 90, 91, 92, 93, 94, 95, 96, 97, 98]
YNEW:[3, 2, 2, 3, 3, 3, 5, 5, 6, 5, 5, 7, 8, 10, 14, 18, 18, 19, 20, 16, 25, 29, 29, 41, 56, 60, 58, 58, 54, 78, 70, 76, 86, 90, 60, 63, 71, 69, 58, 48, 45, 38, 59, 64, 56, 51, 60, 49, 44, 52, 44, 47, 52, 74, 49, 56, 40, 47, 54, 51, 56, 41, 48, 54, 47, 55, 69, 46, 54, 58, 44, 38, 28, 30, 23, 19, 11, 9, 7, 8, 2, 3, 1, 2, 2, 1, 4, 1, 1, 1, 1, 1, 1, 1, 2, 1, 1, 1]
YTOT: [3, 5, 7, 10, 13, 16, 21, 26, 32, 37, 42, 49, 57, 67, 81, 99, 117, 136, 156, 172, 197, 226, 255, 296, 352, 412, 470, 528, 582, 660, 730, 806, 892, 982, 1042, 1105, 1176, 1245, 1303, 1351, 1396, 1434, 1493, 1557, 1613, 1664, 1724, 1773, 1817, 1869, 1913, 1960, 2012, 2086, 2135, 2191, 2231, 2278, 2332, 2383, 2439, 2480, 2528, 2582, 2629, 2684, 2753, 2799, 2853, 2911, 2955, 2993, 3021, 3051, 3074, 3093, 3104, 3113, 3120, 3128, 3130, 3133, 3134, 3136, 3138, 3139, 3143, 3144, 3145, 3146, 3147, 3148, 3149, 3150, 3152, 3153, 3154, 3155]

INFO: Total Population: 1928000
INFO: R0: 2
INFO: Incubation Period: 5
INFO: Illness Period: 12
X:[0, 1, 2, 3, 4, 5, 6, 7, 8, 9, 10, 11, 12, 13, 14, 15, 16, 17, 18, 19, 20, 21, 22, 23, 24, 25, 26, 27, 28, 29, 30, 31, 32, 33, 34, 35, 36, 37, 38, 39, 40, 41, 42, 43, 44, 45, 46, 47, 48, 49, 50, 51, 52, 53, 54, 55, 56, 57, 58, 59, 60, 61, 62, 63, 64, 65, 66, 67, 68, 69, 70, 71, 72, 73, 74, 75, 76, 77, 78, 79, 80, 81, 82, 83, 84, 85, 86, 87, 88, 89, 90, 91, 92, 93, 94, 95, 96, 97]
YNEW:[3, 2, 2, 3, 3, 3, 5, 5, 6, 5, 5, 7, 8, 10, 14, 18, 18, 19, 20, 16, 25, 29, 29, 41, 56, 60, 58, 58, 54, 78, 70, 76, 86, 90, 60, 63, 59, 53, 61, 50, 44, 58, 64, 63, 53, 56, 48, 51, 37, 52, 48, 46, 48, 62, 48, 49, 48, 54, 68, 47, 42, 51, 44, 52, 59, 59, 47, 47, 47, 45, 47, 69, 40, 28, 28, 13, 14, 12, 5, 7, 4, 1, 1, 2, 1, 2, 3, 2, 1, 1, 1, 1, 2, 2, 1, 1, 1]
YTOT: [3, 5, 7, 10, 13, 16, 21, 26, 32, 37, 42, 49, 57, 67, 81, 99, 117, 136, 156, 172, 197, 226, 255, 296, 352, 412, 470, 528, 582, 660, 730, 806, 892, 982, 1042, 1105, 1164, 1217, 1278, 1328, 1372, 1430, 1494, 1557, 1610, 1666, 1714, 1765, 1802, 1854, 1902, 1948, 1996, 2058, 2106, 2155, 2203, 2257, 2325, 2372, 2414, 2465, 2509, 2561, 2620, 2679, 2726, 2773, 2820, 2865, 2912, 2981, 3021, 3049, 3077, 3090, 3104, 3116, 3121, 3128, 3132, 3133, 3134, 3136, 3137, 3139, 3142, 3144, 3145, 3146, 3147, 3148, 3150, 3152, 3153, 3154, 3155]

INFO: Total Population: 1928000
INFO: R0: 2
INFO: Incubation Period: 5
INFO: Illness Period: 12
X:[0, 1, 2, 3, 4, 5, 6, 7, 8, 9, 10, 11, 12, 13, 14, 15, 16, 17, 18, 19, 20, 21, 22, 23, 24, 25, 26, 27, 28, 29, 30, 31, 32, 33, 34, 35, 36, 37, 38, 39, 40, 41, 42, 43, 44, 45, 46, 47, 48, 49, 50, 51, 52, 53, 54, 55, 56, 57, 58, 59, 60, 61, 62, 63, 64, 65, 66, 67, 68, 69, 70, 71, 72, 73, 74, 75, 76, 77, 78, 79, 80, 81, 82, 83, 84, 85, 86, 87, 88, 89, 90, 91, 92, 93, 94, 95, 96]
YNEW:[3, 2, 2, 3, 3, 3, 5, 5, 6, 5, 5, 7, 8, 10, 14, 18, 18, 19, 20, 16, 25, 29, 29, 41, 56, 60, 58, 58, 54, 78, 70, 76, 86, 90, 60, 63, 64, 84, 57, 52, 37, 32, 68, 58, 49, 50, 58, 40, 50, 46, 48, 52, 54, 56, 40, 53, 49, 55, 58, 44, 41, 55, 55, 51, 45, 55, 50, 48, 53, 40, 52, 41, 36, 35, 26, 17, 20, 15, 14, 7, 2, 1, 1, 2, 1, 2, 1, 1, 1, 2, 2, 1, 2, 2, 1, 1]
YTOT: [3, 5, 7, 10, 13, 16, 21, 26, 32, 37, 42, 49, 57, 67, 81, 99, 117, 136, 156, 172, 197, 226, 255, 296, 352, 412, 470, 528, 582, 660, 730, 806, 892, 982, 1042, 1105, 1169, 1253, 1310, 1362, 1399, 1431, 1499, 1557, 1606, 1656, 1714, 1754, 1804, 1850, 1898, 1950, 2004, 2060, 2100, 2153, 2202, 2257, 2315, 2359, 2400, 2455, 2510, 2561, 2606, 2661, 2711, 2759, 2812, 2852, 2904, 2945, 2981, 3016, 3042, 3059, 3079, 3094, 3108, 3115, 3117, 3118, 3119, 3121, 3122, 3124, 3125, 3126, 3127, 3129, 3131, 3132, 3134, 3136, 3137, 3138]

INFO: Total Population: 1928000
INFO: R0: 2
INFO: Incubation Period: 5
INFO: Illness Period: 12
X:[0, 1, 2, 3, 4, 5, 6, 7, 8, 9, 10, 11, 12, 13, 14, 15, 16, 17, 18, 19, 20, 21, 22, 23, 24, 25, 26, 27, 28, 29, 30, 31, 32, 33, 34, 35, 36, 37, 38, 39, 40, 41, 42, 43, 44, 45, 46, 47, 48, 49, 50, 51, 52, 53, 54, 55, 56, 57, 58, 59, 60, 61, 62, 63, 64, 65, 66, 67, 68, 69, 70, 71, 72, 73, 74, 75, 76, 77, 78, 79, 80, 81, 82, 83, 84, 85, 86, 87, 88, 89, 90, 91, 92, 93, 94, 95, 96, 97, 98]
YNEW:[3, 2, 2, 3, 3, 3, 5, 5, 6, 5, 5, 7, 8, 10, 14, 18, 18, 19, 20, 16, 25, 29, 29, 41, 56, 60, 58, 58, 54, 78, 70, 76, 86, 90, 60, 63, 72, 52, 54, 38, 71, 44, 54, 58, 48, 51, 45, 52, 39, 60, 68, 39, 48, 50, 54, 52, 42, 43, 61, 59, 54, 46, 54, 48, 48, 55, 63, 38, 50, 54, 60, 46, 22, 33, 27, 18, 16, 15, 10, 6, 2, 3, 2, 1, 1, 1, 1, 2, 2, 1, 2, 2, 2, 1, 2, 1, 1, 1]
YTOT: [3, 5, 7, 10, 13, 16, 21, 26, 32, 37, 42, 49, 57, 67, 81, 99, 117, 136, 156, 172, 197, 226, 255, 296, 352, 412, 470, 528, 582, 660, 730, 806, 892, 982, 1042, 1105, 1177, 1229, 1283, 1321, 1392, 1436, 1490, 1548, 1596, 1647, 1692, 1744, 1783, 1843, 1911, 1950, 1998, 2048, 2102, 2154, 2196, 2239, 2300, 2359, 2413, 2459, 2513, 2561, 2609, 2664, 2727, 2765, 2815, 2869, 2929, 2975, 2997, 3030, 3057, 3075, 3091, 3106, 3116, 3122, 3124, 3127, 3129, 3130, 3131, 3132, 3133, 3135, 3137, 3138, 3140, 3142, 3144, 3145, 3147, 3148, 3149, 3150]

INFO: Total Population: 1928000
INFO: R0: 2
INFO: Incubation Period: 5
INFO: Illness Period: 12
X:[0, 1, 2, 3, 4, 5, 6, 7, 8, 9, 10, 11, 12, 13, 14, 15, 16, 17, 18, 19, 20, 21, 22, 23, 24, 25, 26, 27, 28, 29, 30, 31, 32, 33, 34, 35, 36, 37, 38, 39, 40, 41, 42, 43, 44, 45, 46, 47, 48, 49, 50, 51, 52, 53, 54, 55, 56, 57, 58, 59, 60, 61, 62, 63, 64, 65, 66, 67, 68, 69, 70, 71, 72, 73, 74, 75, 76, 77, 78, 79, 80, 81, 82, 83, 84, 85, 86, 87, 88, 89, 90, 91, 92, 93, 94, 95, 96]
YNEW:[3, 2, 2, 3, 3, 3, 5, 5, 6, 5, 5, 7, 8, 10, 14, 18, 18, 19, 20, 16, 25, 29, 29, 41, 56, 60, 58, 58, 54, 78, 70, 76, 86, 90, 60, 63, 59, 66, 73, 41, 47, 49, 49, 70, 59, 63, 47, 36, 51, 52, 52, 54, 48, 59, 46, 52, 40, 70, 57, 48, 56, 48, 49, 37, 57, 63, 49, 55, 43, 44, 45, 40, 42, 23, 27, 16, 11, 17, 10, 4, 2, 2, 3, 1, 1, 3, 1, 1, 1, 1, 1, 3, 1, 1, 1, 1]
YTOT: [3, 5, 7, 10, 13, 16, 21, 26, 32, 37, 42, 49, 57, 67, 81, 99, 117, 136, 156, 172, 197, 226, 255, 296, 352, 412, 470, 528, 582, 660, 730, 806, 892, 982, 1042, 1105, 1164, 1230, 1303, 1344, 1391, 1440, 1489, 1559, 1618, 1681, 1728, 1764, 1815, 1867, 1919, 1973, 2021, 2080, 2126, 2178, 2218, 2288, 2345, 2393, 2449, 2497, 2546, 2583, 2640, 2703, 2752, 2807, 2850, 2894, 2939, 2979, 3021, 3044, 3071, 3087, 3098, 3115, 3125, 3129, 3131, 3133, 3136, 3137, 3138, 3141, 3142, 3143, 3144, 3145, 3146, 3149, 3150, 3151, 3152, 3153]

INFO: Total Population: 1928000
INFO: R0: 2
INFO: Incubation Period: 5
INFO: Illness Period: 12
X:[0, 1, 2, 3, 4, 5, 6, 7, 8, 9, 10, 11, 12, 13, 14, 15, 16, 17, 18, 19, 20, 21, 22, 23, 24, 25, 26, 27, 28, 29, 30, 31, 32, 33, 34, 35, 36, 37, 38, 39, 40, 41, 42, 43, 44, 45, 46, 47, 48, 49, 50, 51, 52, 53, 54, 55, 56, 57, 58, 59, 60, 61, 62, 63, 64, 65, 66, 67, 68, 69, 70, 71, 72, 73, 74, 75, 76, 77, 78, 79, 80, 81, 82, 83, 84, 85, 86, 87, 88, 89, 90, 91, 92, 93, 94, 95, 96, 97, 98]
YNEW:[3, 2, 2, 3, 3, 3, 5, 5, 6, 5, 5, 7, 8, 10, 14, 18, 18, 19, 20, 16, 25, 29, 29, 41, 56, 60, 58, 58, 54, 78, 70, 76, 86, 90, 60, 63, 59, 76, 58, 65, 48, 50, 60, 60, 58, 45, 58, 55, 49, 46, 57, 51, 52, 41, 54, 60, 63, 46, 54, 50, 56, 47, 52, 52, 51, 55, 55, 49, 61, 55, 42, 35, 35, 25, 17, 10, 12, 8, 3, 2, 2, 2, 1, 2, 2, 1, 1, 2, 1, 2, 2, 1, 2, 1, 1, 1, 1, 1]
YTOT: [3, 5, 7, 10, 13, 16, 21, 26, 32, 37, 42, 49, 57, 67, 81, 99, 117, 136, 156, 172, 197, 226, 255, 296, 352, 412, 470, 528, 582, 660, 730, 806, 892, 982, 1042, 1105, 1164, 1240, 1298, 1363, 1411, 1461, 1521, 1581, 1639, 1684, 1742, 1797, 1846, 1892, 1949, 2000, 2052, 2093, 2147, 2207, 2270, 2316, 2370, 2420, 2476, 2523, 2575, 2627, 2678, 2733, 2788, 2837, 2898, 2953, 2995, 3030, 3065, 3090, 3107, 3117, 3129, 3137, 3140, 3142, 3144, 3146, 3147, 3149, 3151, 3152, 3153, 3155, 3156, 3158, 3160, 3161, 3163, 3164, 3165, 3166, 3167, 3168]

INFO: Total Population: 1928000
INFO: R0: 2
INFO: Incubation Period: 5
INFO: Illness Period: 12
X:[0, 1, 2, 3, 4, 5, 6, 7, 8, 9, 10, 11, 12, 13, 14, 15, 16, 17, 18, 19, 20, 21, 22, 23, 24, 25, 26, 27, 28, 29, 30, 31, 32, 33, 34, 35, 36, 37, 38, 39, 40, 41, 42, 43, 44, 45, 46, 47, 48, 49, 50, 51, 52, 53, 54, 55, 56, 57, 58, 59, 60, 61, 62, 63, 64, 65, 66, 67, 68, 69, 70, 71, 72, 73, 74, 75, 76, 77, 78, 79, 80, 81, 82, 83, 84, 85, 86, 87, 88, 89, 90, 91, 92, 93, 94, 95, 96, 97, 98, 99]
YNEW:[3, 2, 2, 3, 3, 3, 5, 5, 6, 5, 5, 7, 8, 10, 14, 18, 18, 19, 20, 16, 25, 29, 29, 41, 56, 60, 58, 58, 54, 78, 70, 76, 86, 90, 60, 63, 71, 70, 50, 50, 49, 64, 53, 79, 43, 40, 55, 50, 49, 51, 52, 58, 40, 55, 54, 47, 56, 54, 63, 58, 37, 57, 43, 50, 54, 54, 64, 55, 59, 48, 63, 30, 28, 27, 18, 20, 10, 15, 9, 1, 3, 3, 1, 1, 1, 2, 1, 2, 1, 2, 1, 1, 1, 3, 1, 1, 2, 1, 1]
YTOT: [3, 5, 7, 10, 13, 16, 21, 26, 32, 37, 42, 49, 57, 67, 81, 99, 117, 136, 156, 172, 197, 226, 255, 296, 352, 412, 470, 528, 582, 660, 730, 806, 892, 982, 1042, 1105, 1176, 1246, 1296, 1346, 1395, 1459, 1512, 1591, 1634, 1674, 1729, 1779, 1828, 1879, 1931, 1989, 2029, 2084, 2138, 2185, 2241, 2295, 2358, 2416, 2453, 2510, 2553, 2603, 2657, 2711, 2775, 2830, 2889, 2937, 3000, 3030, 3058, 3085, 3103, 3123, 3133, 3148, 3157, 3158, 3161, 3164, 3165, 3166, 3167, 3169, 3170, 3172, 3173, 3175, 3176, 3177, 3178, 3181, 3182, 3183, 3185, 3186, 3187]

INFO: Total Population: 1928000
INFO: R0: 2
INFO: Incubation Period: 5
INFO: Illness Period: 12
X:[0, 1, 2, 3, 4, 5, 6, 7, 8, 9, 10, 11, 12, 13, 14, 15, 16, 17, 18, 19, 20, 21, 22, 23, 24, 25, 26, 27, 28, 29, 30, 31, 32, 33, 34, 35, 36, 37, 38, 39, 40, 41, 42, 43, 44, 45, 46, 47, 48, 49, 50, 51, 52, 53, 54, 55, 56, 57, 58, 59, 60, 61, 62, 63, 64, 65, 66, 67, 68, 69, 70, 71, 72, 73, 74, 75, 76, 77, 78, 79, 80, 81, 82, 83, 84, 85, 86, 87, 88, 89, 90, 91, 92, 93, 94, 95, 96]
YNEW:[3, 2, 2, 3, 3, 3, 5, 5, 6, 5, 5, 7, 8, 10, 14, 18, 18, 19, 20, 16, 25, 29, 29, 41, 56, 60, 58, 58, 54, 78, 70, 76, 86, 90, 60, 63, 74, 60, 53, 57, 55, 36, 50, 47, 50, 54, 49, 67, 40, 41, 57, 60, 59, 34, 42, 57, 55, 62, 51, 55, 35, 37, 45, 52, 60, 48, 47, 60, 51, 43, 59, 42, 25, 31, 30, 17, 17, 12, 7, 6, 2, 4, 3, 1, 1, 1, 1, 3, 2, 3, 1, 1, 3, 2, 1, 1]
YTOT: [3, 5, 7, 10, 13, 16, 21, 26, 32, 37, 42, 49, 57, 67, 81, 99, 117, 136, 156, 172, 197, 226, 255, 296, 352, 412, 470, 528, 582, 660, 730, 806, 892, 982, 1042, 1105, 1179, 1239, 1292, 1349, 1404, 1440, 1490, 1537, 1587, 1641, 1690, 1757, 1797, 1838, 1895, 1955, 2014, 2048, 2090, 2147, 2202, 2264, 2315, 2370, 2405, 2442, 2487, 2539, 2599, 2647, 2694, 2754, 2805, 2848, 2907, 2949, 2974, 3005, 3035, 3052, 3069, 3081, 3088, 3094, 3096, 3100, 3103, 3104, 3105, 3106, 3107, 3110, 3112, 3115, 3116, 3117, 3120, 3122, 3123, 3124]

INFO: Total Population: 1928000
INFO: R0: 2
INFO: Incubation Period: 5
INFO: Illness Period: 12
X:[0, 1, 2, 3, 4, 5, 6, 7, 8, 9, 10, 11, 12, 13, 14, 15, 16, 17, 18, 19, 20, 21, 22, 23, 24, 25, 26, 27, 28, 29, 30, 31, 32, 33, 34, 35, 36, 37, 38, 39, 40, 41, 42, 43, 44, 45, 46, 47, 48, 49, 50, 51, 52, 53, 54, 55, 56, 57, 58, 59, 60, 61, 62, 63, 64, 65, 66, 67, 68, 69, 70, 71, 72, 73, 74, 75, 76, 77, 78, 79, 80, 81, 82, 83, 84, 85, 86, 87, 88, 89, 90, 91, 92, 93, 94, 95, 96, 97, 98, 99]
YNEW:[3, 2, 2, 3, 3, 3, 5, 5, 6, 5, 5, 7, 8, 10, 14, 18, 18, 19, 20, 16, 25, 29, 29, 41, 56, 60, 58, 58, 54, 78, 70, 76, 86, 90, 60, 63, 56, 66, 66, 44, 56, 49, 59, 59, 62, 58, 33, 44, 50, 45, 53, 47, 61, 40, 61, 60, 44, 57, 54, 53, 41, 56, 59, 53, 46, 50, 54, 48, 47, 61, 43, 37, 41, 32, 18, 14, 18, 12, 6, 5, 3, 3, 2, 2, 1, 1, 3, 1, 1, 2, 1, 1, 1, 2, 2, 1, 1, 1, 1]
YTOT: [3, 5, 7, 10, 13, 16, 21, 26, 32, 37, 42, 49, 57, 67, 81, 99, 117, 136, 156, 172, 197, 226, 255, 296, 352, 412, 470, 528, 582, 660, 730, 806, 892, 982, 1042, 1105, 1161, 1227, 1293, 1337, 1393, 1442, 1501, 1560, 1622, 1680, 1713, 1757, 1807, 1852, 1905, 1952, 2013, 2053, 2114, 2174, 2218, 2275, 2329, 2382, 2423, 2479, 2538, 2591, 2637, 2687, 2741, 2789, 2836, 2897, 2940, 2977, 3018, 3050, 3068, 3082, 3100, 3112, 3118, 3123, 3126, 3129, 3131, 3133, 3134, 3135, 3138, 3139, 3140, 3142, 3143, 3144, 3145, 3147, 3149, 3150, 3151, 3152, 3153]

INFO: Total Population: 1928000
INFO: R0: 2
INFO: Incubation Period: 5
INFO: Illness Period: 12
X:[0, 1, 2, 3, 4, 5, 6, 7, 8, 9, 10, 11, 12, 13, 14, 15, 16, 17, 18, 19, 20, 21, 22, 23, 24, 25, 26, 27, 28, 29, 30, 31, 32, 33, 34, 35, 36, 37, 38, 39, 40, 41, 42, 43, 44, 45, 46, 47, 48, 49, 50, 51, 52, 53, 54, 55, 56, 57, 58, 59, 60, 61, 62, 63, 64, 65, 66, 67, 68, 69, 70, 71, 72, 73, 74, 75, 76, 77, 78, 79, 80, 81, 82, 83, 84, 85, 86, 87, 88, 89, 90, 91, 92, 93, 94, 95, 96, 97, 98]
YNEW:[3, 2, 2, 3, 3, 3, 5, 5, 6, 5, 5, 7, 8, 10, 14, 18, 18, 19, 20, 16, 25, 29, 29, 41, 56, 60, 58, 58, 54, 78, 70, 76, 86, 90, 60, 63, 75, 57, 58, 60, 47, 34, 61, 63, 47, 55, 54, 56, 48, 58, 46, 48, 47, 57, 54, 57, 44, 63, 57, 40, 53, 56, 47, 48, 55, 53, 49, 40, 51, 57, 55, 32, 40, 25, 29, 17, 10, 11, 6, 3, 5, 2, 1, 1, 1, 2, 2, 1, 1, 1, 1, 1, 2, 1, 2, 2, 2, 1]
YTOT: [3, 5, 7, 10, 13, 16, 21, 26, 32, 37, 42, 49, 57, 67, 81, 99, 117, 136, 156, 172, 197, 226, 255, 296, 352, 412, 470, 528, 582, 660, 730, 806, 892, 982, 1042, 1105, 1180, 1237, 1295, 1355, 1402, 1436, 1497, 1560, 1607, 1662, 1716, 1772, 1820, 1878, 1924, 1972, 2019, 2076, 2130, 2187, 2231, 2294, 2351, 2391, 2444, 2500, 2547, 2595, 2650, 2703, 2752, 2792, 2843, 2900, 2955, 2987, 3027, 3052, 3081, 3098, 3108, 3119, 3125, 3128, 3133, 3135, 3136, 3137, 3138, 3140, 3142, 3143, 3144, 3145, 3146, 3147, 3149, 3150, 3152, 3154, 3156, 3157]

INFO: Total Population: 1928000
INFO: R0: 2
INFO: Incubation Period: 5
INFO: Illness Period: 12
X:[0, 1, 2, 3, 4, 5, 6, 7, 8, 9, 10, 11, 12, 13, 14, 15, 16, 17, 18, 19, 20, 21, 22, 23, 24, 25, 26, 27, 28, 29, 30, 31, 32, 33, 34, 35, 36, 37, 38, 39, 40, 41, 42, 43, 44, 45, 46, 47, 48, 49, 50, 51, 52, 53, 54, 55, 56, 57, 58, 59, 60, 61, 62, 63, 64, 65, 66, 67, 68, 69, 70, 71, 72, 73, 74, 75, 76, 77, 78, 79, 80, 81, 82, 83, 84, 85, 86, 87, 88, 89, 90, 91, 92, 93]
YNEW:[3, 2, 2, 3, 3, 3, 5, 5, 6, 5, 5, 7, 8, 10, 14, 18, 18, 19, 20, 16, 25, 29, 29, 41, 56, 60, 58, 58, 54, 78, 70, 76, 86, 90, 60, 63, 57, 63, 44, 51, 58, 67, 46, 51, 58, 58, 47, 41, 59, 56, 50, 44, 52, 50, 52, 35, 67, 55, 50, 47, 54, 50, 55, 63, 48, 46, 53, 51, 56, 52, 47, 43, 36, 29, 22, 24, 18, 5, 6, 6, 3, 3, 2, 1, 3, 2, 2, 2, 2, 2, 2, 1, 1]
YTOT: [3, 5, 7, 10, 13, 16, 21, 26, 32, 37, 42, 49, 57, 67, 81, 99, 117, 136, 156, 172, 197, 226, 255, 296, 352, 412, 470, 528, 582, 660, 730, 806, 892, 982, 1042, 1105, 1162, 1225, 1269, 1320, 1378, 1445, 1491, 1542, 1600, 1658, 1705, 1746, 1805, 1861, 1911, 1955, 2007, 2057, 2109, 2144, 2211, 2266, 2316, 2363, 2417, 2467, 2522, 2585, 2633, 2679, 2732, 2783, 2839, 2891, 2938, 2981, 3017, 3046, 3068, 3092, 3110, 3115, 3121, 3127, 3130, 3133, 3135, 3136, 3139, 3141, 3143, 3145, 3147, 3149, 3151, 3152, 3153]

INFO: Total Population: 1928000
INFO: R0: 2
INFO: Incubation Period: 5
INFO: Illness Period: 12
X:[0, 1, 2, 3, 4, 5, 6, 7, 8, 9, 10, 11, 12, 13, 14, 15, 16, 17, 18, 19, 20, 21, 22, 23, 24, 25, 26, 27, 28, 29, 30, 31, 32, 33, 34, 35, 36, 37, 38, 39, 40, 41, 42, 43, 44, 45, 46, 47, 48, 49, 50, 51, 52, 53, 54, 55, 56, 57, 58, 59, 60, 61, 62, 63, 64, 65, 66, 67, 68, 69, 70, 71, 72, 73, 74, 75, 76, 77, 78, 79, 80, 81, 82, 83, 84, 85, 86, 87, 88, 89, 90, 91, 92, 93, 94, 95, 96, 97]
YNEW:[3, 2, 2, 3, 3, 3, 5, 5, 6, 5, 5, 7, 8, 10, 14, 18, 18, 19, 20, 16, 25, 29, 29, 41, 56, 60, 58, 58, 54, 78, 70, 76, 86, 90, 60, 63, 56, 62, 64, 66, 43, 47, 60, 48, 56, 49, 63, 49, 45, 51, 44, 45, 57, 44, 66, 48, 47, 54, 49, 41, 73, 49, 55, 58, 36, 40, 55, 46, 51, 45, 51, 42, 48, 29, 15, 19, 16, 6, 12, 9, 6, 1, 1, 1, 2, 3, 1, 1, 1, 1, 1, 1, 2, 1, 1, 2, 1]
YTOT: [3, 5, 7, 10, 13, 16, 21, 26, 32, 37, 42, 49, 57, 67, 81, 99, 117, 136, 156, 172, 197, 226, 255, 296, 352, 412, 470, 528, 582, 660, 730, 806, 892, 982, 1042, 1105, 1161, 1223, 1287, 1353, 1396, 1443, 1503, 1551, 1607, 1656, 1719, 1768, 1813, 1864, 1908, 1953, 2010, 2054, 2120, 2168, 2215, 2269, 2318, 2359, 2432, 2481, 2536, 2594, 2630, 2670, 2725, 2771, 2822, 2867, 2918, 2960, 3008, 3037, 3052, 3071, 3087, 3093, 3105, 3114, 3120, 3121, 3122, 3123, 3125, 3128, 3129, 3130, 3131, 3132, 3133, 3134, 3136, 3137, 3138, 3140, 3141]

INFO: Total Population: 1928000
INFO: R0: 2
INFO: Incubation Period: 5
INFO: Illness Period: 12
X:[0, 1, 2, 3, 4, 5, 6, 7, 8, 9, 10, 11, 12, 13, 14, 15, 16, 17, 18, 19, 20, 21, 22, 23, 24, 25, 26, 27, 28, 29, 30, 31, 32, 33, 34, 35, 36, 37, 38, 39, 40, 41, 42, 43, 44, 45, 46, 47, 48, 49, 50, 51, 52, 53, 54, 55, 56, 57, 58, 59, 60, 61, 62, 63, 64, 65, 66, 67, 68, 69, 70, 71, 72, 73, 74, 75, 76, 77, 78, 79, 80, 81, 82, 83, 84, 85, 86, 87, 88, 89, 90, 91, 92, 93, 94, 95, 96]
YNEW:[3, 2, 2, 3, 3, 3, 5, 5, 6, 5, 5, 7, 8, 10, 14, 18, 18, 19, 20, 16, 25, 29, 29, 41, 56, 60, 58, 58, 54, 78, 70, 76, 86, 90, 60, 63, 71, 61, 39, 59, 49, 57, 68, 56, 57, 37, 50, 44, 54, 58, 42, 51, 53, 49, 54, 47, 49, 59, 56, 48, 43, 50, 59, 51, 57, 41, 55, 56, 59, 55, 51, 34, 39, 27, 28, 23, 14, 11, 6, 7, 4, 3, 1, 1, 1, 2, 2, 1, 1, 3, 1, 1, 1, 3, 1, 1]
YTOT: [3, 5, 7, 10, 13, 16, 21, 26, 32, 37, 42, 49, 57, 67, 81, 99, 117, 136, 156, 172, 197, 226, 255, 296, 352, 412, 470, 528, 582, 660, 730, 806, 892, 982, 1042, 1105, 1176, 1237, 1276, 1335, 1384, 1441, 1509, 1565, 1622, 1659, 1709, 1753, 1807, 1865, 1907, 1958, 2011, 2060, 2114, 2161, 2210, 2269, 2325, 2373, 2416, 2466, 2525, 2576, 2633, 2674, 2729, 2785, 2844, 2899, 2950, 2984, 3023, 3050, 3078, 3101, 3115, 3126, 3132, 3139, 3143, 3146, 3147, 3148, 3149, 3151, 3153, 3154, 3155, 3158, 3159, 3160, 3161, 3164, 3165, 3166]

INFO: Total Population: 1928000
INFO: R0: 2
INFO: Incubation Period: 5
INFO: Illness Period: 12
X:[0, 1, 2, 3, 4, 5, 6, 7, 8, 9, 10, 11, 12, 13, 14, 15, 16, 17, 18, 19, 20, 21, 22, 23, 24, 25, 26, 27, 28, 29, 30, 31, 32, 33, 34, 35, 36, 37, 38, 39, 40, 41, 42, 43, 44, 45, 46, 47, 48, 49, 50, 51, 52, 53, 54, 55, 56, 57, 58, 59, 60, 61, 62, 63, 64, 65, 66, 67, 68, 69, 70, 71, 72, 73, 74, 75, 76, 77, 78, 79, 80, 81, 82, 83, 84, 85, 86, 87, 88, 89, 90, 91, 92, 93, 94, 95, 96, 97]
YNEW:[3, 2, 2, 3, 3, 3, 5, 5, 6, 5, 5, 7, 8, 10, 14, 18, 18, 19, 20, 16, 25, 29, 29, 41, 56, 60, 58, 58, 54, 78, 70, 76, 86, 90, 60, 63, 60, 55, 62, 63, 58, 41, 52, 72, 52, 59, 48, 47, 56, 48, 50, 52, 52, 52, 57, 66, 43, 63, 46, 48, 54, 51, 47, 54, 57, 45, 56, 49, 52, 58, 42, 48, 28, 26, 24, 21, 14, 10, 3, 8, 1, 3, 2, 1, 1, 2, 1, 1, 2, 2, 2, 1, 1, 1, 1, 2, 1]
YTOT: [3, 5, 7, 10, 13, 16, 21, 26, 32, 37, 42, 49, 57, 67, 81, 99, 117, 136, 156, 172, 197, 226, 255, 296, 352, 412, 470, 528, 582, 660, 730, 806, 892, 982, 1042, 1105, 1165, 1220, 1282, 1345, 1403, 1444, 1496, 1568, 1620, 1679, 1727, 1774, 1830, 1878, 1928, 1980, 2032, 2084, 2141, 2207, 2250, 2313, 2359, 2407, 2461, 2512, 2559, 2613, 2670, 2715, 2771, 2820, 2872, 2930, 2972, 3020, 3048, 3074, 3098, 3119, 3133, 3143, 3146, 3154, 3155, 3158, 3160, 3161, 3162, 3164, 3165, 3166, 3168, 3170, 3172, 3173, 3174, 3175, 3176, 3178, 3179]

INFO: Total Population: 1928000
INFO: R0: 2
INFO: Incubation Period: 5
INFO: Illness Period: 12
X:[0, 1, 2, 3, 4, 5, 6, 7, 8, 9, 10, 11, 12, 13, 14, 15, 16, 17, 18, 19, 20, 21, 22, 23, 24, 25, 26, 27, 28, 29, 30, 31, 32, 33, 34, 35, 36, 37, 38, 39, 40, 41, 42, 43, 44, 45, 46, 47, 48, 49, 50, 51, 52, 53, 54, 55, 56, 57, 58, 59, 60, 61, 62, 63, 64, 65, 66, 67, 68, 69, 70, 71, 72, 73, 74, 75, 76, 77, 78, 79, 80, 81, 82, 83, 84, 85, 86, 87, 88, 89, 90, 91, 92, 93, 94, 95]
YNEW:[3, 2, 2, 3, 3, 3, 5, 5, 6, 5, 5, 7, 8, 10, 14, 18, 18, 19, 20, 16, 25, 29, 29, 41, 56, 60, 58, 58, 54, 78, 70, 76, 86, 90, 60, 63, 64, 56, 58, 62, 48, 54, 47, 54, 60, 42, 63, 57, 55, 54, 36, 48, 53, 62, 45, 57, 49, 60, 55, 49, 45, 53, 54, 51, 49, 49, 61, 53, 51, 59, 52, 27, 44, 26, 23, 13, 7, 11, 8, 4, 2, 1, 1, 2, 2, 2, 3, 2, 1, 1, 2, 3, 2, 1, 1]
YTOT: [3, 5, 7, 10, 13, 16, 21, 26, 32, 37, 42, 49, 57, 67, 81, 99, 117, 136, 156, 172, 197, 226, 255, 296, 352, 412, 470, 528, 582, 660, 730, 806, 892, 982, 1042, 1105, 1169, 1225, 1283, 1345, 1393, 1447, 1494, 1548, 1608, 1650, 1713, 1770, 1825, 1879, 1915, 1963, 2016, 2078, 2123, 2180, 2229, 2289, 2344, 2393, 2438, 2491, 2545, 2596, 2645, 2694, 2755, 2808, 2859, 2918, 2970, 2997, 3041, 3067, 3090, 3103, 3110, 3121, 3129, 3133, 3135, 3136, 3137, 3139, 3141, 3143, 3146, 3148, 3149, 3150, 3152, 3155, 3157, 3158, 3159]

INFO: Total Population: 1928000
INFO: R0: 2
INFO: Incubation Period: 5
INFO: Illness Period: 12
X:[0, 1, 2, 3, 4, 5, 6, 7, 8, 9, 10, 11, 12, 13, 14, 15, 16, 17, 18, 19, 20, 21, 22, 23, 24, 25, 26, 27, 28, 29, 30, 31, 32, 33, 34, 35, 36, 37, 38, 39, 40, 41, 42, 43, 44, 45, 46, 47, 48, 49, 50, 51, 52, 53, 54, 55, 56, 57, 58, 59, 60, 61, 62, 63, 64, 65, 66, 67, 68, 69, 70, 71, 72, 73, 74, 75, 76, 77, 78, 79, 80, 81, 82, 83, 84, 85, 86, 87, 88, 89, 90, 91, 92, 93, 94, 95, 96, 97, 98]
YNEW:[3, 2, 2, 3, 3, 3, 5, 5, 6, 5, 5, 7, 8, 10, 14, 18, 18, 19, 20, 16, 25, 29, 29, 41, 56, 60, 58, 58, 54, 78, 70, 76, 86, 90, 60, 63, 50, 78, 63, 50, 46, 62, 56, 55, 57, 48, 46, 51, 50, 44, 51, 46, 50, 59, 54, 38, 56, 58, 45, 49, 51, 51, 50, 54, 50, 41, 62, 46, 55, 46, 55, 55, 25, 32, 20, 19, 7, 13, 10, 3, 9, 1, 2, 2, 2, 1, 1, 1, 2, 1, 1, 1, 1, 3, 2, 2, 1, 1]
YTOT: [3, 5, 7, 10, 13, 16, 21, 26, 32, 37, 42, 49, 57, 67, 81, 99, 117, 136, 156, 172, 197, 226, 255, 296, 352, 412, 470, 528, 582, 660, 730, 806, 892, 982, 1042, 1105, 1155, 1233, 1296, 1346, 1392, 1454, 1510, 1565, 1622, 1670, 1716, 1767, 1817, 1861, 1912, 1958, 2008, 2067, 2121, 2159, 2215, 2273, 2318, 2367, 2418, 2469, 2519, 2573, 2623, 2664, 2726, 2772, 2827, 2873, 2928, 2983, 3008, 3040, 3060, 3079, 3086, 3099, 3109, 3112, 3121, 3122, 3124, 3126, 3128, 3129, 3130, 3131, 3133, 3134, 3135, 3136, 3137, 3140, 3142, 3144, 3145, 3146]

INFO: Total Population: 1928000
INFO: R0: 2
INFO: Incubation Period: 5
INFO: Illness Period: 12
X:[0, 1, 2, 3, 4, 5, 6, 7, 8, 9, 10, 11, 12, 13, 14, 15, 16, 17, 18, 19, 20, 21, 22, 23, 24, 25, 26, 27, 28, 29, 30, 31, 32, 33, 34, 35, 36, 37, 38, 39, 40, 41, 42, 43, 44, 45, 46, 47, 48, 49, 50, 51, 52, 53, 54, 55, 56, 57, 58, 59, 60, 61, 62, 63, 64, 65, 66, 67, 68, 69, 70, 71, 72, 73, 74, 75, 76, 77, 78, 79, 80, 81, 82, 83, 84, 85, 86, 87, 88, 89, 90, 91, 92, 93, 94, 95]
YNEW:[3, 2, 2, 3, 3, 3, 5, 5, 6, 5, 5, 7, 8, 10, 14, 18, 18, 19, 20, 16, 25, 29, 29, 41, 56, 60, 58, 58, 54, 78, 70, 76, 86, 90, 60, 63, 70, 66, 60, 51, 41, 31, 62, 67, 51, 55, 51, 38, 50, 49, 58, 47, 41, 42, 56, 45, 63, 50, 54, 43, 50, 53, 48, 39, 49, 60, 56, 56, 44, 41, 59, 69, 26, 30, 21, 25, 13, 5, 7, 5, 2, 4, 2, 2, 1, 5, 1, 2, 2, 2, 1, 2, 1, 2, 1]
YTOT: [3, 5, 7, 10, 13, 16, 21, 26, 32, 37, 42, 49, 57, 67, 81, 99, 117, 136, 156, 172, 197, 226, 255, 296, 352, 412, 470, 528, 582, 660, 730, 806, 892, 982, 1042, 1105, 1175, 1241, 1301, 1352, 1393, 1424, 1486, 1553, 1604, 1659, 1710, 1748, 1798, 1847, 1905, 1952, 1993, 2035, 2091, 2136, 2199, 2249, 2303, 2346, 2396, 2449, 2497, 2536, 2585, 2645, 2701, 2757, 2801, 2842, 2901, 2970, 2996, 3026, 3047, 3072, 3085, 3090, 3097, 3102, 3104, 3108, 3110, 3112, 3113, 3118, 3119, 3121, 3123, 3125, 3126, 3128, 3129, 3131, 3132]

END