

INFO: Total Population: 1922200
INFO: R0: 2
INFO: Incubation Period: 5
INFO: Illness Period: 7
X:[0, 1, 2, 3, 4, 5, 6, 7, 8, 9, 10, 11, 12, 13, 14, 15, 16, 17, 18, 19, 20, 21, 22, 23, 24, 25, 26, 27, 28, 29, 30, 31, 32, 33, 34, 35, 36, 37, 38, 39, 40, 41, 42, 43, 44, 45, 46, 47, 48, 49, 50, 51, 52, 53, 54, 55, 56, 57, 58, 59, 60, 61, 62, 63, 64, 65, 66, 67, 68, 69, 70, 71, 72, 73, 74, 75, 76, 77, 78, 79, 80, 81, 82, 83, 84, 85, 86, 87, 88, 89, 90, 91, 92, 93, 94, 95, 96, 97, 98, 99, 100, 101, 102, 103, 104, 105, 106, 107, 108, 109, 110, 111, 112, 113, 114, 115]
YNEW:[0, 0, 0, 0, 0, 0, 0, 1, 0, 0, 0, 0, 0, 0, 0, 0, 0, 0, 0, 0, 0, 0, 0, 0, 0, 0, 0, 0, 0, 0, 0, 0, 0, 0, 0, 1, 1, 1, 2, 2, 3, 3, 3, 4, 6, 7, 7, 10, 12, 17, 20, 30, 36, 36, 36, 40, 44, 48, 54, 50, 46, 54, 60, 67, 71, 70, 60, 46, 54, 54, 54, 57, 52, 43, 41, 45, 43, 54, 60, 68, 61, 49, 43, 40, 32, 28, 30, 23, 18, 15, 10, 9, 20, 25, 26, 33, 9, 8, 11, 12, 7, 7, 5, 14, 8, 10, 8, 5, 4, 1, 3, 1, 1, 1, 1]
YTOT: [0, 0, 0, 0, 0, 0, 0, 1, 1, 1, 1, 1, 1, 1, 1, 1, 1, 1, 1, 1, 1, 1, 1, 1, 1, 1, 1, 1, 1, 1, 1, 1, 1, 1, 1, 2, 3, 4, 6, 8, 11, 14, 17, 21, 27, 34, 41, 51, 63, 80, 100, 130, 166, 202, 238, 278, 322, 370, 424, 474, 520, 574, 634, 701, 772, 842, 902, 948, 1002, 1056, 1110, 1167, 1219, 1262, 1303, 1348, 1391, 1445, 1505, 1573, 1634, 1683, 1726, 1766, 1798, 1826, 1856, 1879, 1897, 1912, 1922, 1931, 1951, 1976, 2002, 2035, 2044, 2052, 2063, 2075, 2082, 2089, 2094, 2108, 2116, 2126, 2134, 2139, 2143, 2144, 2147, 2148, 2149, 2150, 2151]

INFO: Total Population: 1922200
INFO: R0: 2
INFO: Incubation Period: 5
INFO: Illness Period: 7
X:[0, 1, 2, 3, 4, 5, 6, 7, 8, 9, 10, 11, 12, 13, 14, 15, 16, 17, 18, 19, 20, 21, 22, 23, 24, 25, 26, 27, 28, 29, 30, 31, 32, 33, 34, 35, 36, 37, 38, 39, 40, 41, 42, 43, 44, 45, 46, 47, 48, 49, 50, 51, 52, 53, 54, 55, 56, 57, 58, 59, 60, 61, 62, 63, 64, 65, 66, 67, 68, 69, 70, 71, 72, 73, 74, 75, 76, 77, 78, 79, 80, 81, 82, 83, 84, 85, 86, 87, 88, 89, 90, 91, 92, 93, 94, 95, 96, 97, 98, 99, 100, 101, 102, 103, 104, 105, 106, 107, 108, 109, 110, 111, 112, 113, 114, 115]
YNEW:[0, 0, 0, 0, 0, 0, 0, 1, 0, 0, 0, 0, 0, 0, 0, 0, 0, 0, 0, 0, 0, 0, 0, 0, 0, 0, 0, 0, 0, 0, 0, 0, 0, 0, 0, 1, 1, 1, 2, 2, 3, 3, 3, 4, 6, 7, 7, 10, 12, 17, 20, 30, 36, 36, 36, 40, 44, 48, 54, 50, 46, 54, 60, 67, 71, 70, 60, 46, 54, 54, 54, 57, 52, 43, 41, 45, 43, 54, 60, 68, 61, 49, 43, 40, 32, 28, 30, 23, 18, 15, 10, 9, 20, 25, 26, 33, 16, 14, 15, 8, 10, 6, 7, 8, 9, 6, 9, 5, 5, 2, 2, 1, 1, 1, 1]
YTOT: [0, 0, 0, 0, 0, 0, 0, 1, 1, 1, 1, 1, 1, 1, 1, 1, 1, 1, 1, 1, 1, 1, 1, 1, 1, 1, 1, 1, 1, 1, 1, 1, 1, 1, 1, 2, 3, 4, 6, 8, 11, 14, 17, 21, 27, 34, 41, 51, 63, 80, 100, 130, 166, 202, 238, 278, 322, 370, 424, 474, 520, 574, 634, 701, 772, 842, 902, 948, 1002, 1056, 1110, 1167, 1219, 1262, 1303, 1348, 1391, 1445, 1505, 1573, 1634, 1683, 1726, 1766, 1798, 1826, 1856, 1879, 1897, 1912, 1922, 1931, 1951, 1976, 2002, 2035, 2051, 2065, 2080, 2088, 2098, 2104, 2111, 2119, 2128, 2134, 2143, 2148, 2153, 2155, 2157, 2158, 2159, 2160, 2161]

INFO: Total Population: 1922200
INFO: R0: 2
INFO: Incubation Period: 5
INFO: Illness Period: 7
X:[0, 1, 2, 3, 4, 5, 6, 7, 8, 9, 10, 11, 12, 13, 14, 15, 16, 17, 18, 19, 20, 21, 22, 23, 24, 25, 26, 27, 28, 29, 30, 31, 32, 33, 34, 35, 36, 37, 38, 39, 40, 41, 42, 43, 44, 45, 46, 47, 48, 49, 50, 51, 52, 53, 54, 55, 56, 57, 58, 59, 60, 61, 62, 63, 64, 65, 66, 67, 68, 69, 70, 71, 72, 73, 74, 75, 76, 77, 78, 79, 80, 81, 82, 83, 84, 85, 86, 87, 88, 89, 90, 91, 92, 93, 94, 95, 96, 97, 98, 99, 100, 101, 102, 103, 104, 105, 106, 107, 108, 109, 110, 111, 112]
YNEW:[0, 0, 0, 0, 0, 0, 0, 1, 0, 0, 0, 0, 0, 0, 0, 0, 0, 0, 0, 0, 0, 0, 0, 0, 0, 0, 0, 0, 0, 0, 0, 0, 0, 0, 0, 1, 1, 1, 2, 2, 3, 3, 3, 4, 6, 7, 7, 10, 12, 17, 20, 30, 36, 36, 36, 40, 44, 48, 54, 50, 46, 54, 60, 67, 71, 70, 60, 46, 54, 54, 54, 57, 52, 43, 41, 45, 43, 54, 60, 68, 61, 49, 43, 40, 32, 28, 30, 23, 18, 15, 10, 9, 20, 25, 26, 33, 11, 7, 9, 5, 5, 8, 9, 1, 8, 9, 8, 5, 5, 3, 1, 1]
YTOT: [0, 0, 0, 0, 0, 0, 0, 1, 1, 1, 1, 1, 1, 1, 1, 1, 1, 1, 1, 1, 1, 1, 1, 1, 1, 1, 1, 1, 1, 1, 1, 1, 1, 1, 1, 2, 3, 4, 6, 8, 11, 14, 17, 21, 27, 34, 41, 51, 63, 80, 100, 130, 166, 202, 238, 278, 322, 370, 424, 474, 520, 574, 634, 701, 772, 842, 902, 948, 1002, 1056, 1110, 1167, 1219, 1262, 1303, 1348, 1391, 1445, 1505, 1573, 1634, 1683, 1726, 1766, 1798, 1826, 1856, 1879, 1897, 1912, 1922, 1931, 1951, 1976, 2002, 2035, 2046, 2053, 2062, 2067, 2072, 2080, 2089, 2090, 2098, 2107, 2115, 2120, 2125, 2128, 2129, 2130]

INFO: Total Population: 1922200
INFO: R0: 2
INFO: Incubation Period: 5
INFO: Illness Period: 7
X:[0, 1, 2, 3, 4, 5, 6, 7, 8, 9, 10, 11, 12, 13, 14, 15, 16, 17, 18, 19, 20, 21, 22, 23, 24, 25, 26, 27, 28, 29, 30, 31, 32, 33, 34, 35, 36, 37, 38, 39, 40, 41, 42, 43, 44, 45, 46, 47, 48, 49, 50, 51, 52, 53, 54, 55, 56, 57, 58, 59, 60, 61, 62, 63, 64, 65, 66, 67, 68, 69, 70, 71, 72, 73, 74, 75, 76, 77, 78, 79, 80, 81, 82, 83, 84, 85, 86, 87, 88, 89, 90, 91, 92, 93, 94, 95, 96, 97, 98, 99, 100, 101, 102, 103, 104, 105, 106, 107, 108, 109, 110, 111, 112, 113, 114, 115]
YNEW:[0, 0, 0, 0, 0, 0, 0, 1, 0, 0, 0, 0, 0, 0, 0, 0, 0, 0, 0, 0, 0, 0, 0, 0, 0, 0, 0, 0, 0, 0, 0, 0, 0, 0, 0, 1, 1, 1, 2, 2, 3, 3, 3, 4, 6, 7, 7, 10, 12, 17, 20, 30, 36, 36, 36, 40, 44, 48, 54, 50, 46, 54, 60, 67, 71, 70, 60, 46, 54, 54, 54, 57, 52, 43, 41, 45, 43, 54, 60, 68, 61, 49, 43, 40, 32, 28, 30, 23, 18, 15, 10, 9, 20, 25, 26, 33, 8, 12, 11, 15, 9, 5, 9, 7, 14, 5, 4, 4, 2, 4, 3, 1, 3, 3, 1]
YTOT: [0, 0, 0, 0, 0, 0, 0, 1, 1, 1, 1, 1, 1, 1, 1, 1, 1, 1, 1, 1, 1, 1, 1, 1, 1, 1, 1, 1, 1, 1, 1, 1, 1, 1, 1, 2, 3, 4, 6, 8, 11, 14, 17, 21, 27, 34, 41, 51, 63, 80, 100, 130, 166, 202, 238, 278, 322, 370, 424, 474, 520, 574, 634, 701, 772, 842, 902, 948, 1002, 1056, 1110, 1167, 1219, 1262, 1303, 1348, 1391, 1445, 1505, 1573, 1634, 1683, 1726, 1766, 1798, 1826, 1856, 1879, 1897, 1912, 1922, 1931, 1951, 1976, 2002, 2035, 2043, 2055, 2066, 2081, 2090, 2095, 2104, 2111, 2125, 2130, 2134, 2138, 2140, 2144, 2147, 2148, 2151, 2154, 2155]

INFO: Total Population: 1922200
INFO: R0: 2
INFO: Incubation Period: 5
INFO: Illness Period: 7
X:[0, 1, 2, 3, 4, 5, 6, 7, 8, 9, 10, 11, 12, 13, 14, 15, 16, 17, 18, 19, 20, 21, 22, 23, 24, 25, 26, 27, 28, 29, 30, 31, 32, 33, 34, 35, 36, 37, 38, 39, 40, 41, 42, 43, 44, 45, 46, 47, 48, 49, 50, 51, 52, 53, 54, 55, 56, 57, 58, 59, 60, 61, 62, 63, 64, 65, 66, 67, 68, 69, 70, 71, 72, 73, 74, 75, 76, 77, 78, 79, 80, 81, 82, 83, 84, 85, 86, 87, 88, 89, 90, 91, 92, 93, 94, 95, 96, 97, 98, 99, 100, 101, 102, 103, 104, 105, 106, 107, 108, 109, 110, 111, 112]
YNEW:[0, 0, 0, 0, 0, 0, 0, 1, 0, 0, 0, 0, 0, 0, 0, 0, 0, 0, 0, 0, 0, 0, 0, 0, 0, 0, 0, 0, 0, 0, 0, 0, 0, 0, 0, 1, 1, 1, 2, 2, 3, 3, 3, 4, 6, 7, 7, 10, 12, 17, 20, 30, 36, 36, 36, 40, 44, 48, 54, 50, 46, 54, 60, 67, 71, 70, 60, 46, 54, 54, 54, 57, 52, 43, 41, 45, 43, 54, 60, 68, 61, 49, 43, 40, 32, 28, 30, 23, 18, 15, 10, 9, 20, 25, 26, 33, 16, 6, 8, 9, 4, 5, 9, 11, 8, 3, 5, 2, 1, 1, 1, 1]
YTOT: [0, 0, 0, 0, 0, 0, 0, 1, 1, 1, 1, 1, 1, 1, 1, 1, 1, 1, 1, 1, 1, 1, 1, 1, 1, 1, 1, 1, 1, 1, 1, 1, 1, 1, 1, 2, 3, 4, 6, 8, 11, 14, 17, 21, 27, 34, 41, 51, 63, 80, 100, 130, 166, 202, 238, 278, 322, 370, 424, 474, 520, 574, 634, 701, 772, 842, 902, 948, 1002, 1056, 1110, 1167, 1219, 1262, 1303, 1348, 1391, 1445, 1505, 1573, 1634, 1683, 1726, 1766, 1798, 1826, 1856, 1879, 1897, 1912, 1922, 1931, 1951, 1976, 2002, 2035, 2051, 2057, 2065, 2074, 2078, 2083, 2092, 2103, 2111, 2114, 2119, 2121, 2122, 2123, 2124, 2125]

INFO: Total Population: 1922200
INFO: R0: 2
INFO: Incubation Period: 5
INFO: Illness Period: 7
X:[0, 1, 2, 3, 4, 5, 6, 7, 8, 9, 10, 11, 12, 13, 14, 15, 16, 17, 18, 19, 20, 21, 22, 23, 24, 25, 26, 27, 28, 29, 30, 31, 32, 33, 34, 35, 36, 37, 38, 39, 40, 41, 42, 43, 44, 45, 46, 47, 48, 49, 50, 51, 52, 53, 54, 55, 56, 57, 58, 59, 60, 61, 62, 63, 64, 65, 66, 67, 68, 69, 70, 71, 72, 73, 74, 75, 76, 77, 78, 79, 80, 81, 82, 83, 84, 85, 86, 87, 88, 89, 90, 91, 92, 93, 94, 95, 96, 97, 98, 99, 100, 101, 102, 103, 104, 105, 106, 107, 108, 109, 110, 111, 112, 113, 114]
YNEW:[0, 0, 0, 0, 0, 0, 0, 1, 0, 0, 0, 0, 0, 0, 0, 0, 0, 0, 0, 0, 0, 0, 0, 0, 0, 0, 0, 0, 0, 0, 0, 0, 0, 0, 0, 1, 1, 1, 2, 2, 3, 3, 3, 4, 6, 7, 7, 10, 12, 17, 20, 30, 36, 36, 36, 40, 44, 48, 54, 50, 46, 54, 60, 67, 71, 70, 60, 46, 54, 54, 54, 57, 52, 43, 41, 45, 43, 54, 60, 68, 61, 49, 43, 40, 32, 28, 30, 23, 18, 15, 10, 9, 20, 25, 26, 33, 15, 12, 6, 16, 10, 6, 8, 8, 5, 3, 9, 4, 8, 3, 3, 1, 2, 2]
YTOT: [0, 0, 0, 0, 0, 0, 0, 1, 1, 1, 1, 1, 1, 1, 1, 1, 1, 1, 1, 1, 1, 1, 1, 1, 1, 1, 1, 1, 1, 1, 1, 1, 1, 1, 1, 2, 3, 4, 6, 8, 11, 14, 17, 21, 27, 34, 41, 51, 63, 80, 100, 130, 166, 202, 238, 278, 322, 370, 424, 474, 520, 574, 634, 701, 772, 842, 902, 948, 1002, 1056, 1110, 1167, 1219, 1262, 1303, 1348, 1391, 1445, 1505, 1573, 1634, 1683, 1726, 1766, 1798, 1826, 1856, 1879, 1897, 1912, 1922, 1931, 1951, 1976, 2002, 2035, 2050, 2062, 2068, 2084, 2094, 2100, 2108, 2116, 2121, 2124, 2133, 2137, 2145, 2148, 2151, 2152, 2154, 2156]

INFO: Total Population: 1922200
INFO: R0: 2
INFO: Incubation Period: 5
INFO: Illness Period: 7
X:[0, 1, 2, 3, 4, 5, 6, 7, 8, 9, 10, 11, 12, 13, 14, 15, 16, 17, 18, 19, 20, 21, 22, 23, 24, 25, 26, 27, 28, 29, 30, 31, 32, 33, 34, 35, 36, 37, 38, 39, 40, 41, 42, 43, 44, 45, 46, 47, 48, 49, 50, 51, 52, 53, 54, 55, 56, 57, 58, 59, 60, 61, 62, 63, 64, 65, 66, 67, 68, 69, 70, 71, 72, 73, 74, 75, 76, 77, 78, 79, 80, 81, 82, 83, 84, 85, 86, 87, 88, 89, 90, 91, 92, 93, 94, 95, 96, 97, 98, 99, 100, 101, 102, 103, 104, 105, 106, 107, 108, 109, 110, 111, 112, 113, 114, 115, 116, 117]
YNEW:[0, 0, 0, 0, 0, 0, 0, 1, 0, 0, 0, 0, 0, 0, 0, 0, 0, 0, 0, 0, 0, 0, 0, 0, 0, 0, 0, 0, 0, 0, 0, 0, 0, 0, 0, 1, 1, 1, 2, 2, 3, 3, 3, 4, 6, 7, 7, 10, 12, 17, 20, 30, 36, 36, 36, 40, 44, 48, 54, 50, 46, 54, 60, 67, 71, 70, 60, 46, 54, 54, 54, 57, 52, 43, 41, 45, 43, 54, 60, 68, 61, 49, 43, 40, 32, 28, 30, 23, 18, 15, 10, 9, 20, 25, 26, 33, 7, 17, 3, 5, 10, 8, 7, 8, 5, 10, 3, 5, 1, 3, 2, 2, 2, 1, 1, 1, 1]
YTOT: [0, 0, 0, 0, 0, 0, 0, 1, 1, 1, 1, 1, 1, 1, 1, 1, 1, 1, 1, 1, 1, 1, 1, 1, 1, 1, 1, 1, 1, 1, 1, 1, 1, 1, 1, 2, 3, 4, 6, 8, 11, 14, 17, 21, 27, 34, 41, 51, 63, 80, 100, 130, 166, 202, 238, 278, 322, 370, 424, 474, 520, 574, 634, 701, 772, 842, 902, 948, 1002, 1056, 1110, 1167, 1219, 1262, 1303, 1348, 1391, 1445, 1505, 1573, 1634, 1683, 1726, 1766, 1798, 1826, 1856, 1879, 1897, 1912, 1922, 1931, 1951, 1976, 2002, 2035, 2042, 2059, 2062, 2067, 2077, 2085, 2092, 2100, 2105, 2115, 2118, 2123, 2124, 2127, 2129, 2131, 2133, 2134, 2135, 2136, 2137]

INFO: Total Population: 1922200
INFO: R0: 2
INFO: Incubation Period: 5
INFO: Illness Period: 7
X:[0, 1, 2, 3, 4, 5, 6, 7, 8, 9, 10, 11, 12, 13, 14, 15, 16, 17, 18, 19, 20, 21, 22, 23, 24, 25, 26, 27, 28, 29, 30, 31, 32, 33, 34, 35, 36, 37, 38, 39, 40, 41, 42, 43, 44, 45, 46, 47, 48, 49, 50, 51, 52, 53, 54, 55, 56, 57, 58, 59, 60, 61, 62, 63, 64, 65, 66, 67, 68, 69, 70, 71, 72, 73, 74, 75, 76, 77, 78, 79, 80, 81, 82, 83, 84, 85, 86, 87, 88, 89, 90, 91, 92, 93, 94, 95, 96, 97, 98, 99, 100, 101, 102, 103, 104, 105, 106, 107, 108, 109, 110, 111, 112, 113, 114]
YNEW:[0, 0, 0, 0, 0, 0, 0, 1, 0, 0, 0, 0, 0, 0, 0, 0, 0, 0, 0, 0, 0, 0, 0, 0, 0, 0, 0, 0, 0, 0, 0, 0, 0, 0, 0, 1, 1, 1, 2, 2, 3, 3, 3, 4, 6, 7, 7, 10, 12, 17, 20, 30, 36, 36, 36, 40, 44, 48, 54, 50, 46, 54, 60, 67, 71, 70, 60, 46, 54, 54, 54, 57, 52, 43, 41, 45, 43, 54, 60, 68, 61, 49, 43, 40, 32, 28, 30, 23, 18, 15, 10, 9, 20, 25, 26, 33, 12, 14, 14, 8, 9, 7, 6, 9, 2, 10, 5, 2, 1, 2, 1, 5, 1, 1]
YTOT: [0, 0, 0, 0, 0, 0, 0, 1, 1, 1, 1, 1, 1, 1, 1, 1, 1, 1, 1, 1, 1, 1, 1, 1, 1, 1, 1, 1, 1, 1, 1, 1, 1, 1, 1, 2, 3, 4, 6, 8, 11, 14, 17, 21, 27, 34, 41, 51, 63, 80, 100, 130, 166, 202, 238, 278, 322, 370, 424, 474, 520, 574, 634, 701, 772, 842, 902, 948, 1002, 1056, 1110, 1167, 1219, 1262, 1303, 1348, 1391, 1445, 1505, 1573, 1634, 1683, 1726, 1766, 1798, 1826, 1856, 1879, 1897, 1912, 1922, 1931, 1951, 1976, 2002, 2035, 2047, 2061, 2075, 2083, 2092, 2099, 2105, 2114, 2116, 2126, 2131, 2133, 2134, 2136, 2137, 2142, 2143, 2144]

INFO: Total Population: 1922200
INFO: R0: 2
INFO: Incubation Period: 5
INFO: Illness Period: 7
X:[0, 1, 2, 3, 4, 5, 6, 7, 8, 9, 10, 11, 12, 13, 14, 15, 16, 17, 18, 19, 20, 21, 22, 23, 24, 25, 26, 27, 28, 29, 30, 31, 32, 33, 34, 35, 36, 37, 38, 39, 40, 41, 42, 43, 44, 45, 46, 47, 48, 49, 50, 51, 52, 53, 54, 55, 56, 57, 58, 59, 60, 61, 62, 63, 64, 65, 66, 67, 68, 69, 70, 71, 72, 73, 74, 75, 76, 77, 78, 79, 80, 81, 82, 83, 84, 85, 86, 87, 88, 89, 90, 91, 92, 93, 94, 95, 96, 97, 98, 99, 100, 101, 102, 103, 104, 105, 106, 107, 108, 109, 110, 111, 112, 113, 114, 115]
YNEW:[0, 0, 0, 0, 0, 0, 0, 1, 0, 0, 0, 0, 0, 0, 0, 0, 0, 0, 0, 0, 0, 0, 0, 0, 0, 0, 0, 0, 0, 0, 0, 0, 0, 0, 0, 1, 1, 1, 2, 2, 3, 3, 3, 4, 6, 7, 7, 10, 12, 17, 20, 30, 36, 36, 36, 40, 44, 48, 54, 50, 46, 54, 60, 67, 71, 70, 60, 46, 54, 54, 54, 57, 52, 43, 41, 45, 43, 54, 60, 68, 61, 49, 43, 40, 32, 28, 30, 23, 18, 15, 10, 9, 20, 25, 26, 33, 11, 13, 9, 10, 6, 7, 4, 10, 13, 7, 7, 5, 3, 1, 3, 1, 2, 2, 2]
YTOT: [0, 0, 0, 0, 0, 0, 0, 1, 1, 1, 1, 1, 1, 1, 1, 1, 1, 1, 1, 1, 1, 1, 1, 1, 1, 1, 1, 1, 1, 1, 1, 1, 1, 1, 1, 2, 3, 4, 6, 8, 11, 14, 17, 21, 27, 34, 41, 51, 63, 80, 100, 130, 166, 202, 238, 278, 322, 370, 424, 474, 520, 574, 634, 701, 772, 842, 902, 948, 1002, 1056, 1110, 1167, 1219, 1262, 1303, 1348, 1391, 1445, 1505, 1573, 1634, 1683, 1726, 1766, 1798, 1826, 1856, 1879, 1897, 1912, 1922, 1931, 1951, 1976, 2002, 2035, 2046, 2059, 2068, 2078, 2084, 2091, 2095, 2105, 2118, 2125, 2132, 2137, 2140, 2141, 2144, 2145, 2147, 2149, 2151]

INFO: Total Population: 1922200
INFO: R0: 2
INFO: Incubation Period: 5
INFO: Illness Period: 7
X:[0, 1, 2, 3, 4, 5, 6, 7, 8, 9, 10, 11, 12, 13, 14, 15, 16, 17, 18, 19, 20, 21, 22, 23, 24, 25, 26, 27, 28, 29, 30, 31, 32, 33, 34, 35, 36, 37, 38, 39, 40, 41, 42, 43, 44, 45, 46, 47, 48, 49, 50, 51, 52, 53, 54, 55, 56, 57, 58, 59, 60, 61, 62, 63, 64, 65, 66, 67, 68, 69, 70, 71, 72, 73, 74, 75, 76, 77, 78, 79, 80, 81, 82, 83, 84, 85, 86, 87, 88, 89, 90, 91, 92, 93, 94, 95, 96, 97, 98, 99, 100, 101, 102, 103, 104, 105, 106, 107, 108, 109, 110, 111, 112, 113, 114]
YNEW:[0, 0, 0, 0, 0, 0, 0, 1, 0, 0, 0, 0, 0, 0, 0, 0, 0, 0, 0, 0, 0, 0, 0, 0, 0, 0, 0, 0, 0, 0, 0, 0, 0, 0, 0, 1, 1, 1, 2, 2, 3, 3, 3, 4, 6, 7, 7, 10, 12, 17, 20, 30, 36, 36, 36, 40, 44, 48, 54, 50, 46, 54, 60, 67, 71, 70, 60, 46, 54, 54, 54, 57, 52, 43, 41, 45, 43, 54, 60, 68, 61, 49, 43, 40, 32, 28, 30, 23, 18, 15, 10, 9, 20, 25, 26, 33, 11, 9, 10, 10, 5, 7, 8, 13, 7, 3, 4, 5, 2, 7, 1, 1, 1, 1]
YTOT: [0, 0, 0, 0, 0, 0, 0, 1, 1, 1, 1, 1, 1, 1, 1, 1, 1, 1, 1, 1, 1, 1, 1, 1, 1, 1, 1, 1, 1, 1, 1, 1, 1, 1, 1, 2, 3, 4, 6, 8, 11, 14, 17, 21, 27, 34, 41, 51, 63, 80, 100, 130, 166, 202, 238, 278, 322, 370, 424, 474, 520, 574, 634, 701, 772, 842, 902, 948, 1002, 1056, 1110, 1167, 1219, 1262, 1303, 1348, 1391, 1445, 1505, 1573, 1634, 1683, 1726, 1766, 1798, 1826, 1856, 1879, 1897, 1912, 1922, 1931, 1951, 1976, 2002, 2035, 2046, 2055, 2065, 2075, 2080, 2087, 2095, 2108, 2115, 2118, 2122, 2127, 2129, 2136, 2137, 2138, 2139, 2140]

INFO: Total Population: 1922200
INFO: R0: 2
INFO: Incubation Period: 5
INFO: Illness Period: 7
X:[0, 1, 2, 3, 4, 5, 6, 7, 8, 9, 10, 11, 12, 13, 14, 15, 16, 17, 18, 19, 20, 21, 22, 23, 24, 25, 26, 27, 28, 29, 30, 31, 32, 33, 34, 35, 36, 37, 38, 39, 40, 41, 42, 43, 44, 45, 46, 47, 48, 49, 50, 51, 52, 53, 54, 55, 56, 57, 58, 59, 60, 61, 62, 63, 64, 65, 66, 67, 68, 69, 70, 71, 72, 73, 74, 75, 76, 77, 78, 79, 80, 81, 82, 83, 84, 85, 86, 87, 88, 89, 90, 91, 92, 93, 94, 95, 96, 97, 98, 99, 100, 101, 102, 103, 104, 105, 106, 107, 108, 109, 110, 111, 112, 113, 114]
YNEW:[0, 0, 0, 0, 0, 0, 0, 1, 0, 0, 0, 0, 0, 0, 0, 0, 0, 0, 0, 0, 0, 0, 0, 0, 0, 0, 0, 0, 0, 0, 0, 0, 0, 0, 0, 1, 1, 1, 2, 2, 3, 3, 3, 4, 6, 7, 7, 10, 12, 17, 20, 30, 36, 36, 36, 40, 44, 48, 54, 50, 46, 54, 60, 67, 71, 70, 60, 46, 54, 54, 54, 57, 52, 43, 41, 45, 43, 54, 60, 68, 61, 49, 43, 40, 32, 28, 30, 23, 18, 15, 10, 9, 20, 25, 26, 33, 12, 14, 7, 6, 3, 7, 5, 6, 9, 4, 5, 6, 4, 2, 2, 2, 1, 1]
YTOT: [0, 0, 0, 0, 0, 0, 0, 1, 1, 1, 1, 1, 1, 1, 1, 1, 1, 1, 1, 1, 1, 1, 1, 1, 1, 1, 1, 1, 1, 1, 1, 1, 1, 1, 1, 2, 3, 4, 6, 8, 11, 14, 17, 21, 27, 34, 41, 51, 63, 80, 100, 130, 166, 202, 238, 278, 322, 370, 424, 474, 520, 574, 634, 701, 772, 842, 902, 948, 1002, 1056, 1110, 1167, 1219, 1262, 1303, 1348, 1391, 1445, 1505, 1573, 1634, 1683, 1726, 1766, 1798, 1826, 1856, 1879, 1897, 1912, 1922, 1931, 1951, 1976, 2002, 2035, 2047, 2061, 2068, 2074, 2077, 2084, 2089, 2095, 2104, 2108, 2113, 2119, 2123, 2125, 2127, 2129, 2130, 2131]

INFO: Total Population: 1922200
INFO: R0: 2
INFO: Incubation Period: 5
INFO: Illness Period: 7
X:[0, 1, 2, 3, 4, 5, 6, 7, 8, 9, 10, 11, 12, 13, 14, 15, 16, 17, 18, 19, 20, 21, 22, 23, 24, 25, 26, 27, 28, 29, 30, 31, 32, 33, 34, 35, 36, 37, 38, 39, 40, 41, 42, 43, 44, 45, 46, 47, 48, 49, 50, 51, 52, 53, 54, 55, 56, 57, 58, 59, 60, 61, 62, 63, 64, 65, 66, 67, 68, 69, 70, 71, 72, 73, 74, 75, 76, 77, 78, 79, 80, 81, 82, 83, 84, 85, 86, 87, 88, 89, 90, 91, 92, 93, 94, 95, 96, 97, 98, 99, 100, 101, 102, 103, 104, 105, 106, 107, 108, 109, 110, 111, 112, 113, 114]
YNEW:[0, 0, 0, 0, 0, 0, 0, 1, 0, 0, 0, 0, 0, 0, 0, 0, 0, 0, 0, 0, 0, 0, 0, 0, 0, 0, 0, 0, 0, 0, 0, 0, 0, 0, 0, 1, 1, 1, 2, 2, 3, 3, 3, 4, 6, 7, 7, 10, 12, 17, 20, 30, 36, 36, 36, 40, 44, 48, 54, 50, 46, 54, 60, 67, 71, 70, 60, 46, 54, 54, 54, 57, 52, 43, 41, 45, 43, 54, 60, 68, 61, 49, 43, 40, 32, 28, 30, 23, 18, 15, 10, 9, 20, 25, 26, 33, 13, 12, 5, 8, 10, 9, 3, 7, 8, 6, 7, 4, 3, 5, 3, 4, 4, 1]
YTOT: [0, 0, 0, 0, 0, 0, 0, 1, 1, 1, 1, 1, 1, 1, 1, 1, 1, 1, 1, 1, 1, 1, 1, 1, 1, 1, 1, 1, 1, 1, 1, 1, 1, 1, 1, 2, 3, 4, 6, 8, 11, 14, 17, 21, 27, 34, 41, 51, 63, 80, 100, 130, 166, 202, 238, 278, 322, 370, 424, 474, 520, 574, 634, 701, 772, 842, 902, 948, 1002, 1056, 1110, 1167, 1219, 1262, 1303, 1348, 1391, 1445, 1505, 1573, 1634, 1683, 1726, 1766, 1798, 1826, 1856, 1879, 1897, 1912, 1922, 1931, 1951, 1976, 2002, 2035, 2048, 2060, 2065, 2073, 2083, 2092, 2095, 2102, 2110, 2116, 2123, 2127, 2130, 2135, 2138, 2142, 2146, 2147]

INFO: Total Population: 1922200
INFO: R0: 2
INFO: Incubation Period: 5
INFO: Illness Period: 7
X:[0, 1, 2, 3, 4, 5, 6, 7, 8, 9, 10, 11, 12, 13, 14, 15, 16, 17, 18, 19, 20, 21, 22, 23, 24, 25, 26, 27, 28, 29, 30, 31, 32, 33, 34, 35, 36, 37, 38, 39, 40, 41, 42, 43, 44, 45, 46, 47, 48, 49, 50, 51, 52, 53, 54, 55, 56, 57, 58, 59, 60, 61, 62, 63, 64, 65, 66, 67, 68, 69, 70, 71, 72, 73, 74, 75, 76, 77, 78, 79, 80, 81, 82, 83, 84, 85, 86, 87, 88, 89, 90, 91, 92, 93, 94, 95, 96, 97, 98, 99, 100, 101, 102, 103, 104, 105, 106, 107, 108, 109, 110, 111, 112]
YNEW:[0, 0, 0, 0, 0, 0, 0, 1, 0, 0, 0, 0, 0, 0, 0, 0, 0, 0, 0, 0, 0, 0, 0, 0, 0, 0, 0, 0, 0, 0, 0, 0, 0, 0, 0, 1, 1, 1, 2, 2, 3, 3, 3, 4, 6, 7, 7, 10, 12, 17, 20, 30, 36, 36, 36, 40, 44, 48, 54, 50, 46, 54, 60, 67, 71, 70, 60, 46, 54, 54, 54, 57, 52, 43, 41, 45, 43, 54, 60, 68, 61, 49, 43, 40, 32, 28, 30, 23, 18, 15, 10, 9, 20, 25, 26, 33, 6, 14, 15, 7, 5, 10, 8, 5, 7, 8, 6, 3, 2, 4, 1, 1]
YTOT: [0, 0, 0, 0, 0, 0, 0, 1, 1, 1, 1, 1, 1, 1, 1, 1, 1, 1, 1, 1, 1, 1, 1, 1, 1, 1, 1, 1, 1, 1, 1, 1, 1, 1, 1, 2, 3, 4, 6, 8, 11, 14, 17, 21, 27, 34, 41, 51, 63, 80, 100, 130, 166, 202, 238, 278, 322, 370, 424, 474, 520, 574, 634, 701, 772, 842, 902, 948, 1002, 1056, 1110, 1167, 1219, 1262, 1303, 1348, 1391, 1445, 1505, 1573, 1634, 1683, 1726, 1766, 1798, 1826, 1856, 1879, 1897, 1912, 1922, 1931, 1951, 1976, 2002, 2035, 2041, 2055, 2070, 2077, 2082, 2092, 2100, 2105, 2112, 2120, 2126, 2129, 2131, 2135, 2136, 2137]

INFO: Total Population: 1922200
INFO: R0: 2
INFO: Incubation Period: 5
INFO: Illness Period: 7
X:[0, 1, 2, 3, 4, 5, 6, 7, 8, 9, 10, 11, 12, 13, 14, 15, 16, 17, 18, 19, 20, 21, 22, 23, 24, 25, 26, 27, 28, 29, 30, 31, 32, 33, 34, 35, 36, 37, 38, 39, 40, 41, 42, 43, 44, 45, 46, 47, 48, 49, 50, 51, 52, 53, 54, 55, 56, 57, 58, 59, 60, 61, 62, 63, 64, 65, 66, 67, 68, 69, 70, 71, 72, 73, 74, 75, 76, 77, 78, 79, 80, 81, 82, 83, 84, 85, 86, 87, 88, 89, 90, 91, 92, 93, 94, 95, 96, 97, 98, 99, 100, 101, 102, 103, 104, 105, 106, 107, 108, 109, 110, 111, 112, 113, 114]
YNEW:[0, 0, 0, 0, 0, 0, 0, 1, 0, 0, 0, 0, 0, 0, 0, 0, 0, 0, 0, 0, 0, 0, 0, 0, 0, 0, 0, 0, 0, 0, 0, 0, 0, 0, 0, 1, 1, 1, 2, 2, 3, 3, 3, 4, 6, 7, 7, 10, 12, 17, 20, 30, 36, 36, 36, 40, 44, 48, 54, 50, 46, 54, 60, 67, 71, 70, 60, 46, 54, 54, 54, 57, 52, 43, 41, 45, 43, 54, 60, 68, 61, 49, 43, 40, 32, 28, 30, 23, 18, 15, 10, 9, 20, 25, 26, 33, 10, 16, 11, 6, 6, 6, 6, 12, 6, 4, 5, 4, 1, 2, 1, 2, 1, 1]
YTOT: [0, 0, 0, 0, 0, 0, 0, 1, 1, 1, 1, 1, 1, 1, 1, 1, 1, 1, 1, 1, 1, 1, 1, 1, 1, 1, 1, 1, 1, 1, 1, 1, 1, 1, 1, 2, 3, 4, 6, 8, 11, 14, 17, 21, 27, 34, 41, 51, 63, 80, 100, 130, 166, 202, 238, 278, 322, 370, 424, 474, 520, 574, 634, 701, 772, 842, 902, 948, 1002, 1056, 1110, 1167, 1219, 1262, 1303, 1348, 1391, 1445, 1505, 1573, 1634, 1683, 1726, 1766, 1798, 1826, 1856, 1879, 1897, 1912, 1922, 1931, 1951, 1976, 2002, 2035, 2045, 2061, 2072, 2078, 2084, 2090, 2096, 2108, 2114, 2118, 2123, 2127, 2128, 2130, 2131, 2133, 2134, 2135]

INFO: Total Population: 1922200
INFO: R0: 2
INFO: Incubation Period: 5
INFO: Illness Period: 7
X:[0, 1, 2, 3, 4, 5, 6, 7, 8, 9, 10, 11, 12, 13, 14, 15, 16, 17, 18, 19, 20, 21, 22, 23, 24, 25, 26, 27, 28, 29, 30, 31, 32, 33, 34, 35, 36, 37, 38, 39, 40, 41, 42, 43, 44, 45, 46, 47, 48, 49, 50, 51, 52, 53, 54, 55, 56, 57, 58, 59, 60, 61, 62, 63, 64, 65, 66, 67, 68, 69, 70, 71, 72, 73, 74, 75, 76, 77, 78, 79, 80, 81, 82, 83, 84, 85, 86, 87, 88, 89, 90, 91, 92, 93, 94, 95, 96, 97, 98, 99, 100, 101, 102, 103, 104, 105, 106, 107, 108, 109, 110, 111, 112]
YNEW:[0, 0, 0, 0, 0, 0, 0, 1, 0, 0, 0, 0, 0, 0, 0, 0, 0, 0, 0, 0, 0, 0, 0, 0, 0, 0, 0, 0, 0, 0, 0, 0, 0, 0, 0, 1, 1, 1, 2, 2, 3, 3, 3, 4, 6, 7, 7, 10, 12, 17, 20, 30, 36, 36, 36, 40, 44, 48, 54, 50, 46, 54, 60, 67, 71, 70, 60, 46, 54, 54, 54, 57, 52, 43, 41, 45, 43, 54, 60, 68, 61, 49, 43, 40, 32, 28, 30, 23, 18, 15, 10, 9, 20, 25, 26, 33, 15, 8, 11, 9, 2, 8, 8, 10, 6, 7, 6, 4, 3, 2, 1, 1]
YTOT: [0, 0, 0, 0, 0, 0, 0, 1, 1, 1, 1, 1, 1, 1, 1, 1, 1, 1, 1, 1, 1, 1, 1, 1, 1, 1, 1, 1, 1, 1, 1, 1, 1, 1, 1, 2, 3, 4, 6, 8, 11, 14, 17, 21, 27, 34, 41, 51, 63, 80, 100, 130, 166, 202, 238, 278, 322, 370, 424, 474, 520, 574, 634, 701, 772, 842, 902, 948, 1002, 1056, 1110, 1167, 1219, 1262, 1303, 1348, 1391, 1445, 1505, 1573, 1634, 1683, 1726, 1766, 1798, 1826, 1856, 1879, 1897, 1912, 1922, 1931, 1951, 1976, 2002, 2035, 2050, 2058, 2069, 2078, 2080, 2088, 2096, 2106, 2112, 2119, 2125, 2129, 2132, 2134, 2135, 2136]

INFO: Total Population: 1922200
INFO: R0: 2
INFO: Incubation Period: 5
INFO: Illness Period: 7
X:[0, 1, 2, 3, 4, 5, 6, 7, 8, 9, 10, 11, 12, 13, 14, 15, 16, 17, 18, 19, 20, 21, 22, 23, 24, 25, 26, 27, 28, 29, 30, 31, 32, 33, 34, 35, 36, 37, 38, 39, 40, 41, 42, 43, 44, 45, 46, 47, 48, 49, 50, 51, 52, 53, 54, 55, 56, 57, 58, 59, 60, 61, 62, 63, 64, 65, 66, 67, 68, 69, 70, 71, 72, 73, 74, 75, 76, 77, 78, 79, 80, 81, 82, 83, 84, 85, 86, 87, 88, 89, 90, 91, 92, 93, 94, 95, 96, 97, 98, 99, 100, 101, 102, 103, 104, 105, 106, 107, 108, 109, 110, 111, 112, 113, 114]
YNEW:[0, 0, 0, 0, 0, 0, 0, 1, 0, 0, 0, 0, 0, 0, 0, 0, 0, 0, 0, 0, 0, 0, 0, 0, 0, 0, 0, 0, 0, 0, 0, 0, 0, 0, 0, 1, 1, 1, 2, 2, 3, 3, 3, 4, 6, 7, 7, 10, 12, 17, 20, 30, 36, 36, 36, 40, 44, 48, 54, 50, 46, 54, 60, 67, 71, 70, 60, 46, 54, 54, 54, 57, 52, 43, 41, 45, 43, 54, 60, 68, 61, 49, 43, 40, 32, 28, 30, 23, 18, 15, 10, 9, 20, 25, 26, 33, 4, 11, 10, 4, 6, 10, 2, 7, 8, 5, 9, 3, 1, 1, 1, 2, 1, 2]
YTOT: [0, 0, 0, 0, 0, 0, 0, 1, 1, 1, 1, 1, 1, 1, 1, 1, 1, 1, 1, 1, 1, 1, 1, 1, 1, 1, 1, 1, 1, 1, 1, 1, 1, 1, 1, 2, 3, 4, 6, 8, 11, 14, 17, 21, 27, 34, 41, 51, 63, 80, 100, 130, 166, 202, 238, 278, 322, 370, 424, 474, 520, 574, 634, 701, 772, 842, 902, 948, 1002, 1056, 1110, 1167, 1219, 1262, 1303, 1348, 1391, 1445, 1505, 1573, 1634, 1683, 1726, 1766, 1798, 1826, 1856, 1879, 1897, 1912, 1922, 1931, 1951, 1976, 2002, 2035, 2039, 2050, 2060, 2064, 2070, 2080, 2082, 2089, 2097, 2102, 2111, 2114, 2115, 2116, 2117, 2119, 2120, 2122]

INFO: Total Population: 1922200
INFO: R0: 2
INFO: Incubation Period: 5
INFO: Illness Period: 7
X:[0, 1, 2, 3, 4, 5, 6, 7, 8, 9, 10, 11, 12, 13, 14, 15, 16, 17, 18, 19, 20, 21, 22, 23, 24, 25, 26, 27, 28, 29, 30, 31, 32, 33, 34, 35, 36, 37, 38, 39, 40, 41, 42, 43, 44, 45, 46, 47, 48, 49, 50, 51, 52, 53, 54, 55, 56, 57, 58, 59, 60, 61, 62, 63, 64, 65, 66, 67, 68, 69, 70, 71, 72, 73, 74, 75, 76, 77, 78, 79, 80, 81, 82, 83, 84, 85, 86, 87, 88, 89, 90, 91, 92, 93, 94, 95, 96, 97, 98, 99, 100, 101, 102, 103, 104, 105, 106, 107, 108, 109, 110, 111, 112, 113, 114]
YNEW:[0, 0, 0, 0, 0, 0, 0, 1, 0, 0, 0, 0, 0, 0, 0, 0, 0, 0, 0, 0, 0, 0, 0, 0, 0, 0, 0, 0, 0, 0, 0, 0, 0, 0, 0, 1, 1, 1, 2, 2, 3, 3, 3, 4, 6, 7, 7, 10, 12, 17, 20, 30, 36, 36, 36, 40, 44, 48, 54, 50, 46, 54, 60, 67, 71, 70, 60, 46, 54, 54, 54, 57, 52, 43, 41, 45, 43, 54, 60, 68, 61, 49, 43, 40, 32, 28, 30, 23, 18, 15, 10, 9, 20, 25, 26, 33, 10, 8, 16, 6, 9, 8, 9, 6, 9, 5, 4, 6, 1, 1, 2, 1, 3, 1]
YTOT: [0, 0, 0, 0, 0, 0, 0, 1, 1, 1, 1, 1, 1, 1, 1, 1, 1, 1, 1, 1, 1, 1, 1, 1, 1, 1, 1, 1, 1, 1, 1, 1, 1, 1, 1, 2, 3, 4, 6, 8, 11, 14, 17, 21, 27, 34, 41, 51, 63, 80, 100, 130, 166, 202, 238, 278, 322, 370, 424, 474, 520, 574, 634, 701, 772, 842, 902, 948, 1002, 1056, 1110, 1167, 1219, 1262, 1303, 1348, 1391, 1445, 1505, 1573, 1634, 1683, 1726, 1766, 1798, 1826, 1856, 1879, 1897, 1912, 1922, 1931, 1951, 1976, 2002, 2035, 2045, 2053, 2069, 2075, 2084, 2092, 2101, 2107, 2116, 2121, 2125, 2131, 2132, 2133, 2135, 2136, 2139, 2140]

INFO: Total Population: 1922200
INFO: R0: 2
INFO: Incubation Period: 5
INFO: Illness Period: 7
X:[0, 1, 2, 3, 4, 5, 6, 7, 8, 9, 10, 11, 12, 13, 14, 15, 16, 17, 18, 19, 20, 21, 22, 23, 24, 25, 26, 27, 28, 29, 30, 31, 32, 33, 34, 35, 36, 37, 38, 39, 40, 41, 42, 43, 44, 45, 46, 47, 48, 49, 50, 51, 52, 53, 54, 55, 56, 57, 58, 59, 60, 61, 62, 63, 64, 65, 66, 67, 68, 69, 70, 71, 72, 73, 74, 75, 76, 77, 78, 79, 80, 81, 82, 83, 84, 85, 86, 87, 88, 89, 90, 91, 92, 93, 94, 95, 96, 97, 98, 99, 100, 101, 102, 103, 104, 105, 106, 107, 108, 109, 110]
YNEW:[0, 0, 0, 0, 0, 0, 0, 1, 0, 0, 0, 0, 0, 0, 0, 0, 0, 0, 0, 0, 0, 0, 0, 0, 0, 0, 0, 0, 0, 0, 0, 0, 0, 0, 0, 1, 1, 1, 2, 2, 3, 3, 3, 4, 6, 7, 7, 10, 12, 17, 20, 30, 36, 36, 36, 40, 44, 48, 54, 50, 46, 54, 60, 67, 71, 70, 60, 46, 54, 54, 54, 57, 52, 43, 41, 45, 43, 54, 60, 68, 61, 49, 43, 40, 32, 28, 30, 23, 18, 15, 10, 9, 20, 25, 26, 33, 10, 7, 14, 10, 6, 3, 3, 9, 6, 15, 2, 6, 3, 5]
YTOT: [0, 0, 0, 0, 0, 0, 0, 1, 1, 1, 1, 1, 1, 1, 1, 1, 1, 1, 1, 1, 1, 1, 1, 1, 1, 1, 1, 1, 1, 1, 1, 1, 1, 1, 1, 2, 3, 4, 6, 8, 11, 14, 17, 21, 27, 34, 41, 51, 63, 80, 100, 130, 166, 202, 238, 278, 322, 370, 424, 474, 520, 574, 634, 701, 772, 842, 902, 948, 1002, 1056, 1110, 1167, 1219, 1262, 1303, 1348, 1391, 1445, 1505, 1573, 1634, 1683, 1726, 1766, 1798, 1826, 1856, 1879, 1897, 1912, 1922, 1931, 1951, 1976, 2002, 2035, 2045, 2052, 2066, 2076, 2082, 2085, 2088, 2097, 2103, 2118, 2120, 2126, 2129, 2134]

INFO: Total Population: 1922200
INFO: R0: 2
INFO: Incubation Period: 5
INFO: Illness Period: 7
X:[0, 1, 2, 3, 4, 5, 6, 7, 8, 9, 10, 11, 12, 13, 14, 15, 16, 17, 18, 19, 20, 21, 22, 23, 24, 25, 26, 27, 28, 29, 30, 31, 32, 33, 34, 35, 36, 37, 38, 39, 40, 41, 42, 43, 44, 45, 46, 47, 48, 49, 50, 51, 52, 53, 54, 55, 56, 57, 58, 59, 60, 61, 62, 63, 64, 65, 66, 67, 68, 69, 70, 71, 72, 73, 74, 75, 76, 77, 78, 79, 80, 81, 82, 83, 84, 85, 86, 87, 88, 89, 90, 91, 92, 93, 94, 95, 96, 97, 98, 99, 100, 101, 102, 103, 104, 105, 106, 107, 108, 109, 110, 111, 112, 113, 114]
YNEW:[0, 0, 0, 0, 0, 0, 0, 1, 0, 0, 0, 0, 0, 0, 0, 0, 0, 0, 0, 0, 0, 0, 0, 0, 0, 0, 0, 0, 0, 0, 0, 0, 0, 0, 0, 1, 1, 1, 2, 2, 3, 3, 3, 4, 6, 7, 7, 10, 12, 17, 20, 30, 36, 36, 36, 40, 44, 48, 54, 50, 46, 54, 60, 67, 71, 70, 60, 46, 54, 54, 54, 57, 52, 43, 41, 45, 43, 54, 60, 68, 61, 49, 43, 40, 32, 28, 30, 23, 18, 15, 10, 9, 20, 25, 26, 33, 14, 12, 10, 9, 1, 11, 12, 6, 12, 8, 6, 5, 1, 5, 1, 4, 2, 1]
YTOT: [0, 0, 0, 0, 0, 0, 0, 1, 1, 1, 1, 1, 1, 1, 1, 1, 1, 1, 1, 1, 1, 1, 1, 1, 1, 1, 1, 1, 1, 1, 1, 1, 1, 1, 1, 2, 3, 4, 6, 8, 11, 14, 17, 21, 27, 34, 41, 51, 63, 80, 100, 130, 166, 202, 238, 278, 322, 370, 424, 474, 520, 574, 634, 701, 772, 842, 902, 948, 1002, 1056, 1110, 1167, 1219, 1262, 1303, 1348, 1391, 1445, 1505, 1573, 1634, 1683, 1726, 1766, 1798, 1826, 1856, 1879, 1897, 1912, 1922, 1931, 1951, 1976, 2002, 2035, 2049, 2061, 2071, 2080, 2081, 2092, 2104, 2110, 2122, 2130, 2136, 2141, 2142, 2147, 2148, 2152, 2154, 2155]

INFO: Total Population: 1922200
INFO: R0: 2
INFO: Incubation Period: 5
INFO: Illness Period: 7
X:[0, 1, 2, 3, 4, 5, 6, 7, 8, 9, 10, 11, 12, 13, 14, 15, 16, 17, 18, 19, 20, 21, 22, 23, 24, 25, 26, 27, 28, 29, 30, 31, 32, 33, 34, 35, 36, 37, 38, 39, 40, 41, 42, 43, 44, 45, 46, 47, 48, 49, 50, 51, 52, 53, 54, 55, 56, 57, 58, 59, 60, 61, 62, 63, 64, 65, 66, 67, 68, 69, 70, 71, 72, 73, 74, 75, 76, 77, 78, 79, 80, 81, 82, 83, 84, 85, 86, 87, 88, 89, 90, 91, 92, 93, 94, 95, 96, 97, 98, 99, 100, 101, 102, 103, 104, 105, 106, 107, 108, 109, 110, 111, 112, 113, 114]
YNEW:[0, 0, 0, 0, 0, 0, 0, 1, 0, 0, 0, 0, 0, 0, 0, 0, 0, 0, 0, 0, 0, 0, 0, 0, 0, 0, 0, 0, 0, 0, 0, 0, 0, 0, 0, 1, 1, 1, 2, 2, 3, 3, 3, 4, 6, 7, 7, 10, 12, 17, 20, 30, 36, 36, 36, 40, 44, 48, 54, 50, 46, 54, 60, 67, 71, 70, 60, 46, 54, 54, 54, 57, 52, 43, 41, 45, 43, 54, 60, 68, 61, 49, 43, 40, 32, 28, 30, 23, 18, 15, 10, 9, 20, 25, 26, 33, 7, 11, 8, 14, 9, 6, 6, 3, 6, 4, 5, 6, 5, 1, 3, 2, 1, 2]
YTOT: [0, 0, 0, 0, 0, 0, 0, 1, 1, 1, 1, 1, 1, 1, 1, 1, 1, 1, 1, 1, 1, 1, 1, 1, 1, 1, 1, 1, 1, 1, 1, 1, 1, 1, 1, 2, 3, 4, 6, 8, 11, 14, 17, 21, 27, 34, 41, 51, 63, 80, 100, 130, 166, 202, 238, 278, 322, 370, 424, 474, 520, 574, 634, 701, 772, 842, 902, 948, 1002, 1056, 1110, 1167, 1219, 1262, 1303, 1348, 1391, 1445, 1505, 1573, 1634, 1683, 1726, 1766, 1798, 1826, 1856, 1879, 1897, 1912, 1922, 1931, 1951, 1976, 2002, 2035, 2042, 2053, 2061, 2075, 2084, 2090, 2096, 2099, 2105, 2109, 2114, 2120, 2125, 2126, 2129, 2131, 2132, 2134]

END