

INFO: Total Population: 2212172
INFO: R0: 2
INFO: Incubation Period: 5
INFO: Illness Period: 7
X:[0, 1, 2, 3, 4, 5, 6, 7, 8, 9, 10, 11, 12, 13, 14, 15, 16, 17, 18, 19, 20, 21, 22, 23, 24, 25, 26, 27, 28, 29, 30, 31, 32, 33, 34, 35, 36, 37, 38, 39, 40, 41, 42, 43, 44, 45, 46, 47, 48, 49, 50, 51, 52, 53, 54, 55, 56, 57, 58, 59, 60, 61, 62, 63, 64, 65, 66, 67, 68, 69, 70, 71, 72, 73, 74, 75, 76, 77, 78, 79, 80, 81, 82, 83, 84, 85, 86, 87, 88, 89, 90, 91, 92, 93, 94, 95, 96, 97, 98, 99, 100, 101, 102, 103, 104, 105, 106, 107, 108, 109, 110, 111, 112, 113, 114, 115, 116]
YNEW:[0, 0, 0, 0, 0, 0, 0, 0, 0, 0, 0, 0, 0, 0, 0, 0, 0, 0, 0, 0, 0, 0, 0, 0, 0, 0, 0, 0, 0, 0, 0, 0, 0, 0, 0, 0, 0, 0, 0, 0, 0, 0, 0, 0, 1, 0, 0, 0, 1, 1, 1, 0, 0, 1, 2, 3, 3, 3, 4, 4, 4, 5, 8, 10, 13, 15, 18, 16, 16, 22, 25, 28, 33, 36, 34, 35, 43, 49, 48, 49, 45, 44, 45, 48, 66, 77, 68, 91, 73, 62, 70, 85, 89, 67, 74, 62, 56, 53, 58, 84, 93, 102, 97, 102, 80, 62, 61, 37, 36, 31, 27, 19, 10, 2, 2, 1]
YTOT: [0, 0, 0, 0, 0, 0, 0, 0, 0, 0, 0, 0, 0, 0, 0, 0, 0, 0, 0, 0, 0, 0, 0, 0, 0, 0, 0, 0, 0, 0, 0, 0, 0, 0, 0, 0, 0, 0, 0, 0, 0, 0, 0, 0, 1, 1, 1, 1, 2, 3, 4, 4, 4, 5, 7, 10, 13, 16, 20, 24, 28, 33, 41, 51, 64, 79, 97, 113, 129, 151, 176, 204, 237, 273, 307, 342, 385, 434, 482, 531, 576, 620, 665, 713, 779, 856, 924, 1015, 1088, 1150, 1220, 1305, 1394, 1461, 1535, 1597, 1653, 1706, 1764, 1848, 1941, 2043, 2140, 2242, 2322, 2384, 2445, 2482, 2518, 2549, 2576, 2595, 2605, 2607, 2609, 2610]

INFO: Total Population: 2212172
INFO: R0: 2
INFO: Incubation Period: 5
INFO: Illness Period: 7
X:[0, 1, 2, 3, 4, 5, 6, 7, 8, 9, 10, 11, 12, 13, 14, 15, 16, 17, 18, 19, 20, 21, 22, 23, 24, 25, 26, 27, 28, 29, 30, 31, 32, 33, 34, 35, 36, 37, 38, 39, 40, 41, 42, 43, 44, 45, 46, 47, 48, 49, 50, 51, 52, 53, 54, 55, 56, 57, 58, 59, 60, 61, 62, 63, 64, 65, 66, 67, 68, 69, 70, 71, 72, 73, 74, 75, 76, 77, 78, 79, 80, 81, 82, 83, 84, 85, 86, 87, 88, 89, 90, 91, 92, 93, 94, 95, 96, 97, 98, 99, 100, 101, 102, 103, 104, 105, 106, 107, 108, 109, 110, 111, 112, 113, 114, 115, 116]
YNEW:[0, 0, 0, 0, 0, 0, 0, 0, 0, 0, 0, 0, 0, 0, 0, 0, 0, 0, 0, 0, 0, 0, 0, 0, 0, 0, 0, 0, 0, 0, 0, 0, 0, 0, 0, 0, 0, 0, 0, 0, 0, 0, 0, 0, 1, 0, 0, 0, 1, 1, 1, 0, 0, 1, 2, 3, 3, 3, 4, 4, 4, 5, 8, 10, 13, 15, 18, 16, 16, 22, 25, 28, 33, 36, 34, 35, 43, 49, 48, 49, 45, 44, 45, 48, 66, 77, 68, 91, 73, 62, 70, 85, 89, 65, 61, 59, 49, 47, 55, 76, 92, 81, 88, 91, 78, 59, 48, 47, 41, 27, 28, 17, 9, 8, 1, 1]
YTOT: [0, 0, 0, 0, 0, 0, 0, 0, 0, 0, 0, 0, 0, 0, 0, 0, 0, 0, 0, 0, 0, 0, 0, 0, 0, 0, 0, 0, 0, 0, 0, 0, 0, 0, 0, 0, 0, 0, 0, 0, 0, 0, 0, 0, 1, 1, 1, 1, 2, 3, 4, 4, 4, 5, 7, 10, 13, 16, 20, 24, 28, 33, 41, 51, 64, 79, 97, 113, 129, 151, 176, 204, 237, 273, 307, 342, 385, 434, 482, 531, 576, 620, 665, 713, 779, 856, 924, 1015, 1088, 1150, 1220, 1305, 1394, 1459, 1520, 1579, 1628, 1675, 1730, 1806, 1898, 1979, 2067, 2158, 2236, 2295, 2343, 2390, 2431, 2458, 2486, 2503, 2512, 2520, 2521, 2522]

INFO: Total Population: 2212172
INFO: R0: 2
INFO: Incubation Period: 5
INFO: Illness Period: 7
X:[0, 1, 2, 3, 4, 5, 6, 7, 8, 9, 10, 11, 12, 13, 14, 15, 16, 17, 18, 19, 20, 21, 22, 23, 24, 25, 26, 27, 28, 29, 30, 31, 32, 33, 34, 35, 36, 37, 38, 39, 40, 41, 42, 43, 44, 45, 46, 47, 48, 49, 50, 51, 52, 53, 54, 55, 56, 57, 58, 59, 60, 61, 62, 63, 64, 65, 66, 67, 68, 69, 70, 71, 72, 73, 74, 75, 76, 77, 78, 79, 80, 81, 82, 83, 84, 85, 86, 87, 88, 89, 90, 91, 92, 93, 94, 95, 96, 97, 98, 99, 100, 101, 102, 103, 104, 105, 106, 107, 108, 109, 110, 111, 112, 113, 114, 115, 116]
YNEW:[0, 0, 0, 0, 0, 0, 0, 0, 0, 0, 0, 0, 0, 0, 0, 0, 0, 0, 0, 0, 0, 0, 0, 0, 0, 0, 0, 0, 0, 0, 0, 0, 0, 0, 0, 0, 0, 0, 0, 0, 0, 0, 0, 0, 1, 0, 0, 0, 1, 1, 1, 0, 0, 1, 2, 3, 3, 3, 4, 4, 4, 5, 8, 10, 13, 15, 18, 16, 16, 22, 25, 28, 33, 36, 34, 35, 43, 49, 48, 49, 45, 44, 45, 48, 66, 77, 68, 91, 73, 62, 70, 85, 89, 55, 67, 75, 72, 53, 37, 56, 77, 101, 93, 102, 78, 63, 59, 63, 39, 36, 24, 16, 6, 9, 3, 1]
YTOT: [0, 0, 0, 0, 0, 0, 0, 0, 0, 0, 0, 0, 0, 0, 0, 0, 0, 0, 0, 0, 0, 0, 0, 0, 0, 0, 0, 0, 0, 0, 0, 0, 0, 0, 0, 0, 0, 0, 0, 0, 0, 0, 0, 0, 1, 1, 1, 1, 2, 3, 4, 4, 4, 5, 7, 10, 13, 16, 20, 24, 28, 33, 41, 51, 64, 79, 97, 113, 129, 151, 176, 204, 237, 273, 307, 342, 385, 434, 482, 531, 576, 620, 665, 713, 779, 856, 924, 1015, 1088, 1150, 1220, 1305, 1394, 1449, 1516, 1591, 1663, 1716, 1753, 1809, 1886, 1987, 2080, 2182, 2260, 2323, 2382, 2445, 2484, 2520, 2544, 2560, 2566, 2575, 2578, 2579]

INFO: Total Population: 2212172
INFO: R0: 2
INFO: Incubation Period: 5
INFO: Illness Period: 7
X:[0, 1, 2, 3, 4, 5, 6, 7, 8, 9, 10, 11, 12, 13, 14, 15, 16, 17, 18, 19, 20, 21, 22, 23, 24, 25, 26, 27, 28, 29, 30, 31, 32, 33, 34, 35, 36, 37, 38, 39, 40, 41, 42, 43, 44, 45, 46, 47, 48, 49, 50, 51, 52, 53, 54, 55, 56, 57, 58, 59, 60, 61, 62, 63, 64, 65, 66, 67, 68, 69, 70, 71, 72, 73, 74, 75, 76, 77, 78, 79, 80, 81, 82, 83, 84, 85, 86, 87, 88, 89, 90, 91, 92, 93, 94, 95, 96, 97, 98, 99, 100, 101, 102, 103, 104, 105, 106, 107, 108, 109, 110, 111, 112, 113, 114, 115]
YNEW:[0, 0, 0, 0, 0, 0, 0, 0, 0, 0, 0, 0, 0, 0, 0, 0, 0, 0, 0, 0, 0, 0, 0, 0, 0, 0, 0, 0, 0, 0, 0, 0, 0, 0, 0, 0, 0, 0, 0, 0, 0, 0, 0, 0, 1, 0, 0, 0, 1, 1, 1, 0, 0, 1, 2, 3, 3, 3, 4, 4, 4, 5, 8, 10, 13, 15, 18, 16, 16, 22, 25, 28, 33, 36, 34, 35, 43, 49, 48, 49, 45, 44, 45, 48, 66, 77, 68, 91, 73, 62, 70, 85, 89, 74, 73, 58, 57, 61, 45, 78, 80, 97, 105, 96, 68, 60, 64, 52, 41, 34, 31, 13, 6, 11, 3]
YTOT: [0, 0, 0, 0, 0, 0, 0, 0, 0, 0, 0, 0, 0, 0, 0, 0, 0, 0, 0, 0, 0, 0, 0, 0, 0, 0, 0, 0, 0, 0, 0, 0, 0, 0, 0, 0, 0, 0, 0, 0, 0, 0, 0, 0, 1, 1, 1, 1, 2, 3, 4, 4, 4, 5, 7, 10, 13, 16, 20, 24, 28, 33, 41, 51, 64, 79, 97, 113, 129, 151, 176, 204, 237, 273, 307, 342, 385, 434, 482, 531, 576, 620, 665, 713, 779, 856, 924, 1015, 1088, 1150, 1220, 1305, 1394, 1468, 1541, 1599, 1656, 1717, 1762, 1840, 1920, 2017, 2122, 2218, 2286, 2346, 2410, 2462, 2503, 2537, 2568, 2581, 2587, 2598, 2601]

INFO: Total Population: 2212172
INFO: R0: 2
INFO: Incubation Period: 5
INFO: Illness Period: 7
X:[0, 1, 2, 3, 4, 5, 6, 7, 8, 9, 10, 11, 12, 13, 14, 15, 16, 17, 18, 19, 20, 21, 22, 23, 24, 25, 26, 27, 28, 29, 30, 31, 32, 33, 34, 35, 36, 37, 38, 39, 40, 41, 42, 43, 44, 45, 46, 47, 48, 49, 50, 51, 52, 53, 54, 55, 56, 57, 58, 59, 60, 61, 62, 63, 64, 65, 66, 67, 68, 69, 70, 71, 72, 73, 74, 75, 76, 77, 78, 79, 80, 81, 82, 83, 84, 85, 86, 87, 88, 89, 90, 91, 92, 93, 94, 95, 96, 97, 98, 99, 100, 101, 102, 103, 104, 105, 106, 107, 108, 109, 110, 111, 112, 113, 114, 115]
YNEW:[0, 0, 0, 0, 0, 0, 0, 0, 0, 0, 0, 0, 0, 0, 0, 0, 0, 0, 0, 0, 0, 0, 0, 0, 0, 0, 0, 0, 0, 0, 0, 0, 0, 0, 0, 0, 0, 0, 0, 0, 0, 0, 0, 0, 1, 0, 0, 0, 1, 1, 1, 0, 0, 1, 2, 3, 3, 3, 4, 4, 4, 5, 8, 10, 13, 15, 18, 16, 16, 22, 25, 28, 33, 36, 34, 35, 43, 49, 48, 49, 45, 44, 45, 48, 66, 77, 68, 91, 73, 62, 70, 85, 89, 64, 67, 61, 62, 45, 69, 73, 87, 103, 89, 98, 98, 54, 66, 38, 36, 29, 18, 17, 11, 8, 3]
YTOT: [0, 0, 0, 0, 0, 0, 0, 0, 0, 0, 0, 0, 0, 0, 0, 0, 0, 0, 0, 0, 0, 0, 0, 0, 0, 0, 0, 0, 0, 0, 0, 0, 0, 0, 0, 0, 0, 0, 0, 0, 0, 0, 0, 0, 1, 1, 1, 1, 2, 3, 4, 4, 4, 5, 7, 10, 13, 16, 20, 24, 28, 33, 41, 51, 64, 79, 97, 113, 129, 151, 176, 204, 237, 273, 307, 342, 385, 434, 482, 531, 576, 620, 665, 713, 779, 856, 924, 1015, 1088, 1150, 1220, 1305, 1394, 1458, 1525, 1586, 1648, 1693, 1762, 1835, 1922, 2025, 2114, 2212, 2310, 2364, 2430, 2468, 2504, 2533, 2551, 2568, 2579, 2587, 2590]

INFO: Total Population: 2212172
INFO: R0: 2
INFO: Incubation Period: 5
INFO: Illness Period: 7
X:[0, 1, 2, 3, 4, 5, 6, 7, 8, 9, 10, 11, 12, 13, 14, 15, 16, 17, 18, 19, 20, 21, 22, 23, 24, 25, 26, 27, 28, 29, 30, 31, 32, 33, 34, 35, 36, 37, 38, 39, 40, 41, 42, 43, 44, 45, 46, 47, 48, 49, 50, 51, 52, 53, 54, 55, 56, 57, 58, 59, 60, 61, 62, 63, 64, 65, 66, 67, 68, 69, 70, 71, 72, 73, 74, 75, 76, 77, 78, 79, 80, 81, 82, 83, 84, 85, 86, 87, 88, 89, 90, 91, 92, 93, 94, 95, 96, 97, 98, 99, 100, 101, 102, 103, 104, 105, 106, 107, 108, 109, 110, 111, 112, 113, 114, 115]
YNEW:[0, 0, 0, 0, 0, 0, 0, 0, 0, 0, 0, 0, 0, 0, 0, 0, 0, 0, 0, 0, 0, 0, 0, 0, 0, 0, 0, 0, 0, 0, 0, 0, 0, 0, 0, 0, 0, 0, 0, 0, 0, 0, 0, 0, 1, 0, 0, 0, 1, 1, 1, 0, 0, 1, 2, 3, 3, 3, 4, 4, 4, 5, 8, 10, 13, 15, 18, 16, 16, 22, 25, 28, 33, 36, 34, 35, 43, 49, 48, 49, 45, 44, 45, 48, 66, 77, 68, 91, 73, 62, 70, 85, 89, 69, 57, 64, 55, 56, 48, 57, 90, 102, 79, 105, 87, 67, 47, 55, 38, 30, 20, 18, 14, 6, 4]
YTOT: [0, 0, 0, 0, 0, 0, 0, 0, 0, 0, 0, 0, 0, 0, 0, 0, 0, 0, 0, 0, 0, 0, 0, 0, 0, 0, 0, 0, 0, 0, 0, 0, 0, 0, 0, 0, 0, 0, 0, 0, 0, 0, 0, 0, 1, 1, 1, 1, 2, 3, 4, 4, 4, 5, 7, 10, 13, 16, 20, 24, 28, 33, 41, 51, 64, 79, 97, 113, 129, 151, 176, 204, 237, 273, 307, 342, 385, 434, 482, 531, 576, 620, 665, 713, 779, 856, 924, 1015, 1088, 1150, 1220, 1305, 1394, 1463, 1520, 1584, 1639, 1695, 1743, 1800, 1890, 1992, 2071, 2176, 2263, 2330, 2377, 2432, 2470, 2500, 2520, 2538, 2552, 2558, 2562]

INFO: Total Population: 2212172
INFO: R0: 2
INFO: Incubation Period: 5
INFO: Illness Period: 7
X:[0, 1, 2, 3, 4, 5, 6, 7, 8, 9, 10, 11, 12, 13, 14, 15, 16, 17, 18, 19, 20, 21, 22, 23, 24, 25, 26, 27, 28, 29, 30, 31, 32, 33, 34, 35, 36, 37, 38, 39, 40, 41, 42, 43, 44, 45, 46, 47, 48, 49, 50, 51, 52, 53, 54, 55, 56, 57, 58, 59, 60, 61, 62, 63, 64, 65, 66, 67, 68, 69, 70, 71, 72, 73, 74, 75, 76, 77, 78, 79, 80, 81, 82, 83, 84, 85, 86, 87, 88, 89, 90, 91, 92, 93, 94, 95, 96, 97, 98, 99, 100, 101, 102, 103, 104, 105, 106, 107, 108, 109, 110, 111, 112, 113, 114, 115, 116]
YNEW:[0, 0, 0, 0, 0, 0, 0, 0, 0, 0, 0, 0, 0, 0, 0, 0, 0, 0, 0, 0, 0, 0, 0, 0, 0, 0, 0, 0, 0, 0, 0, 0, 0, 0, 0, 0, 0, 0, 0, 0, 0, 0, 0, 0, 1, 0, 0, 0, 1, 1, 1, 0, 0, 1, 2, 3, 3, 3, 4, 4, 4, 5, 8, 10, 13, 15, 18, 16, 16, 22, 25, 28, 33, 36, 34, 35, 43, 49, 48, 49, 45, 44, 45, 48, 66, 77, 68, 91, 73, 62, 70, 85, 89, 71, 74, 56, 54, 50, 61, 88, 85, 94, 80, 95, 83, 85, 62, 49, 29, 25, 19, 18, 12, 4, 2, 3]
YTOT: [0, 0, 0, 0, 0, 0, 0, 0, 0, 0, 0, 0, 0, 0, 0, 0, 0, 0, 0, 0, 0, 0, 0, 0, 0, 0, 0, 0, 0, 0, 0, 0, 0, 0, 0, 0, 0, 0, 0, 0, 0, 0, 0, 0, 1, 1, 1, 1, 2, 3, 4, 4, 4, 5, 7, 10, 13, 16, 20, 24, 28, 33, 41, 51, 64, 79, 97, 113, 129, 151, 176, 204, 237, 273, 307, 342, 385, 434, 482, 531, 576, 620, 665, 713, 779, 856, 924, 1015, 1088, 1150, 1220, 1305, 1394, 1465, 1539, 1595, 1649, 1699, 1760, 1848, 1933, 2027, 2107, 2202, 2285, 2370, 2432, 2481, 2510, 2535, 2554, 2572, 2584, 2588, 2590, 2593]

INFO: Total Population: 2212172
INFO: R0: 2
INFO: Incubation Period: 5
INFO: Illness Period: 7
X:[0, 1, 2, 3, 4, 5, 6, 7, 8, 9, 10, 11, 12, 13, 14, 15, 16, 17, 18, 19, 20, 21, 22, 23, 24, 25, 26, 27, 28, 29, 30, 31, 32, 33, 34, 35, 36, 37, 38, 39, 40, 41, 42, 43, 44, 45, 46, 47, 48, 49, 50, 51, 52, 53, 54, 55, 56, 57, 58, 59, 60, 61, 62, 63, 64, 65, 66, 67, 68, 69, 70, 71, 72, 73, 74, 75, 76, 77, 78, 79, 80, 81, 82, 83, 84, 85, 86, 87, 88, 89, 90, 91, 92, 93, 94, 95, 96, 97, 98, 99, 100, 101, 102, 103, 104, 105, 106, 107, 108, 109, 110, 111, 112, 113, 114, 115]
YNEW:[0, 0, 0, 0, 0, 0, 0, 0, 0, 0, 0, 0, 0, 0, 0, 0, 0, 0, 0, 0, 0, 0, 0, 0, 0, 0, 0, 0, 0, 0, 0, 0, 0, 0, 0, 0, 0, 0, 0, 0, 0, 0, 0, 0, 1, 0, 0, 0, 1, 1, 1, 0, 0, 1, 2, 3, 3, 3, 4, 4, 4, 5, 8, 10, 13, 15, 18, 16, 16, 22, 25, 28, 33, 36, 34, 35, 43, 49, 48, 49, 45, 44, 45, 48, 66, 77, 68, 91, 73, 62, 70, 85, 89, 54, 69, 50, 69, 69, 40, 77, 72, 76, 104, 100, 86, 59, 56, 41, 45, 38, 23, 17, 11, 7, 6]
YTOT: [0, 0, 0, 0, 0, 0, 0, 0, 0, 0, 0, 0, 0, 0, 0, 0, 0, 0, 0, 0, 0, 0, 0, 0, 0, 0, 0, 0, 0, 0, 0, 0, 0, 0, 0, 0, 0, 0, 0, 0, 0, 0, 0, 0, 1, 1, 1, 1, 2, 3, 4, 4, 4, 5, 7, 10, 13, 16, 20, 24, 28, 33, 41, 51, 64, 79, 97, 113, 129, 151, 176, 204, 237, 273, 307, 342, 385, 434, 482, 531, 576, 620, 665, 713, 779, 856, 924, 1015, 1088, 1150, 1220, 1305, 1394, 1448, 1517, 1567, 1636, 1705, 1745, 1822, 1894, 1970, 2074, 2174, 2260, 2319, 2375, 2416, 2461, 2499, 2522, 2539, 2550, 2557, 2563]

INFO: Total Population: 2212172
INFO: R0: 2
INFO: Incubation Period: 5
INFO: Illness Period: 7
X:[0, 1, 2, 3, 4, 5, 6, 7, 8, 9, 10, 11, 12, 13, 14, 15, 16, 17, 18, 19, 20, 21, 22, 23, 24, 25, 26, 27, 28, 29, 30, 31, 32, 33, 34, 35, 36, 37, 38, 39, 40, 41, 42, 43, 44, 45, 46, 47, 48, 49, 50, 51, 52, 53, 54, 55, 56, 57, 58, 59, 60, 61, 62, 63, 64, 65, 66, 67, 68, 69, 70, 71, 72, 73, 74, 75, 76, 77, 78, 79, 80, 81, 82, 83, 84, 85, 86, 87, 88, 89, 90, 91, 92, 93, 94, 95, 96, 97, 98, 99, 100, 101, 102, 103, 104, 105, 106, 107, 108, 109, 110, 111, 112, 113, 114, 115]
YNEW:[0, 0, 0, 0, 0, 0, 0, 0, 0, 0, 0, 0, 0, 0, 0, 0, 0, 0, 0, 0, 0, 0, 0, 0, 0, 0, 0, 0, 0, 0, 0, 0, 0, 0, 0, 0, 0, 0, 0, 0, 0, 0, 0, 0, 1, 0, 0, 0, 1, 1, 1, 0, 0, 1, 2, 3, 3, 3, 4, 4, 4, 5, 8, 10, 13, 15, 18, 16, 16, 22, 25, 28, 33, 36, 34, 35, 43, 49, 48, 49, 45, 44, 45, 48, 66, 77, 68, 91, 73, 62, 70, 85, 89, 66, 67, 59, 68, 61, 58, 78, 79, 92, 87, 116, 80, 67, 69, 48, 36, 37, 17, 22, 12, 2, 10]
YTOT: [0, 0, 0, 0, 0, 0, 0, 0, 0, 0, 0, 0, 0, 0, 0, 0, 0, 0, 0, 0, 0, 0, 0, 0, 0, 0, 0, 0, 0, 0, 0, 0, 0, 0, 0, 0, 0, 0, 0, 0, 0, 0, 0, 0, 1, 1, 1, 1, 2, 3, 4, 4, 4, 5, 7, 10, 13, 16, 20, 24, 28, 33, 41, 51, 64, 79, 97, 113, 129, 151, 176, 204, 237, 273, 307, 342, 385, 434, 482, 531, 576, 620, 665, 713, 779, 856, 924, 1015, 1088, 1150, 1220, 1305, 1394, 1460, 1527, 1586, 1654, 1715, 1773, 1851, 1930, 2022, 2109, 2225, 2305, 2372, 2441, 2489, 2525, 2562, 2579, 2601, 2613, 2615, 2625]

INFO: Total Population: 2212172
INFO: R0: 2
INFO: Incubation Period: 5
INFO: Illness Period: 7
X:[0, 1, 2, 3, 4, 5, 6, 7, 8, 9, 10, 11, 12, 13, 14, 15, 16, 17, 18, 19, 20, 21, 22, 23, 24, 25, 26, 27, 28, 29, 30, 31, 32, 33, 34, 35, 36, 37, 38, 39, 40, 41, 42, 43, 44, 45, 46, 47, 48, 49, 50, 51, 52, 53, 54, 55, 56, 57, 58, 59, 60, 61, 62, 63, 64, 65, 66, 67, 68, 69, 70, 71, 72, 73, 74, 75, 76, 77, 78, 79, 80, 81, 82, 83, 84, 85, 86, 87, 88, 89, 90, 91, 92, 93, 94, 95, 96, 97, 98, 99, 100, 101, 102, 103, 104, 105, 106, 107, 108, 109, 110, 111, 112, 113, 114, 115]
YNEW:[0, 0, 0, 0, 0, 0, 0, 0, 0, 0, 0, 0, 0, 0, 0, 0, 0, 0, 0, 0, 0, 0, 0, 0, 0, 0, 0, 0, 0, 0, 0, 0, 0, 0, 0, 0, 0, 0, 0, 0, 0, 0, 0, 0, 1, 0, 0, 0, 1, 1, 1, 0, 0, 1, 2, 3, 3, 3, 4, 4, 4, 5, 8, 10, 13, 15, 18, 16, 16, 22, 25, 28, 33, 36, 34, 35, 43, 49, 48, 49, 45, 44, 45, 48, 66, 77, 68, 91, 73, 62, 70, 85, 89, 62, 56, 60, 56, 59, 58, 70, 80, 89, 92, 100, 89, 77, 50, 46, 40, 36, 17, 10, 10, 3, 1]
YTOT: [0, 0, 0, 0, 0, 0, 0, 0, 0, 0, 0, 0, 0, 0, 0, 0, 0, 0, 0, 0, 0, 0, 0, 0, 0, 0, 0, 0, 0, 0, 0, 0, 0, 0, 0, 0, 0, 0, 0, 0, 0, 0, 0, 0, 1, 1, 1, 1, 2, 3, 4, 4, 4, 5, 7, 10, 13, 16, 20, 24, 28, 33, 41, 51, 64, 79, 97, 113, 129, 151, 176, 204, 237, 273, 307, 342, 385, 434, 482, 531, 576, 620, 665, 713, 779, 856, 924, 1015, 1088, 1150, 1220, 1305, 1394, 1456, 1512, 1572, 1628, 1687, 1745, 1815, 1895, 1984, 2076, 2176, 2265, 2342, 2392, 2438, 2478, 2514, 2531, 2541, 2551, 2554, 2555]

INFO: Total Population: 2212172
INFO: R0: 2
INFO: Incubation Period: 5
INFO: Illness Period: 7
X:[0, 1, 2, 3, 4, 5, 6, 7, 8, 9, 10, 11, 12, 13, 14, 15, 16, 17, 18, 19, 20, 21, 22, 23, 24, 25, 26, 27, 28, 29, 30, 31, 32, 33, 34, 35, 36, 37, 38, 39, 40, 41, 42, 43, 44, 45, 46, 47, 48, 49, 50, 51, 52, 53, 54, 55, 56, 57, 58, 59, 60, 61, 62, 63, 64, 65, 66, 67, 68, 69, 70, 71, 72, 73, 74, 75, 76, 77, 78, 79, 80, 81, 82, 83, 84, 85, 86, 87, 88, 89, 90, 91, 92, 93, 94, 95, 96, 97, 98, 99, 100, 101, 102, 103, 104, 105, 106, 107, 108, 109, 110, 111, 112, 113, 114, 115, 116]
YNEW:[0, 0, 0, 0, 0, 0, 0, 0, 0, 0, 0, 0, 0, 0, 0, 0, 0, 0, 0, 0, 0, 0, 0, 0, 0, 0, 0, 0, 0, 0, 0, 0, 0, 0, 0, 0, 0, 0, 0, 0, 0, 0, 0, 0, 1, 0, 0, 0, 1, 1, 1, 0, 0, 1, 2, 3, 3, 3, 4, 4, 4, 5, 8, 10, 13, 15, 18, 16, 16, 22, 25, 28, 33, 36, 34, 35, 43, 49, 48, 49, 45, 44, 45, 48, 66, 77, 68, 91, 73, 62, 70, 85, 89, 74, 77, 55, 48, 45, 44, 82, 72, 85, 106, 102, 73, 57, 53, 48, 42, 24, 20, 15, 4, 7, 1, 2]
YTOT: [0, 0, 0, 0, 0, 0, 0, 0, 0, 0, 0, 0, 0, 0, 0, 0, 0, 0, 0, 0, 0, 0, 0, 0, 0, 0, 0, 0, 0, 0, 0, 0, 0, 0, 0, 0, 0, 0, 0, 0, 0, 0, 0, 0, 1, 1, 1, 1, 2, 3, 4, 4, 4, 5, 7, 10, 13, 16, 20, 24, 28, 33, 41, 51, 64, 79, 97, 113, 129, 151, 176, 204, 237, 273, 307, 342, 385, 434, 482, 531, 576, 620, 665, 713, 779, 856, 924, 1015, 1088, 1150, 1220, 1305, 1394, 1468, 1545, 1600, 1648, 1693, 1737, 1819, 1891, 1976, 2082, 2184, 2257, 2314, 2367, 2415, 2457, 2481, 2501, 2516, 2520, 2527, 2528, 2530]

INFO: Total Population: 2212172
INFO: R0: 2
INFO: Incubation Period: 5
INFO: Illness Period: 7
X:[0, 1, 2, 3, 4, 5, 6, 7, 8, 9, 10, 11, 12, 13, 14, 15, 16, 17, 18, 19, 20, 21, 22, 23, 24, 25, 26, 27, 28, 29, 30, 31, 32, 33, 34, 35, 36, 37, 38, 39, 40, 41, 42, 43, 44, 45, 46, 47, 48, 49, 50, 51, 52, 53, 54, 55, 56, 57, 58, 59, 60, 61, 62, 63, 64, 65, 66, 67, 68, 69, 70, 71, 72, 73, 74, 75, 76, 77, 78, 79, 80, 81, 82, 83, 84, 85, 86, 87, 88, 89, 90, 91, 92, 93, 94, 95, 96, 97, 98, 99, 100, 101, 102, 103, 104, 105, 106, 107, 108, 109, 110, 111, 112, 113, 114, 115]
YNEW:[0, 0, 0, 0, 0, 0, 0, 0, 0, 0, 0, 0, 0, 0, 0, 0, 0, 0, 0, 0, 0, 0, 0, 0, 0, 0, 0, 0, 0, 0, 0, 0, 0, 0, 0, 0, 0, 0, 0, 0, 0, 0, 0, 0, 1, 0, 0, 0, 1, 1, 1, 0, 0, 1, 2, 3, 3, 3, 4, 4, 4, 5, 8, 10, 13, 15, 18, 16, 16, 22, 25, 28, 33, 36, 34, 35, 43, 49, 48, 49, 45, 44, 45, 48, 66, 77, 68, 91, 73, 62, 70, 85, 89, 63, 57, 73, 64, 57, 49, 70, 85, 96, 96, 108, 84, 53, 56, 40, 40, 39, 23, 18, 17, 6, 2]
YTOT: [0, 0, 0, 0, 0, 0, 0, 0, 0, 0, 0, 0, 0, 0, 0, 0, 0, 0, 0, 0, 0, 0, 0, 0, 0, 0, 0, 0, 0, 0, 0, 0, 0, 0, 0, 0, 0, 0, 0, 0, 0, 0, 0, 0, 1, 1, 1, 1, 2, 3, 4, 4, 4, 5, 7, 10, 13, 16, 20, 24, 28, 33, 41, 51, 64, 79, 97, 113, 129, 151, 176, 204, 237, 273, 307, 342, 385, 434, 482, 531, 576, 620, 665, 713, 779, 856, 924, 1015, 1088, 1150, 1220, 1305, 1394, 1457, 1514, 1587, 1651, 1708, 1757, 1827, 1912, 2008, 2104, 2212, 2296, 2349, 2405, 2445, 2485, 2524, 2547, 2565, 2582, 2588, 2590]

INFO: Total Population: 2212172
INFO: R0: 2
INFO: Incubation Period: 5
INFO: Illness Period: 7
X:[0, 1, 2, 3, 4, 5, 6, 7, 8, 9, 10, 11, 12, 13, 14, 15, 16, 17, 18, 19, 20, 21, 22, 23, 24, 25, 26, 27, 28, 29, 30, 31, 32, 33, 34, 35, 36, 37, 38, 39, 40, 41, 42, 43, 44, 45, 46, 47, 48, 49, 50, 51, 52, 53, 54, 55, 56, 57, 58, 59, 60, 61, 62, 63, 64, 65, 66, 67, 68, 69, 70, 71, 72, 73, 74, 75, 76, 77, 78, 79, 80, 81, 82, 83, 84, 85, 86, 87, 88, 89, 90, 91, 92, 93, 94, 95, 96, 97, 98, 99, 100, 101, 102, 103, 104, 105, 106, 107, 108, 109, 110, 111, 112, 113, 114, 115]
YNEW:[0, 0, 0, 0, 0, 0, 0, 0, 0, 0, 0, 0, 0, 0, 0, 0, 0, 0, 0, 0, 0, 0, 0, 0, 0, 0, 0, 0, 0, 0, 0, 0, 0, 0, 0, 0, 0, 0, 0, 0, 0, 0, 0, 0, 1, 0, 0, 0, 1, 1, 1, 0, 0, 1, 2, 3, 3, 3, 4, 4, 4, 5, 8, 10, 13, 15, 18, 16, 16, 22, 25, 28, 33, 36, 34, 35, 43, 49, 48, 49, 45, 44, 45, 48, 66, 77, 68, 91, 73, 62, 70, 85, 89, 69, 75, 54, 42, 44, 43, 82, 74, 102, 84, 96, 74, 57, 43, 46, 42, 28, 18, 12, 9, 6, 1]
YTOT: [0, 0, 0, 0, 0, 0, 0, 0, 0, 0, 0, 0, 0, 0, 0, 0, 0, 0, 0, 0, 0, 0, 0, 0, 0, 0, 0, 0, 0, 0, 0, 0, 0, 0, 0, 0, 0, 0, 0, 0, 0, 0, 0, 0, 1, 1, 1, 1, 2, 3, 4, 4, 4, 5, 7, 10, 13, 16, 20, 24, 28, 33, 41, 51, 64, 79, 97, 113, 129, 151, 176, 204, 237, 273, 307, 342, 385, 434, 482, 531, 576, 620, 665, 713, 779, 856, 924, 1015, 1088, 1150, 1220, 1305, 1394, 1463, 1538, 1592, 1634, 1678, 1721, 1803, 1877, 1979, 2063, 2159, 2233, 2290, 2333, 2379, 2421, 2449, 2467, 2479, 2488, 2494, 2495]

INFO: Total Population: 2212172
INFO: R0: 2
INFO: Incubation Period: 5
INFO: Illness Period: 7
X:[0, 1, 2, 3, 4, 5, 6, 7, 8, 9, 10, 11, 12, 13, 14, 15, 16, 17, 18, 19, 20, 21, 22, 23, 24, 25, 26, 27, 28, 29, 30, 31, 32, 33, 34, 35, 36, 37, 38, 39, 40, 41, 42, 43, 44, 45, 46, 47, 48, 49, 50, 51, 52, 53, 54, 55, 56, 57, 58, 59, 60, 61, 62, 63, 64, 65, 66, 67, 68, 69, 70, 71, 72, 73, 74, 75, 76, 77, 78, 79, 80, 81, 82, 83, 84, 85, 86, 87, 88, 89, 90, 91, 92, 93, 94, 95, 96, 97, 98, 99, 100, 101, 102, 103, 104, 105, 106, 107, 108, 109, 110, 111, 112, 113, 114, 115]
YNEW:[0, 0, 0, 0, 0, 0, 0, 0, 0, 0, 0, 0, 0, 0, 0, 0, 0, 0, 0, 0, 0, 0, 0, 0, 0, 0, 0, 0, 0, 0, 0, 0, 0, 0, 0, 0, 0, 0, 0, 0, 0, 0, 0, 0, 1, 0, 0, 0, 1, 1, 1, 0, 0, 1, 2, 3, 3, 3, 4, 4, 4, 5, 8, 10, 13, 15, 18, 16, 16, 22, 25, 28, 33, 36, 34, 35, 43, 49, 48, 49, 45, 44, 45, 48, 66, 77, 68, 91, 73, 62, 70, 85, 89, 59, 58, 57, 60, 61, 52, 67, 84, 96, 81, 95, 85, 55, 61, 47, 39, 39, 24, 21, 11, 4, 3]
YTOT: [0, 0, 0, 0, 0, 0, 0, 0, 0, 0, 0, 0, 0, 0, 0, 0, 0, 0, 0, 0, 0, 0, 0, 0, 0, 0, 0, 0, 0, 0, 0, 0, 0, 0, 0, 0, 0, 0, 0, 0, 0, 0, 0, 0, 1, 1, 1, 1, 2, 3, 4, 4, 4, 5, 7, 10, 13, 16, 20, 24, 28, 33, 41, 51, 64, 79, 97, 113, 129, 151, 176, 204, 237, 273, 307, 342, 385, 434, 482, 531, 576, 620, 665, 713, 779, 856, 924, 1015, 1088, 1150, 1220, 1305, 1394, 1453, 1511, 1568, 1628, 1689, 1741, 1808, 1892, 1988, 2069, 2164, 2249, 2304, 2365, 2412, 2451, 2490, 2514, 2535, 2546, 2550, 2553]

INFO: Total Population: 2212172
INFO: R0: 2
INFO: Incubation Period: 5
INFO: Illness Period: 7
X:[0, 1, 2, 3, 4, 5, 6, 7, 8, 9, 10, 11, 12, 13, 14, 15, 16, 17, 18, 19, 20, 21, 22, 23, 24, 25, 26, 27, 28, 29, 30, 31, 32, 33, 34, 35, 36, 37, 38, 39, 40, 41, 42, 43, 44, 45, 46, 47, 48, 49, 50, 51, 52, 53, 54, 55, 56, 57, 58, 59, 60, 61, 62, 63, 64, 65, 66, 67, 68, 69, 70, 71, 72, 73, 74, 75, 76, 77, 78, 79, 80, 81, 82, 83, 84, 85, 86, 87, 88, 89, 90, 91, 92, 93, 94, 95, 96, 97, 98, 99, 100, 101, 102, 103, 104, 105, 106, 107, 108, 109, 110, 111, 112, 113, 114]
YNEW:[0, 0, 0, 0, 0, 0, 0, 0, 0, 0, 0, 0, 0, 0, 0, 0, 0, 0, 0, 0, 0, 0, 0, 0, 0, 0, 0, 0, 0, 0, 0, 0, 0, 0, 0, 0, 0, 0, 0, 0, 0, 0, 0, 0, 1, 0, 0, 0, 1, 1, 1, 0, 0, 1, 2, 3, 3, 3, 4, 4, 4, 5, 8, 10, 13, 15, 18, 16, 16, 22, 25, 28, 33, 36, 34, 35, 43, 49, 48, 49, 45, 44, 45, 48, 66, 77, 68, 91, 73, 62, 70, 85, 89, 65, 57, 71, 55, 54, 50, 62, 102, 86, 97, 101, 80, 63, 50, 49, 40, 30, 22, 24, 10, 8]
YTOT: [0, 0, 0, 0, 0, 0, 0, 0, 0, 0, 0, 0, 0, 0, 0, 0, 0, 0, 0, 0, 0, 0, 0, 0, 0, 0, 0, 0, 0, 0, 0, 0, 0, 0, 0, 0, 0, 0, 0, 0, 0, 0, 0, 0, 1, 1, 1, 1, 2, 3, 4, 4, 4, 5, 7, 10, 13, 16, 20, 24, 28, 33, 41, 51, 64, 79, 97, 113, 129, 151, 176, 204, 237, 273, 307, 342, 385, 434, 482, 531, 576, 620, 665, 713, 779, 856, 924, 1015, 1088, 1150, 1220, 1305, 1394, 1459, 1516, 1587, 1642, 1696, 1746, 1808, 1910, 1996, 2093, 2194, 2274, 2337, 2387, 2436, 2476, 2506, 2528, 2552, 2562, 2570]

INFO: Total Population: 2212172
INFO: R0: 2
INFO: Incubation Period: 5
INFO: Illness Period: 7
X:[0, 1, 2, 3, 4, 5, 6, 7, 8, 9, 10, 11, 12, 13, 14, 15, 16, 17, 18, 19, 20, 21, 22, 23, 24, 25, 26, 27, 28, 29, 30, 31, 32, 33, 34, 35, 36, 37, 38, 39, 40, 41, 42, 43, 44, 45, 46, 47, 48, 49, 50, 51, 52, 53, 54, 55, 56, 57, 58, 59, 60, 61, 62, 63, 64, 65, 66, 67, 68, 69, 70, 71, 72, 73, 74, 75, 76, 77, 78, 79, 80, 81, 82, 83, 84, 85, 86, 87, 88, 89, 90, 91, 92, 93, 94, 95, 96, 97, 98, 99, 100, 101, 102, 103, 104, 105, 106, 107, 108, 109, 110, 111, 112, 113, 114, 115]
YNEW:[0, 0, 0, 0, 0, 0, 0, 0, 0, 0, 0, 0, 0, 0, 0, 0, 0, 0, 0, 0, 0, 0, 0, 0, 0, 0, 0, 0, 0, 0, 0, 0, 0, 0, 0, 0, 0, 0, 0, 0, 0, 0, 0, 0, 1, 0, 0, 0, 1, 1, 1, 0, 0, 1, 2, 3, 3, 3, 4, 4, 4, 5, 8, 10, 13, 15, 18, 16, 16, 22, 25, 28, 33, 36, 34, 35, 43, 49, 48, 49, 45, 44, 45, 48, 66, 77, 68, 91, 73, 62, 70, 85, 89, 58, 66, 61, 58, 59, 58, 88, 75, 85, 102, 95, 71, 72, 62, 54, 49, 33, 19, 12, 11, 3, 1]
YTOT: [0, 0, 0, 0, 0, 0, 0, 0, 0, 0, 0, 0, 0, 0, 0, 0, 0, 0, 0, 0, 0, 0, 0, 0, 0, 0, 0, 0, 0, 0, 0, 0, 0, 0, 0, 0, 0, 0, 0, 0, 0, 0, 0, 0, 1, 1, 1, 1, 2, 3, 4, 4, 4, 5, 7, 10, 13, 16, 20, 24, 28, 33, 41, 51, 64, 79, 97, 113, 129, 151, 176, 204, 237, 273, 307, 342, 385, 434, 482, 531, 576, 620, 665, 713, 779, 856, 924, 1015, 1088, 1150, 1220, 1305, 1394, 1452, 1518, 1579, 1637, 1696, 1754, 1842, 1917, 2002, 2104, 2199, 2270, 2342, 2404, 2458, 2507, 2540, 2559, 2571, 2582, 2585, 2586]

INFO: Total Population: 2212172
INFO: R0: 2
INFO: Incubation Period: 5
INFO: Illness Period: 7
X:[0, 1, 2, 3, 4, 5, 6, 7, 8, 9, 10, 11, 12, 13, 14, 15, 16, 17, 18, 19, 20, 21, 22, 23, 24, 25, 26, 27, 28, 29, 30, 31, 32, 33, 34, 35, 36, 37, 38, 39, 40, 41, 42, 43, 44, 45, 46, 47, 48, 49, 50, 51, 52, 53, 54, 55, 56, 57, 58, 59, 60, 61, 62, 63, 64, 65, 66, 67, 68, 69, 70, 71, 72, 73, 74, 75, 76, 77, 78, 79, 80, 81, 82, 83, 84, 85, 86, 87, 88, 89, 90, 91, 92, 93, 94, 95, 96, 97, 98, 99, 100, 101, 102, 103, 104, 105, 106, 107, 108, 109, 110, 111, 112, 113, 114, 115]
YNEW:[0, 0, 0, 0, 0, 0, 0, 0, 0, 0, 0, 0, 0, 0, 0, 0, 0, 0, 0, 0, 0, 0, 0, 0, 0, 0, 0, 0, 0, 0, 0, 0, 0, 0, 0, 0, 0, 0, 0, 0, 0, 0, 0, 0, 1, 0, 0, 0, 1, 1, 1, 0, 0, 1, 2, 3, 3, 3, 4, 4, 4, 5, 8, 10, 13, 15, 18, 16, 16, 22, 25, 28, 33, 36, 34, 35, 43, 49, 48, 49, 45, 44, 45, 48, 66, 77, 68, 91, 73, 62, 70, 85, 89, 65, 67, 64, 58, 69, 37, 85, 88, 87, 102, 105, 74, 64, 46, 39, 40, 35, 25, 13, 14, 8, 3]
YTOT: [0, 0, 0, 0, 0, 0, 0, 0, 0, 0, 0, 0, 0, 0, 0, 0, 0, 0, 0, 0, 0, 0, 0, 0, 0, 0, 0, 0, 0, 0, 0, 0, 0, 0, 0, 0, 0, 0, 0, 0, 0, 0, 0, 0, 1, 1, 1, 1, 2, 3, 4, 4, 4, 5, 7, 10, 13, 16, 20, 24, 28, 33, 41, 51, 64, 79, 97, 113, 129, 151, 176, 204, 237, 273, 307, 342, 385, 434, 482, 531, 576, 620, 665, 713, 779, 856, 924, 1015, 1088, 1150, 1220, 1305, 1394, 1459, 1526, 1590, 1648, 1717, 1754, 1839, 1927, 2014, 2116, 2221, 2295, 2359, 2405, 2444, 2484, 2519, 2544, 2557, 2571, 2579, 2582]

INFO: Total Population: 2212172
INFO: R0: 2
INFO: Incubation Period: 5
INFO: Illness Period: 7
X:[0, 1, 2, 3, 4, 5, 6, 7, 8, 9, 10, 11, 12, 13, 14, 15, 16, 17, 18, 19, 20, 21, 22, 23, 24, 25, 26, 27, 28, 29, 30, 31, 32, 33, 34, 35, 36, 37, 38, 39, 40, 41, 42, 43, 44, 45, 46, 47, 48, 49, 50, 51, 52, 53, 54, 55, 56, 57, 58, 59, 60, 61, 62, 63, 64, 65, 66, 67, 68, 69, 70, 71, 72, 73, 74, 75, 76, 77, 78, 79, 80, 81, 82, 83, 84, 85, 86, 87, 88, 89, 90, 91, 92, 93, 94, 95, 96, 97, 98, 99, 100, 101, 102, 103, 104, 105, 106, 107, 108, 109, 110, 111, 112, 113, 114, 115, 116]
YNEW:[0, 0, 0, 0, 0, 0, 0, 0, 0, 0, 0, 0, 0, 0, 0, 0, 0, 0, 0, 0, 0, 0, 0, 0, 0, 0, 0, 0, 0, 0, 0, 0, 0, 0, 0, 0, 0, 0, 0, 0, 0, 0, 0, 0, 1, 0, 0, 0, 1, 1, 1, 0, 0, 1, 2, 3, 3, 3, 4, 4, 4, 5, 8, 10, 13, 15, 18, 16, 16, 22, 25, 28, 33, 36, 34, 35, 43, 49, 48, 49, 45, 44, 45, 48, 66, 77, 68, 91, 73, 62, 70, 85, 89, 65, 50, 55, 54, 61, 51, 74, 70, 83, 107, 78, 76, 60, 48, 53, 39, 33, 30, 21, 9, 6, 1, 1]
YTOT: [0, 0, 0, 0, 0, 0, 0, 0, 0, 0, 0, 0, 0, 0, 0, 0, 0, 0, 0, 0, 0, 0, 0, 0, 0, 0, 0, 0, 0, 0, 0, 0, 0, 0, 0, 0, 0, 0, 0, 0, 0, 0, 0, 0, 1, 1, 1, 1, 2, 3, 4, 4, 4, 5, 7, 10, 13, 16, 20, 24, 28, 33, 41, 51, 64, 79, 97, 113, 129, 151, 176, 204, 237, 273, 307, 342, 385, 434, 482, 531, 576, 620, 665, 713, 779, 856, 924, 1015, 1088, 1150, 1220, 1305, 1394, 1459, 1509, 1564, 1618, 1679, 1730, 1804, 1874, 1957, 2064, 2142, 2218, 2278, 2326, 2379, 2418, 2451, 2481, 2502, 2511, 2517, 2518, 2519]

INFO: Total Population: 2212172
INFO: R0: 2
INFO: Incubation Period: 5
INFO: Illness Period: 7
X:[0, 1, 2, 3, 4, 5, 6, 7, 8, 9, 10, 11, 12, 13, 14, 15, 16, 17, 18, 19, 20, 21, 22, 23, 24, 25, 26, 27, 28, 29, 30, 31, 32, 33, 34, 35, 36, 37, 38, 39, 40, 41, 42, 43, 44, 45, 46, 47, 48, 49, 50, 51, 52, 53, 54, 55, 56, 57, 58, 59, 60, 61, 62, 63, 64, 65, 66, 67, 68, 69, 70, 71, 72, 73, 74, 75, 76, 77, 78, 79, 80, 81, 82, 83, 84, 85, 86, 87, 88, 89, 90, 91, 92, 93, 94, 95, 96, 97, 98, 99, 100, 101, 102, 103, 104, 105, 106, 107, 108, 109, 110, 111, 112, 113, 114, 115]
YNEW:[0, 0, 0, 0, 0, 0, 0, 0, 0, 0, 0, 0, 0, 0, 0, 0, 0, 0, 0, 0, 0, 0, 0, 0, 0, 0, 0, 0, 0, 0, 0, 0, 0, 0, 0, 0, 0, 0, 0, 0, 0, 0, 0, 0, 1, 0, 0, 0, 1, 1, 1, 0, 0, 1, 2, 3, 3, 3, 4, 4, 4, 5, 8, 10, 13, 15, 18, 16, 16, 22, 25, 28, 33, 36, 34, 35, 43, 49, 48, 49, 45, 44, 45, 48, 66, 77, 68, 91, 73, 62, 70, 85, 89, 54, 72, 68, 56, 56, 59, 87, 83, 98, 89, 96, 73, 66, 61, 45, 43, 29, 30, 17, 11, 11, 1]
YTOT: [0, 0, 0, 0, 0, 0, 0, 0, 0, 0, 0, 0, 0, 0, 0, 0, 0, 0, 0, 0, 0, 0, 0, 0, 0, 0, 0, 0, 0, 0, 0, 0, 0, 0, 0, 0, 0, 0, 0, 0, 0, 0, 0, 0, 1, 1, 1, 1, 2, 3, 4, 4, 4, 5, 7, 10, 13, 16, 20, 24, 28, 33, 41, 51, 64, 79, 97, 113, 129, 151, 176, 204, 237, 273, 307, 342, 385, 434, 482, 531, 576, 620, 665, 713, 779, 856, 924, 1015, 1088, 1150, 1220, 1305, 1394, 1448, 1520, 1588, 1644, 1700, 1759, 1846, 1929, 2027, 2116, 2212, 2285, 2351, 2412, 2457, 2500, 2529, 2559, 2576, 2587, 2598, 2599]

INFO: Total Population: 2212172
INFO: R0: 2
INFO: Incubation Period: 5
INFO: Illness Period: 7
X:[0, 1, 2, 3, 4, 5, 6, 7, 8, 9, 10, 11, 12, 13, 14, 15, 16, 17, 18, 19, 20, 21, 22, 23, 24, 25, 26, 27, 28, 29, 30, 31, 32, 33, 34, 35, 36, 37, 38, 39, 40, 41, 42, 43, 44, 45, 46, 47, 48, 49, 50, 51, 52, 53, 54, 55, 56, 57, 58, 59, 60, 61, 62, 63, 64, 65, 66, 67, 68, 69, 70, 71, 72, 73, 74, 75, 76, 77, 78, 79, 80, 81, 82, 83, 84, 85, 86, 87, 88, 89, 90, 91, 92, 93, 94, 95, 96, 97, 98, 99, 100, 101, 102, 103, 104, 105, 106, 107, 108, 109, 110, 111, 112, 113, 114, 115, 116]
YNEW:[0, 0, 0, 0, 0, 0, 0, 0, 0, 0, 0, 0, 0, 0, 0, 0, 0, 0, 0, 0, 0, 0, 0, 0, 0, 0, 0, 0, 0, 0, 0, 0, 0, 0, 0, 0, 0, 0, 0, 0, 0, 0, 0, 0, 1, 0, 0, 0, 1, 1, 1, 0, 0, 1, 2, 3, 3, 3, 4, 4, 4, 5, 8, 10, 13, 15, 18, 16, 16, 22, 25, 28, 33, 36, 34, 35, 43, 49, 48, 49, 45, 44, 45, 48, 66, 77, 68, 91, 73, 62, 70, 85, 89, 55, 66, 51, 55, 50, 47, 62, 78, 95, 89, 84, 88, 70, 47, 41, 36, 23, 24, 10, 6, 6, 6, 1]
YTOT: [0, 0, 0, 0, 0, 0, 0, 0, 0, 0, 0, 0, 0, 0, 0, 0, 0, 0, 0, 0, 0, 0, 0, 0, 0, 0, 0, 0, 0, 0, 0, 0, 0, 0, 0, 0, 0, 0, 0, 0, 0, 0, 0, 0, 1, 1, 1, 1, 2, 3, 4, 4, 4, 5, 7, 10, 13, 16, 20, 24, 28, 33, 41, 51, 64, 79, 97, 113, 129, 151, 176, 204, 237, 273, 307, 342, 385, 434, 482, 531, 576, 620, 665, 713, 779, 856, 924, 1015, 1088, 1150, 1220, 1305, 1394, 1449, 1515, 1566, 1621, 1671, 1718, 1780, 1858, 1953, 2042, 2126, 2214, 2284, 2331, 2372, 2408, 2431, 2455, 2465, 2471, 2477, 2483, 2484]

END