

INFO: Total Population: 501317
INFO: R0: 2
INFO: Incubation Period: 5
INFO: Illness Period: 12
X:[0, 1, 2, 3, 4, 5, 6, 7, 8, 9, 10, 11, 12, 13, 14, 15, 16, 17, 18, 19, 20, 21, 22, 23, 24, 25, 26, 27, 28, 29, 30, 31, 32, 33, 34, 35, 36, 37, 38, 39, 40, 41, 42, 43, 44, 45, 46, 47, 48, 49, 50, 51, 52, 53, 54, 55, 56, 57, 58, 59, 60, 61, 62, 63, 64, 65, 66, 67, 68, 69, 70, 71, 72, 73, 74, 75, 76, 77, 78, 79, 80, 81, 82, 83, 84, 85, 86, 87, 88, 89, 90, 91, 92, 93, 94, 95, 96, 97, 98, 99, 100, 101, 102, 103]
YNEW:[0, 0, 0, 0, 0, 0, 0, 0, 0, 0, 0, 0, 0, 0, 0, 0, 0, 0, 0, 0, 0, 0, 0, 0, 0, 0, 0, 0, 0, 0, 0, 0, 0, 0, 0, 0, 0, 0, 0, 0, 0, 0, 0, 0, 0, 0, 0, 1, 1, 0, 0, 0, 0, 1, 1, 1, 1, 1, 5, 4, 4, 4, 4, 4, 4, 2, 6, 5, 9, 11, 10, 8, 7, 5, 4, 5, 5, 9, 6, 7, 5, 3, 2, 3, 4, 4, 3, 2, 4, 1, 1, 3, 4, 2, 5, 6, 4, 4, 1, 1, 1, 1, 1]
YTOT: [0, 0, 0, 0, 0, 0, 0, 0, 0, 0, 0, 0, 0, 0, 0, 0, 0, 0, 0, 0, 0, 0, 0, 0, 0, 0, 0, 0, 0, 0, 0, 0, 0, 0, 0, 0, 0, 0, 0, 0, 0, 0, 0, 0, 0, 0, 0, 1, 2, 2, 2, 2, 2, 3, 4, 5, 6, 7, 12, 16, 20, 24, 28, 32, 36, 38, 44, 49, 58, 69, 79, 87, 94, 99, 103, 108, 113, 122, 128, 135, 140, 143, 145, 148, 152, 156, 159, 161, 165, 166, 167, 170, 174, 176, 181, 187, 191, 195, 196, 197, 198, 199, 200]

INFO: Total Population: 501317
INFO: R0: 2
INFO: Incubation Period: 5
INFO: Illness Period: 12
X:[0, 1, 2, 3, 4, 5, 6, 7, 8, 9, 10, 11, 12, 13, 14, 15, 16, 17, 18, 19, 20, 21, 22, 23, 24, 25, 26, 27, 28, 29, 30, 31, 32, 33, 34, 35, 36, 37, 38, 39, 40, 41, 42, 43, 44, 45, 46, 47, 48, 49, 50, 51, 52, 53, 54, 55, 56, 57, 58, 59, 60, 61, 62, 63, 64, 65, 66, 67, 68, 69, 70, 71, 72, 73, 74, 75, 76, 77, 78, 79, 80, 81, 82, 83, 84, 85, 86, 87, 88, 89, 90, 91, 92, 93, 94, 95, 96, 97, 98, 99, 100, 101, 102, 103, 104, 105, 106]
YNEW:[0, 0, 0, 0, 0, 0, 0, 0, 0, 0, 0, 0, 0, 0, 0, 0, 0, 0, 0, 0, 0, 0, 0, 0, 0, 0, 0, 0, 0, 0, 0, 0, 0, 0, 0, 0, 0, 0, 0, 0, 0, 0, 0, 0, 0, 0, 0, 1, 1, 0, 0, 0, 0, 1, 1, 1, 1, 1, 5, 4, 4, 4, 4, 4, 4, 2, 6, 5, 9, 11, 10, 8, 7, 5, 4, 5, 5, 9, 6, 7, 5, 3, 2, 3, 4, 4, 5, 3, 5, 8, 2, 6, 3, 2, 8, 3, 9, 6, 7, 3, 5, 4, 3, 1, 1, 2]
YTOT: [0, 0, 0, 0, 0, 0, 0, 0, 0, 0, 0, 0, 0, 0, 0, 0, 0, 0, 0, 0, 0, 0, 0, 0, 0, 0, 0, 0, 0, 0, 0, 0, 0, 0, 0, 0, 0, 0, 0, 0, 0, 0, 0, 0, 0, 0, 0, 1, 2, 2, 2, 2, 2, 3, 4, 5, 6, 7, 12, 16, 20, 24, 28, 32, 36, 38, 44, 49, 58, 69, 79, 87, 94, 99, 103, 108, 113, 122, 128, 135, 140, 143, 145, 148, 152, 156, 161, 164, 169, 177, 179, 185, 188, 190, 198, 201, 210, 216, 223, 226, 231, 235, 238, 239, 240, 242]

INFO: Total Population: 501317
INFO: R0: 2
INFO: Incubation Period: 5
INFO: Illness Period: 12
X:[0, 1, 2, 3, 4, 5, 6, 7, 8, 9, 10, 11, 12, 13, 14, 15, 16, 17, 18, 19, 20, 21, 22, 23, 24, 25, 26, 27, 28, 29, 30, 31, 32, 33, 34, 35, 36, 37, 38, 39, 40, 41, 42, 43, 44, 45, 46, 47, 48, 49, 50, 51, 52, 53, 54, 55, 56, 57, 58, 59, 60, 61, 62, 63, 64, 65, 66, 67, 68, 69, 70, 71, 72, 73, 74, 75, 76, 77, 78, 79, 80, 81, 82, 83, 84, 85, 86, 87, 88, 89, 90, 91, 92, 93, 94, 95, 96, 97, 98, 99]
YNEW:[0, 0, 0, 0, 0, 0, 0, 0, 0, 0, 0, 0, 0, 0, 0, 0, 0, 0, 0, 0, 0, 0, 0, 0, 0, 0, 0, 0, 0, 0, 0, 0, 0, 0, 0, 0, 0, 0, 0, 0, 0, 0, 0, 0, 0, 0, 0, 1, 1, 0, 0, 0, 0, 1, 1, 1, 1, 1, 5, 4, 4, 4, 4, 4, 4, 2, 6, 5, 9, 11, 10, 8, 7, 5, 4, 5, 5, 9, 6, 7, 5, 3, 2, 3, 4, 4, 5, 6, 3, 2, 5, 8, 5, 4, 3, 4, 3, 5, 2]
YTOT: [0, 0, 0, 0, 0, 0, 0, 0, 0, 0, 0, 0, 0, 0, 0, 0, 0, 0, 0, 0, 0, 0, 0, 0, 0, 0, 0, 0, 0, 0, 0, 0, 0, 0, 0, 0, 0, 0, 0, 0, 0, 0, 0, 0, 0, 0, 0, 1, 2, 2, 2, 2, 2, 3, 4, 5, 6, 7, 12, 16, 20, 24, 28, 32, 36, 38, 44, 49, 58, 69, 79, 87, 94, 99, 103, 108, 113, 122, 128, 135, 140, 143, 145, 148, 152, 156, 161, 167, 170, 172, 177, 185, 190, 194, 197, 201, 204, 209, 211]

INFO: Total Population: 501317
INFO: R0: 2
INFO: Incubation Period: 5
INFO: Illness Period: 12
X:[0, 1, 2, 3, 4, 5, 6, 7, 8, 9, 10, 11, 12, 13, 14, 15, 16, 17, 18, 19, 20, 21, 22, 23, 24, 25, 26, 27, 28, 29, 30, 31, 32, 33, 34, 35, 36, 37, 38, 39, 40, 41, 42, 43, 44, 45, 46, 47, 48, 49, 50, 51, 52, 53, 54, 55, 56, 57, 58, 59, 60, 61, 62, 63, 64, 65, 66, 67, 68, 69, 70, 71, 72, 73, 74, 75, 76, 77, 78, 79, 80, 81, 82, 83, 84, 85, 86, 87, 88, 89, 90, 91, 92, 93, 94, 95, 96, 97, 98, 99, 100, 101, 102, 103, 104, 105, 106]
YNEW:[0, 0, 0, 0, 0, 0, 0, 0, 0, 0, 0, 0, 0, 0, 0, 0, 0, 0, 0, 0, 0, 0, 0, 0, 0, 0, 0, 0, 0, 0, 0, 0, 0, 0, 0, 0, 0, 0, 0, 0, 0, 0, 0, 0, 0, 0, 0, 1, 1, 0, 0, 0, 0, 1, 1, 1, 1, 1, 5, 4, 4, 4, 4, 4, 4, 2, 6, 5, 9, 11, 10, 8, 7, 5, 4, 5, 5, 9, 6, 7, 5, 3, 2, 3, 4, 4, 3, 7, 3, 1, 5, 7, 6, 2, 7, 4, 8, 5, 4, 3, 4, 1, 3, 3, 2, 2]
YTOT: [0, 0, 0, 0, 0, 0, 0, 0, 0, 0, 0, 0, 0, 0, 0, 0, 0, 0, 0, 0, 0, 0, 0, 0, 0, 0, 0, 0, 0, 0, 0, 0, 0, 0, 0, 0, 0, 0, 0, 0, 0, 0, 0, 0, 0, 0, 0, 1, 2, 2, 2, 2, 2, 3, 4, 5, 6, 7, 12, 16, 20, 24, 28, 32, 36, 38, 44, 49, 58, 69, 79, 87, 94, 99, 103, 108, 113, 122, 128, 135, 140, 143, 145, 148, 152, 156, 159, 166, 169, 170, 175, 182, 188, 190, 197, 201, 209, 214, 218, 221, 225, 226, 229, 232, 234, 236]

INFO: Total Population: 501317
INFO: R0: 2
INFO: Incubation Period: 5
INFO: Illness Period: 12
X:[0, 1, 2, 3, 4, 5, 6, 7, 8, 9, 10, 11, 12, 13, 14, 15, 16, 17, 18, 19, 20, 21, 22, 23, 24, 25, 26, 27, 28, 29, 30, 31, 32, 33, 34, 35, 36, 37, 38, 39, 40, 41, 42, 43, 44, 45, 46, 47, 48, 49, 50, 51, 52, 53, 54, 55, 56, 57, 58, 59, 60, 61, 62, 63, 64, 65, 66, 67, 68, 69, 70, 71, 72, 73, 74, 75, 76, 77, 78, 79, 80, 81, 82, 83, 84, 85, 86, 87, 88, 89, 90, 91, 92, 93, 94, 95, 96, 97, 98, 99, 100]
YNEW:[0, 0, 0, 0, 0, 0, 0, 0, 0, 0, 0, 0, 0, 0, 0, 0, 0, 0, 0, 0, 0, 0, 0, 0, 0, 0, 0, 0, 0, 0, 0, 0, 0, 0, 0, 0, 0, 0, 0, 0, 0, 0, 0, 0, 0, 0, 0, 1, 1, 0, 0, 0, 0, 1, 1, 1, 1, 1, 5, 4, 4, 4, 4, 4, 4, 2, 6, 5, 9, 11, 10, 8, 7, 5, 4, 5, 5, 9, 6, 7, 5, 3, 2, 3, 4, 4, 5, 5, 2, 2, 2, 3, 1, 8, 6, 5, 10, 5, 2, 2]
YTOT: [0, 0, 0, 0, 0, 0, 0, 0, 0, 0, 0, 0, 0, 0, 0, 0, 0, 0, 0, 0, 0, 0, 0, 0, 0, 0, 0, 0, 0, 0, 0, 0, 0, 0, 0, 0, 0, 0, 0, 0, 0, 0, 0, 0, 0, 0, 0, 1, 2, 2, 2, 2, 2, 3, 4, 5, 6, 7, 12, 16, 20, 24, 28, 32, 36, 38, 44, 49, 58, 69, 79, 87, 94, 99, 103, 108, 113, 122, 128, 135, 140, 143, 145, 148, 152, 156, 161, 166, 168, 170, 172, 175, 176, 184, 190, 195, 205, 210, 212, 214]

INFO: Total Population: 501317
INFO: R0: 2
INFO: Incubation Period: 5
INFO: Illness Period: 12
X:[0, 1, 2, 3, 4, 5, 6, 7, 8, 9, 10, 11, 12, 13, 14, 15, 16, 17, 18, 19, 20, 21, 22, 23, 24, 25, 26, 27, 28, 29, 30, 31, 32, 33, 34, 35, 36, 37, 38, 39, 40, 41, 42, 43, 44, 45, 46, 47, 48, 49, 50, 51, 52, 53, 54, 55, 56, 57, 58, 59, 60, 61, 62, 63, 64, 65, 66, 67, 68, 69, 70, 71, 72, 73, 74, 75, 76, 77, 78, 79, 80, 81, 82, 83, 84, 85, 86, 87, 88, 89, 90, 91, 92, 93, 94, 95, 96, 97, 98, 99, 100, 101, 102, 103, 104, 105, 106]
YNEW:[0, 0, 0, 0, 0, 0, 0, 0, 0, 0, 0, 0, 0, 0, 0, 0, 0, 0, 0, 0, 0, 0, 0, 0, 0, 0, 0, 0, 0, 0, 0, 0, 0, 0, 0, 0, 0, 0, 0, 0, 0, 0, 0, 0, 0, 0, 0, 1, 1, 0, 0, 0, 0, 1, 1, 1, 1, 1, 5, 4, 4, 4, 4, 4, 4, 2, 6, 5, 9, 11, 10, 8, 7, 5, 4, 5, 5, 9, 6, 7, 5, 3, 2, 3, 4, 4, 1, 1, 2, 5, 2, 2, 5, 5, 4, 2, 4, 4, 1, 1, 2, 3, 1, 1, 1, 1]
YTOT: [0, 0, 0, 0, 0, 0, 0, 0, 0, 0, 0, 0, 0, 0, 0, 0, 0, 0, 0, 0, 0, 0, 0, 0, 0, 0, 0, 0, 0, 0, 0, 0, 0, 0, 0, 0, 0, 0, 0, 0, 0, 0, 0, 0, 0, 0, 0, 1, 2, 2, 2, 2, 2, 3, 4, 5, 6, 7, 12, 16, 20, 24, 28, 32, 36, 38, 44, 49, 58, 69, 79, 87, 94, 99, 103, 108, 113, 122, 128, 135, 140, 143, 145, 148, 152, 156, 157, 158, 160, 165, 167, 169, 174, 179, 183, 185, 189, 193, 194, 195, 197, 200, 201, 202, 203, 204]

INFO: Total Population: 501317
INFO: R0: 2
INFO: Incubation Period: 5
INFO: Illness Period: 12
X:[0, 1, 2, 3, 4, 5, 6, 7, 8, 9, 10, 11, 12, 13, 14, 15, 16, 17, 18, 19, 20, 21, 22, 23, 24, 25, 26, 27, 28, 29, 30, 31, 32, 33, 34, 35, 36, 37, 38, 39, 40, 41, 42, 43, 44, 45, 46, 47, 48, 49, 50, 51, 52, 53, 54, 55, 56, 57, 58, 59, 60, 61, 62, 63, 64, 65, 66, 67, 68, 69, 70, 71, 72, 73, 74, 75, 76, 77, 78, 79, 80, 81, 82, 83, 84, 85, 86, 87, 88, 89, 90, 91, 92, 93, 94, 95, 96, 97, 98, 99, 100, 101, 102, 103, 104]
YNEW:[0, 0, 0, 0, 0, 0, 0, 0, 0, 0, 0, 0, 0, 0, 0, 0, 0, 0, 0, 0, 0, 0, 0, 0, 0, 0, 0, 0, 0, 0, 0, 0, 0, 0, 0, 0, 0, 0, 0, 0, 0, 0, 0, 0, 0, 0, 0, 1, 1, 0, 0, 0, 0, 1, 1, 1, 1, 1, 5, 4, 4, 4, 4, 4, 4, 2, 6, 5, 9, 11, 10, 8, 7, 5, 4, 5, 5, 9, 6, 7, 5, 3, 2, 3, 4, 4, 7, 3, 5, 1, 3, 2, 3, 4, 4, 4, 4, 6, 4, 5, 3, 2, 1, 1]
YTOT: [0, 0, 0, 0, 0, 0, 0, 0, 0, 0, 0, 0, 0, 0, 0, 0, 0, 0, 0, 0, 0, 0, 0, 0, 0, 0, 0, 0, 0, 0, 0, 0, 0, 0, 0, 0, 0, 0, 0, 0, 0, 0, 0, 0, 0, 0, 0, 1, 2, 2, 2, 2, 2, 3, 4, 5, 6, 7, 12, 16, 20, 24, 28, 32, 36, 38, 44, 49, 58, 69, 79, 87, 94, 99, 103, 108, 113, 122, 128, 135, 140, 143, 145, 148, 152, 156, 163, 166, 171, 172, 175, 177, 180, 184, 188, 192, 196, 202, 206, 211, 214, 216, 217, 218]

INFO: Total Population: 501317
INFO: R0: 2
INFO: Incubation Period: 5
INFO: Illness Period: 12
X:[0, 1, 2, 3, 4, 5, 6, 7, 8, 9, 10, 11, 12, 13, 14, 15, 16, 17, 18, 19, 20, 21, 22, 23, 24, 25, 26, 27, 28, 29, 30, 31, 32, 33, 34, 35, 36, 37, 38, 39, 40, 41, 42, 43, 44, 45, 46, 47, 48, 49, 50, 51, 52, 53, 54, 55, 56, 57, 58, 59, 60, 61, 62, 63, 64, 65, 66, 67, 68, 69, 70, 71, 72, 73, 74, 75, 76, 77, 78, 79, 80, 81, 82, 83, 84, 85, 86, 87, 88, 89, 90, 91, 92, 93, 94, 95, 96, 97, 98, 99, 100, 101, 102, 103, 104]
YNEW:[0, 0, 0, 0, 0, 0, 0, 0, 0, 0, 0, 0, 0, 0, 0, 0, 0, 0, 0, 0, 0, 0, 0, 0, 0, 0, 0, 0, 0, 0, 0, 0, 0, 0, 0, 0, 0, 0, 0, 0, 0, 0, 0, 0, 0, 0, 0, 1, 1, 0, 0, 0, 0, 1, 1, 1, 1, 1, 5, 4, 4, 4, 4, 4, 4, 2, 6, 5, 9, 11, 10, 8, 7, 5, 4, 5, 5, 9, 6, 7, 5, 3, 2, 3, 4, 4, 3, 5, 2, 2, 1, 3, 4, 7, 4, 4, 4, 3, 3, 2, 2, 1, 1, 1]
YTOT: [0, 0, 0, 0, 0, 0, 0, 0, 0, 0, 0, 0, 0, 0, 0, 0, 0, 0, 0, 0, 0, 0, 0, 0, 0, 0, 0, 0, 0, 0, 0, 0, 0, 0, 0, 0, 0, 0, 0, 0, 0, 0, 0, 0, 0, 0, 0, 1, 2, 2, 2, 2, 2, 3, 4, 5, 6, 7, 12, 16, 20, 24, 28, 32, 36, 38, 44, 49, 58, 69, 79, 87, 94, 99, 103, 108, 113, 122, 128, 135, 140, 143, 145, 148, 152, 156, 159, 164, 166, 168, 169, 172, 176, 183, 187, 191, 195, 198, 201, 203, 205, 206, 207, 208]

INFO: Total Population: 501317
INFO: R0: 2
INFO: Incubation Period: 5
INFO: Illness Period: 12
X:[0, 1, 2, 3, 4, 5, 6, 7, 8, 9, 10, 11, 12, 13, 14, 15, 16, 17, 18, 19, 20, 21, 22, 23, 24, 25, 26, 27, 28, 29, 30, 31, 32, 33, 34, 35, 36, 37, 38, 39, 40, 41, 42, 43, 44, 45, 46, 47, 48, 49, 50, 51, 52, 53, 54, 55, 56, 57, 58, 59, 60, 61, 62, 63, 64, 65, 66, 67, 68, 69, 70, 71, 72, 73, 74, 75, 76, 77, 78, 79, 80, 81, 82, 83, 84, 85, 86, 87, 88, 89, 90, 91, 92, 93, 94, 95, 96, 97, 98, 99, 100, 101, 102, 103, 104, 105, 106]
YNEW:[0, 0, 0, 0, 0, 0, 0, 0, 0, 0, 0, 0, 0, 0, 0, 0, 0, 0, 0, 0, 0, 0, 0, 0, 0, 0, 0, 0, 0, 0, 0, 0, 0, 0, 0, 0, 0, 0, 0, 0, 0, 0, 0, 0, 0, 0, 0, 1, 1, 0, 0, 0, 0, 1, 1, 1, 1, 1, 5, 4, 4, 4, 4, 4, 4, 2, 6, 5, 9, 11, 10, 8, 7, 5, 4, 5, 5, 9, 6, 7, 5, 3, 2, 3, 4, 4, 4, 7, 2, 7, 2, 5, 4, 9, 5, 6, 10, 3, 5, 1, 3, 4, 1, 1, 1, 1]
YTOT: [0, 0, 0, 0, 0, 0, 0, 0, 0, 0, 0, 0, 0, 0, 0, 0, 0, 0, 0, 0, 0, 0, 0, 0, 0, 0, 0, 0, 0, 0, 0, 0, 0, 0, 0, 0, 0, 0, 0, 0, 0, 0, 0, 0, 0, 0, 0, 1, 2, 2, 2, 2, 2, 3, 4, 5, 6, 7, 12, 16, 20, 24, 28, 32, 36, 38, 44, 49, 58, 69, 79, 87, 94, 99, 103, 108, 113, 122, 128, 135, 140, 143, 145, 148, 152, 156, 160, 167, 169, 176, 178, 183, 187, 196, 201, 207, 217, 220, 225, 226, 229, 233, 234, 235, 236, 237]

INFO: Total Population: 501317
INFO: R0: 2
INFO: Incubation Period: 5
INFO: Illness Period: 12
X:[0, 1, 2, 3, 4, 5, 6, 7, 8, 9, 10, 11, 12, 13, 14, 15, 16, 17, 18, 19, 20, 21, 22, 23, 24, 25, 26, 27, 28, 29, 30, 31, 32, 33, 34, 35, 36, 37, 38, 39, 40, 41, 42, 43, 44, 45, 46, 47, 48, 49, 50, 51, 52, 53, 54, 55, 56, 57, 58, 59, 60, 61, 62, 63, 64, 65, 66, 67, 68, 69, 70, 71, 72, 73, 74, 75, 76, 77, 78, 79, 80, 81, 82, 83, 84, 85, 86, 87, 88, 89, 90, 91, 92, 93, 94, 95, 96, 97, 98, 99, 100, 101, 102, 103, 104, 105, 106]
YNEW:[0, 0, 0, 0, 0, 0, 0, 0, 0, 0, 0, 0, 0, 0, 0, 0, 0, 0, 0, 0, 0, 0, 0, 0, 0, 0, 0, 0, 0, 0, 0, 0, 0, 0, 0, 0, 0, 0, 0, 0, 0, 0, 0, 0, 0, 0, 0, 1, 1, 0, 0, 0, 0, 1, 1, 1, 1, 1, 5, 4, 4, 4, 4, 4, 4, 2, 6, 5, 9, 11, 10, 8, 7, 5, 4, 5, 5, 9, 6, 7, 5, 3, 2, 3, 4, 4, 5, 5, 4, 4, 2, 2, 5, 7, 5, 6, 4, 4, 1, 2, 2, 1, 2, 1, 2, 1]
YTOT: [0, 0, 0, 0, 0, 0, 0, 0, 0, 0, 0, 0, 0, 0, 0, 0, 0, 0, 0, 0, 0, 0, 0, 0, 0, 0, 0, 0, 0, 0, 0, 0, 0, 0, 0, 0, 0, 0, 0, 0, 0, 0, 0, 0, 0, 0, 0, 1, 2, 2, 2, 2, 2, 3, 4, 5, 6, 7, 12, 16, 20, 24, 28, 32, 36, 38, 44, 49, 58, 69, 79, 87, 94, 99, 103, 108, 113, 122, 128, 135, 140, 143, 145, 148, 152, 156, 161, 166, 170, 174, 176, 178, 183, 190, 195, 201, 205, 209, 210, 212, 214, 215, 217, 218, 220, 221]

INFO: Total Population: 501317
INFO: R0: 2
INFO: Incubation Period: 5
INFO: Illness Period: 12
X:[0, 1, 2, 3, 4, 5, 6, 7, 8, 9, 10, 11, 12, 13, 14, 15, 16, 17, 18, 19, 20, 21, 22, 23, 24, 25, 26, 27, 28, 29, 30, 31, 32, 33, 34, 35, 36, 37, 38, 39, 40, 41, 42, 43, 44, 45, 46, 47, 48, 49, 50, 51, 52, 53, 54, 55, 56, 57, 58, 59, 60, 61, 62, 63, 64, 65, 66, 67, 68, 69, 70, 71, 72, 73, 74, 75, 76, 77, 78, 79, 80, 81, 82, 83, 84, 85, 86, 87, 88, 89, 90, 91, 92, 93, 94, 95, 96, 97, 98, 99, 100, 101, 102, 103, 104, 105]
YNEW:[0, 0, 0, 0, 0, 0, 0, 0, 0, 0, 0, 0, 0, 0, 0, 0, 0, 0, 0, 0, 0, 0, 0, 0, 0, 0, 0, 0, 0, 0, 0, 0, 0, 0, 0, 0, 0, 0, 0, 0, 0, 0, 0, 0, 0, 0, 0, 1, 1, 0, 0, 0, 0, 1, 1, 1, 1, 1, 5, 4, 4, 4, 4, 4, 4, 2, 6, 5, 9, 11, 10, 8, 7, 5, 4, 5, 5, 9, 6, 7, 5, 3, 2, 3, 4, 4, 5, 2, 4, 3, 1, 5, 3, 10, 7, 4, 6, 2, 3, 3, 2, 1, 1, 1, 1]
YTOT: [0, 0, 0, 0, 0, 0, 0, 0, 0, 0, 0, 0, 0, 0, 0, 0, 0, 0, 0, 0, 0, 0, 0, 0, 0, 0, 0, 0, 0, 0, 0, 0, 0, 0, 0, 0, 0, 0, 0, 0, 0, 0, 0, 0, 0, 0, 0, 1, 2, 2, 2, 2, 2, 3, 4, 5, 6, 7, 12, 16, 20, 24, 28, 32, 36, 38, 44, 49, 58, 69, 79, 87, 94, 99, 103, 108, 113, 122, 128, 135, 140, 143, 145, 148, 152, 156, 161, 163, 167, 170, 171, 176, 179, 189, 196, 200, 206, 208, 211, 214, 216, 217, 218, 219, 220]

INFO: Total Population: 501317
INFO: R0: 2
INFO: Incubation Period: 5
INFO: Illness Period: 12
X:[0, 1, 2, 3, 4, 5, 6, 7, 8, 9, 10, 11, 12, 13, 14, 15, 16, 17, 18, 19, 20, 21, 22, 23, 24, 25, 26, 27, 28, 29, 30, 31, 32, 33, 34, 35, 36, 37, 38, 39, 40, 41, 42, 43, 44, 45, 46, 47, 48, 49, 50, 51, 52, 53, 54, 55, 56, 57, 58, 59, 60, 61, 62, 63, 64, 65, 66, 67, 68, 69, 70, 71, 72, 73, 74, 75, 76, 77, 78, 79, 80, 81, 82, 83, 84, 85, 86, 87, 88, 89, 90, 91, 92, 93, 94, 95, 96, 97, 98, 99, 100, 101, 102, 103, 104, 105]
YNEW:[0, 0, 0, 0, 0, 0, 0, 0, 0, 0, 0, 0, 0, 0, 0, 0, 0, 0, 0, 0, 0, 0, 0, 0, 0, 0, 0, 0, 0, 0, 0, 0, 0, 0, 0, 0, 0, 0, 0, 0, 0, 0, 0, 0, 0, 0, 0, 1, 1, 0, 0, 0, 0, 1, 1, 1, 1, 1, 5, 4, 4, 4, 4, 4, 4, 2, 6, 5, 9, 11, 10, 8, 7, 5, 4, 5, 5, 9, 6, 7, 5, 3, 2, 3, 4, 4, 6, 6, 7, 4, 3, 2, 1, 4, 9, 4, 9, 8, 5, 2, 4, 3, 1, 2, 2]
YTOT: [0, 0, 0, 0, 0, 0, 0, 0, 0, 0, 0, 0, 0, 0, 0, 0, 0, 0, 0, 0, 0, 0, 0, 0, 0, 0, 0, 0, 0, 0, 0, 0, 0, 0, 0, 0, 0, 0, 0, 0, 0, 0, 0, 0, 0, 0, 0, 1, 2, 2, 2, 2, 2, 3, 4, 5, 6, 7, 12, 16, 20, 24, 28, 32, 36, 38, 44, 49, 58, 69, 79, 87, 94, 99, 103, 108, 113, 122, 128, 135, 140, 143, 145, 148, 152, 156, 162, 168, 175, 179, 182, 184, 185, 189, 198, 202, 211, 219, 224, 226, 230, 233, 234, 236, 238]

INFO: Total Population: 501317
INFO: R0: 2
INFO: Incubation Period: 5
INFO: Illness Period: 12
X:[0, 1, 2, 3, 4, 5, 6, 7, 8, 9, 10, 11, 12, 13, 14, 15, 16, 17, 18, 19, 20, 21, 22, 23, 24, 25, 26, 27, 28, 29, 30, 31, 32, 33, 34, 35, 36, 37, 38, 39, 40, 41, 42, 43, 44, 45, 46, 47, 48, 49, 50, 51, 52, 53, 54, 55, 56, 57, 58, 59, 60, 61, 62, 63, 64, 65, 66, 67, 68, 69, 70, 71, 72, 73, 74, 75, 76, 77, 78, 79, 80, 81, 82, 83, 84, 85, 86, 87, 88, 89, 90, 91, 92, 93, 94, 95, 96, 97, 98, 99, 100, 101]
YNEW:[0, 0, 0, 0, 0, 0, 0, 0, 0, 0, 0, 0, 0, 0, 0, 0, 0, 0, 0, 0, 0, 0, 0, 0, 0, 0, 0, 0, 0, 0, 0, 0, 0, 0, 0, 0, 0, 0, 0, 0, 0, 0, 0, 0, 0, 0, 0, 1, 1, 0, 0, 0, 0, 1, 1, 1, 1, 1, 5, 4, 4, 4, 4, 4, 4, 2, 6, 5, 9, 11, 10, 8, 7, 5, 4, 5, 5, 9, 6, 7, 5, 3, 2, 3, 4, 4, 7, 6, 6, 3, 6, 4, 8, 4, 3, 2, 1, 2, 2, 2, 1]
YTOT: [0, 0, 0, 0, 0, 0, 0, 0, 0, 0, 0, 0, 0, 0, 0, 0, 0, 0, 0, 0, 0, 0, 0, 0, 0, 0, 0, 0, 0, 0, 0, 0, 0, 0, 0, 0, 0, 0, 0, 0, 0, 0, 0, 0, 0, 0, 0, 1, 2, 2, 2, 2, 2, 3, 4, 5, 6, 7, 12, 16, 20, 24, 28, 32, 36, 38, 44, 49, 58, 69, 79, 87, 94, 99, 103, 108, 113, 122, 128, 135, 140, 143, 145, 148, 152, 156, 163, 169, 175, 178, 184, 188, 196, 200, 203, 205, 206, 208, 210, 212, 213]

INFO: Total Population: 501317
INFO: R0: 2
INFO: Incubation Period: 5
INFO: Illness Period: 12
X:[0, 1, 2, 3, 4, 5, 6, 7, 8, 9, 10, 11, 12, 13, 14, 15, 16, 17, 18, 19, 20, 21, 22, 23, 24, 25, 26, 27, 28, 29, 30, 31, 32, 33, 34, 35, 36, 37, 38, 39, 40, 41, 42, 43, 44, 45, 46, 47, 48, 49, 50, 51, 52, 53, 54, 55, 56, 57, 58, 59, 60, 61, 62, 63, 64, 65, 66, 67, 68, 69, 70, 71, 72, 73, 74, 75, 76, 77, 78, 79, 80, 81, 82, 83, 84, 85, 86, 87, 88, 89, 90, 91, 92, 93, 94, 95, 96, 97, 98, 99, 100, 101, 102, 103, 104, 105, 106, 107]
YNEW:[0, 0, 0, 0, 0, 0, 0, 0, 0, 0, 0, 0, 0, 0, 0, 0, 0, 0, 0, 0, 0, 0, 0, 0, 0, 0, 0, 0, 0, 0, 0, 0, 0, 0, 0, 0, 0, 0, 0, 0, 0, 0, 0, 0, 0, 0, 0, 1, 1, 0, 0, 0, 0, 1, 1, 1, 1, 1, 5, 4, 4, 4, 4, 4, 4, 2, 6, 5, 9, 11, 10, 8, 7, 5, 4, 5, 5, 9, 6, 7, 5, 3, 2, 3, 4, 4, 2, 5, 4, 6, 2, 3, 4, 4, 6, 2, 5, 4, 1, 4, 5, 2, 2, 1, 2, 1, 1]
YTOT: [0, 0, 0, 0, 0, 0, 0, 0, 0, 0, 0, 0, 0, 0, 0, 0, 0, 0, 0, 0, 0, 0, 0, 0, 0, 0, 0, 0, 0, 0, 0, 0, 0, 0, 0, 0, 0, 0, 0, 0, 0, 0, 0, 0, 0, 0, 0, 1, 2, 2, 2, 2, 2, 3, 4, 5, 6, 7, 12, 16, 20, 24, 28, 32, 36, 38, 44, 49, 58, 69, 79, 87, 94, 99, 103, 108, 113, 122, 128, 135, 140, 143, 145, 148, 152, 156, 158, 163, 167, 173, 175, 178, 182, 186, 192, 194, 199, 203, 204, 208, 213, 215, 217, 218, 220, 221, 222]

INFO: Total Population: 501317
INFO: R0: 2
INFO: Incubation Period: 5
INFO: Illness Period: 12
X:[0, 1, 2, 3, 4, 5, 6, 7, 8, 9, 10, 11, 12, 13, 14, 15, 16, 17, 18, 19, 20, 21, 22, 23, 24, 25, 26, 27, 28, 29, 30, 31, 32, 33, 34, 35, 36, 37, 38, 39, 40, 41, 42, 43, 44, 45, 46, 47, 48, 49, 50, 51, 52, 53, 54, 55, 56, 57, 58, 59, 60, 61, 62, 63, 64, 65, 66, 67, 68, 69, 70, 71, 72, 73, 74, 75, 76, 77, 78, 79, 80, 81, 82, 83, 84, 85, 86, 87, 88, 89, 90, 91, 92, 93, 94, 95, 96, 97, 98, 99, 100, 101, 102, 103, 104, 105, 106, 107]
YNEW:[0, 0, 0, 0, 0, 0, 0, 0, 0, 0, 0, 0, 0, 0, 0, 0, 0, 0, 0, 0, 0, 0, 0, 0, 0, 0, 0, 0, 0, 0, 0, 0, 0, 0, 0, 0, 0, 0, 0, 0, 0, 0, 0, 0, 0, 0, 0, 1, 1, 0, 0, 0, 0, 1, 1, 1, 1, 1, 5, 4, 4, 4, 4, 4, 4, 2, 6, 5, 9, 11, 10, 8, 7, 5, 4, 5, 5, 9, 6, 7, 5, 3, 2, 3, 4, 4, 8, 5, 4, 3, 5, 2, 1, 5, 4, 10, 5, 6, 2, 1, 2, 1, 2, 3, 2, 2, 1]
YTOT: [0, 0, 0, 0, 0, 0, 0, 0, 0, 0, 0, 0, 0, 0, 0, 0, 0, 0, 0, 0, 0, 0, 0, 0, 0, 0, 0, 0, 0, 0, 0, 0, 0, 0, 0, 0, 0, 0, 0, 0, 0, 0, 0, 0, 0, 0, 0, 1, 2, 2, 2, 2, 2, 3, 4, 5, 6, 7, 12, 16, 20, 24, 28, 32, 36, 38, 44, 49, 58, 69, 79, 87, 94, 99, 103, 108, 113, 122, 128, 135, 140, 143, 145, 148, 152, 156, 164, 169, 173, 176, 181, 183, 184, 189, 193, 203, 208, 214, 216, 217, 219, 220, 222, 225, 227, 229, 230]

INFO: Total Population: 501317
INFO: R0: 2
INFO: Incubation Period: 5
INFO: Illness Period: 12
X:[0, 1, 2, 3, 4, 5, 6, 7, 8, 9, 10, 11, 12, 13, 14, 15, 16, 17, 18, 19, 20, 21, 22, 23, 24, 25, 26, 27, 28, 29, 30, 31, 32, 33, 34, 35, 36, 37, 38, 39, 40, 41, 42, 43, 44, 45, 46, 47, 48, 49, 50, 51, 52, 53, 54, 55, 56, 57, 58, 59, 60, 61, 62, 63, 64, 65, 66, 67, 68, 69, 70, 71, 72, 73, 74, 75, 76, 77, 78, 79, 80, 81, 82, 83, 84, 85, 86, 87, 88, 89, 90, 91, 92, 93, 94, 95, 96, 97, 98, 99, 100, 101, 102, 103, 104, 105]
YNEW:[0, 0, 0, 0, 0, 0, 0, 0, 0, 0, 0, 0, 0, 0, 0, 0, 0, 0, 0, 0, 0, 0, 0, 0, 0, 0, 0, 0, 0, 0, 0, 0, 0, 0, 0, 0, 0, 0, 0, 0, 0, 0, 0, 0, 0, 0, 0, 1, 1, 0, 0, 0, 0, 1, 1, 1, 1, 1, 5, 4, 4, 4, 4, 4, 4, 2, 6, 5, 9, 11, 10, 8, 7, 5, 4, 5, 5, 9, 6, 7, 5, 3, 2, 3, 4, 4, 6, 5, 6, 1, 4, 3, 4, 8, 5, 7, 6, 3, 6, 3, 2, 1, 1, 2, 1]
YTOT: [0, 0, 0, 0, 0, 0, 0, 0, 0, 0, 0, 0, 0, 0, 0, 0, 0, 0, 0, 0, 0, 0, 0, 0, 0, 0, 0, 0, 0, 0, 0, 0, 0, 0, 0, 0, 0, 0, 0, 0, 0, 0, 0, 0, 0, 0, 0, 1, 2, 2, 2, 2, 2, 3, 4, 5, 6, 7, 12, 16, 20, 24, 28, 32, 36, 38, 44, 49, 58, 69, 79, 87, 94, 99, 103, 108, 113, 122, 128, 135, 140, 143, 145, 148, 152, 156, 162, 167, 173, 174, 178, 181, 185, 193, 198, 205, 211, 214, 220, 223, 225, 226, 227, 229, 230]

INFO: Total Population: 501317
INFO: R0: 2
INFO: Incubation Period: 5
INFO: Illness Period: 12
X:[0, 1, 2, 3, 4, 5, 6, 7, 8, 9, 10, 11, 12, 13, 14, 15, 16, 17, 18, 19, 20, 21, 22, 23, 24, 25, 26, 27, 28, 29, 30, 31, 32, 33, 34, 35, 36, 37, 38, 39, 40, 41, 42, 43, 44, 45, 46, 47, 48, 49, 50, 51, 52, 53, 54, 55, 56, 57, 58, 59, 60, 61, 62, 63, 64, 65, 66, 67, 68, 69, 70, 71, 72, 73, 74, 75, 76, 77, 78, 79, 80, 81, 82, 83, 84, 85, 86, 87, 88, 89, 90, 91, 92, 93, 94, 95, 96, 97, 98, 99, 100, 101, 102, 103, 104, 105, 106, 107]
YNEW:[0, 0, 0, 0, 0, 0, 0, 0, 0, 0, 0, 0, 0, 0, 0, 0, 0, 0, 0, 0, 0, 0, 0, 0, 0, 0, 0, 0, 0, 0, 0, 0, 0, 0, 0, 0, 0, 0, 0, 0, 0, 0, 0, 0, 0, 0, 0, 1, 1, 0, 0, 0, 0, 1, 1, 1, 1, 1, 5, 4, 4, 4, 4, 4, 4, 2, 6, 5, 9, 11, 10, 8, 7, 5, 4, 5, 5, 9, 6, 7, 5, 3, 2, 3, 4, 4, 1, 1, 10, 4, 4, 4, 2, 4, 5, 5, 7, 6, 3, 3, 4, 1, 4, 1, 2, 1, 1]
YTOT: [0, 0, 0, 0, 0, 0, 0, 0, 0, 0, 0, 0, 0, 0, 0, 0, 0, 0, 0, 0, 0, 0, 0, 0, 0, 0, 0, 0, 0, 0, 0, 0, 0, 0, 0, 0, 0, 0, 0, 0, 0, 0, 0, 0, 0, 0, 0, 1, 2, 2, 2, 2, 2, 3, 4, 5, 6, 7, 12, 16, 20, 24, 28, 32, 36, 38, 44, 49, 58, 69, 79, 87, 94, 99, 103, 108, 113, 122, 128, 135, 140, 143, 145, 148, 152, 156, 157, 158, 168, 172, 176, 180, 182, 186, 191, 196, 203, 209, 212, 215, 219, 220, 224, 225, 227, 228, 229]

INFO: Total Population: 501317
INFO: R0: 2
INFO: Incubation Period: 5
INFO: Illness Period: 12
X:[0, 1, 2, 3, 4, 5, 6, 7, 8, 9, 10, 11, 12, 13, 14, 15, 16, 17, 18, 19, 20, 21, 22, 23, 24, 25, 26, 27, 28, 29, 30, 31, 32, 33, 34, 35, 36, 37, 38, 39, 40, 41, 42, 43, 44, 45, 46, 47, 48, 49, 50, 51, 52, 53, 54, 55, 56, 57, 58, 59, 60, 61, 62, 63, 64, 65, 66, 67, 68, 69, 70, 71, 72, 73, 74, 75, 76, 77, 78, 79, 80, 81, 82, 83, 84, 85, 86, 87, 88, 89, 90, 91, 92, 93, 94, 95]
YNEW:[0, 0, 0, 0, 0, 0, 0, 0, 0, 0, 0, 0, 0, 0, 0, 0, 0, 0, 0, 0, 0, 0, 0, 0, 0, 0, 0, 0, 0, 0, 0, 0, 0, 0, 0, 0, 0, 0, 0, 0, 0, 0, 0, 0, 0, 0, 0, 1, 1, 0, 0, 0, 0, 1, 1, 1, 1, 1, 5, 4, 4, 4, 4, 4, 4, 2, 6, 5, 9, 11, 10, 8, 7, 5, 4, 5, 5, 9, 6, 7, 5, 3, 2, 3, 4, 4, 1, 4, 2, 3, 3, 4, 6, 1, 1]
YTOT: [0, 0, 0, 0, 0, 0, 0, 0, 0, 0, 0, 0, 0, 0, 0, 0, 0, 0, 0, 0, 0, 0, 0, 0, 0, 0, 0, 0, 0, 0, 0, 0, 0, 0, 0, 0, 0, 0, 0, 0, 0, 0, 0, 0, 0, 0, 0, 1, 2, 2, 2, 2, 2, 3, 4, 5, 6, 7, 12, 16, 20, 24, 28, 32, 36, 38, 44, 49, 58, 69, 79, 87, 94, 99, 103, 108, 113, 122, 128, 135, 140, 143, 145, 148, 152, 156, 157, 161, 163, 166, 169, 173, 179, 180, 181]

INFO: Total Population: 501317
INFO: R0: 2
INFO: Incubation Period: 5
INFO: Illness Period: 12
X:[0, 1, 2, 3, 4, 5, 6, 7, 8, 9, 10, 11, 12, 13, 14, 15, 16, 17, 18, 19, 20, 21, 22, 23, 24, 25, 26, 27, 28, 29, 30, 31, 32, 33, 34, 35, 36, 37, 38, 39, 40, 41, 42, 43, 44, 45, 46, 47, 48, 49, 50, 51, 52, 53, 54, 55, 56, 57, 58, 59, 60, 61, 62, 63, 64, 65, 66, 67, 68, 69, 70, 71, 72, 73, 74, 75, 76, 77, 78, 79, 80, 81, 82, 83, 84, 85, 86, 87, 88, 89, 90, 91, 92, 93, 94, 95, 96, 97, 98, 99, 100, 101, 102, 103, 104]
YNEW:[0, 0, 0, 0, 0, 0, 0, 0, 0, 0, 0, 0, 0, 0, 0, 0, 0, 0, 0, 0, 0, 0, 0, 0, 0, 0, 0, 0, 0, 0, 0, 0, 0, 0, 0, 0, 0, 0, 0, 0, 0, 0, 0, 0, 0, 0, 0, 1, 1, 0, 0, 0, 0, 1, 1, 1, 1, 1, 5, 4, 4, 4, 4, 4, 4, 2, 6, 5, 9, 11, 10, 8, 7, 5, 4, 5, 5, 9, 6, 7, 5, 3, 2, 3, 4, 4, 1, 6, 4, 2, 6, 1, 6, 5, 1, 4, 9, 4, 1, 4, 3, 2, 3, 1]
YTOT: [0, 0, 0, 0, 0, 0, 0, 0, 0, 0, 0, 0, 0, 0, 0, 0, 0, 0, 0, 0, 0, 0, 0, 0, 0, 0, 0, 0, 0, 0, 0, 0, 0, 0, 0, 0, 0, 0, 0, 0, 0, 0, 0, 0, 0, 0, 0, 1, 2, 2, 2, 2, 2, 3, 4, 5, 6, 7, 12, 16, 20, 24, 28, 32, 36, 38, 44, 49, 58, 69, 79, 87, 94, 99, 103, 108, 113, 122, 128, 135, 140, 143, 145, 148, 152, 156, 157, 163, 167, 169, 175, 176, 182, 187, 188, 192, 201, 205, 206, 210, 213, 215, 218, 219]

INFO: Total Population: 501317
INFO: R0: 2
INFO: Incubation Period: 5
INFO: Illness Period: 12
X:[0, 1, 2, 3, 4, 5, 6, 7, 8, 9, 10, 11, 12, 13, 14, 15, 16, 17, 18, 19, 20, 21, 22, 23, 24, 25, 26, 27, 28, 29, 30, 31, 32, 33, 34, 35, 36, 37, 38, 39, 40, 41, 42, 43, 44, 45, 46, 47, 48, 49, 50, 51, 52, 53, 54, 55, 56, 57, 58, 59, 60, 61, 62, 63, 64, 65, 66, 67, 68, 69, 70, 71, 72, 73, 74, 75, 76, 77, 78, 79, 80, 81, 82, 83, 84, 85, 86, 87, 88, 89, 90, 91, 92, 93, 94, 95, 96, 97, 98, 99, 100, 101, 102, 103, 104, 105, 106, 107]
YNEW:[0, 0, 0, 0, 0, 0, 0, 0, 0, 0, 0, 0, 0, 0, 0, 0, 0, 0, 0, 0, 0, 0, 0, 0, 0, 0, 0, 0, 0, 0, 0, 0, 0, 0, 0, 0, 0, 0, 0, 0, 0, 0, 0, 0, 0, 0, 0, 1, 1, 0, 0, 0, 0, 1, 1, 1, 1, 1, 5, 4, 4, 4, 4, 4, 4, 2, 6, 5, 9, 11, 10, 8, 7, 5, 4, 5, 5, 9, 6, 7, 5, 3, 2, 3, 4, 4, 5, 5, 2, 4, 2, 5, 2, 4, 3, 1, 6, 8, 2, 5, 4, 2, 2, 3, 1, 1, 1]
YTOT: [0, 0, 0, 0, 0, 0, 0, 0, 0, 0, 0, 0, 0, 0, 0, 0, 0, 0, 0, 0, 0, 0, 0, 0, 0, 0, 0, 0, 0, 0, 0, 0, 0, 0, 0, 0, 0, 0, 0, 0, 0, 0, 0, 0, 0, 0, 0, 1, 2, 2, 2, 2, 2, 3, 4, 5, 6, 7, 12, 16, 20, 24, 28, 32, 36, 38, 44, 49, 58, 69, 79, 87, 94, 99, 103, 108, 113, 122, 128, 135, 140, 143, 145, 148, 152, 156, 161, 166, 168, 172, 174, 179, 181, 185, 188, 189, 195, 203, 205, 210, 214, 216, 218, 221, 222, 223, 224]

END