

INFO: Total Population: 1510023
INFO: R0: 2
INFO: Incubation Period: 5
INFO: Illness Period: 7
X:[0, 1, 2, 3, 4, 5, 6, 7, 8, 9, 10, 11, 12, 13, 14, 15, 16, 17, 18, 19, 20, 21, 22, 23, 24, 25, 26, 27, 28, 29, 30, 31, 32, 33, 34, 35, 36, 37, 38, 39, 40, 41, 42, 43, 44, 45, 46, 47, 48, 49, 50, 51, 52, 53, 54, 55, 56, 57, 58, 59, 60, 61, 62, 63, 64, 65, 66, 67, 68, 69, 70, 71, 72, 73, 74, 75, 76, 77, 78, 79, 80, 81, 82, 83, 84, 85, 86, 87, 88, 89, 90, 91, 92, 93, 94, 95, 96, 97, 98, 99, 100, 101, 102, 103, 104, 105, 106, 107, 108, 109, 110, 111, 112, 113, 114, 115, 116, 117, 118, 119, 120, 121, 122, 123, 124, 125]
YNEW:[0, 0, 0, 0, 0, 0, 0, 0, 0, 0, 0, 0, 0, 0, 0, 0, 0, 0, 0, 0, 0, 0, 0, 0, 0, 0, 0, 0, 0, 0, 0, 0, 0, 0, 0, 0, 0, 0, 0, 0, 0, 0, 0, 0, 0, 0, 0, 3, 2, 2, 1, 3, 6, 6, 4, 5, 3, 3, 5, 4, 2, 13, 10, 15, 11, 24, 17, 12, 27, 19, 42, 41, 46, 30, 37, 29, 40, 46, 44, 43, 44, 31, 30, 45, 43, 39, 32, 26, 18, 16, 14, 15, 15, 21, 17, 15, 12, 10, 11, 10, 11, 13, 13, 12, 10, 9, 6, 10, 8, 7, 6, 8, 7, 7, 2, 4, 5, 6, 7, 2, 2, 4, 2, 2, 1]
YTOT: [0, 0, 0, 0, 0, 0, 0, 0, 0, 0, 0, 0, 0, 0, 0, 0, 0, 0, 0, 0, 0, 0, 0, 0, 0, 0, 0, 0, 0, 0, 0, 0, 0, 0, 0, 0, 0, 0, 0, 0, 0, 0, 0, 0, 0, 0, 0, 3, 5, 7, 8, 11, 17, 23, 27, 32, 35, 38, 43, 47, 49, 62, 72, 87, 98, 122, 139, 151, 178, 197, 239, 280, 326, 356, 393, 422, 462, 508, 552, 595, 639, 670, 700, 745, 788, 827, 859, 885, 903, 919, 933, 948, 963, 984, 1001, 1016, 1028, 1038, 1049, 1059, 1070, 1083, 1096, 1108, 1118, 1127, 1133, 1143, 1151, 1158, 1164, 1172, 1179, 1186, 1188, 1192, 1197, 1203, 1210, 1212, 1214, 1218, 1220, 1222, 1223]

INFO: Total Population: 1510023
INFO: R0: 2
INFO: Incubation Period: 5
INFO: Illness Period: 7
X:[0, 1, 2, 3, 4, 5, 6, 7, 8, 9, 10, 11, 12, 13, 14, 15, 16, 17, 18, 19, 20, 21, 22, 23, 24, 25, 26, 27, 28, 29, 30, 31, 32, 33, 34, 35, 36, 37, 38, 39, 40, 41, 42, 43, 44, 45, 46, 47, 48, 49, 50, 51, 52, 53, 54, 55, 56, 57, 58, 59, 60, 61, 62, 63, 64, 65, 66, 67, 68, 69, 70, 71, 72, 73, 74, 75, 76, 77, 78, 79, 80, 81, 82, 83, 84, 85, 86, 87, 88, 89, 90, 91, 92, 93, 94, 95, 96, 97, 98, 99, 100, 101, 102, 103, 104, 105, 106, 107, 108, 109, 110, 111, 112, 113, 114, 115, 116, 117, 118, 119, 120, 121, 122, 123]
YNEW:[0, 0, 0, 0, 0, 0, 0, 0, 0, 0, 0, 0, 0, 0, 0, 0, 0, 0, 0, 0, 0, 0, 0, 0, 0, 0, 0, 0, 0, 0, 0, 0, 0, 0, 0, 0, 0, 0, 0, 0, 0, 0, 0, 0, 0, 0, 0, 3, 2, 2, 1, 3, 6, 6, 4, 5, 3, 3, 5, 4, 2, 13, 10, 15, 11, 24, 17, 12, 27, 19, 42, 41, 46, 30, 37, 29, 40, 46, 44, 43, 44, 31, 30, 45, 43, 39, 32, 26, 18, 16, 14, 15, 15, 21, 17, 15, 12, 10, 11, 10, 11, 13, 13, 12, 10, 9, 15, 16, 9, 9, 5, 6, 12, 6, 8, 8, 7, 9, 5, 2, 5, 2, 2]
YTOT: [0, 0, 0, 0, 0, 0, 0, 0, 0, 0, 0, 0, 0, 0, 0, 0, 0, 0, 0, 0, 0, 0, 0, 0, 0, 0, 0, 0, 0, 0, 0, 0, 0, 0, 0, 0, 0, 0, 0, 0, 0, 0, 0, 0, 0, 0, 0, 3, 5, 7, 8, 11, 17, 23, 27, 32, 35, 38, 43, 47, 49, 62, 72, 87, 98, 122, 139, 151, 178, 197, 239, 280, 326, 356, 393, 422, 462, 508, 552, 595, 639, 670, 700, 745, 788, 827, 859, 885, 903, 919, 933, 948, 963, 984, 1001, 1016, 1028, 1038, 1049, 1059, 1070, 1083, 1096, 1108, 1118, 1127, 1142, 1158, 1167, 1176, 1181, 1187, 1199, 1205, 1213, 1221, 1228, 1237, 1242, 1244, 1249, 1251, 1253]

INFO: Total Population: 1510023
INFO: R0: 2
INFO: Incubation Period: 5
INFO: Illness Period: 7
X:[0, 1, 2, 3, 4, 5, 6, 7, 8, 9, 10, 11, 12, 13, 14, 15, 16, 17, 18, 19, 20, 21, 22, 23, 24, 25, 26, 27, 28, 29, 30, 31, 32, 33, 34, 35, 36, 37, 38, 39, 40, 41, 42, 43, 44, 45, 46, 47, 48, 49, 50, 51, 52, 53, 54, 55, 56, 57, 58, 59, 60, 61, 62, 63, 64, 65, 66, 67, 68, 69, 70, 71, 72, 73, 74, 75, 76, 77, 78, 79, 80, 81, 82, 83, 84, 85, 86, 87, 88, 89, 90, 91, 92, 93, 94, 95, 96, 97, 98, 99, 100, 101, 102, 103, 104, 105, 106, 107, 108, 109, 110, 111, 112, 113, 114, 115, 116, 117, 118, 119, 120, 121, 122, 123, 124, 125]
YNEW:[0, 0, 0, 0, 0, 0, 0, 0, 0, 0, 0, 0, 0, 0, 0, 0, 0, 0, 0, 0, 0, 0, 0, 0, 0, 0, 0, 0, 0, 0, 0, 0, 0, 0, 0, 0, 0, 0, 0, 0, 0, 0, 0, 0, 0, 0, 0, 3, 2, 2, 1, 3, 6, 6, 4, 5, 3, 3, 5, 4, 2, 13, 10, 15, 11, 24, 17, 12, 27, 19, 42, 41, 46, 30, 37, 29, 40, 46, 44, 43, 44, 31, 30, 45, 43, 39, 32, 26, 18, 16, 14, 15, 15, 21, 17, 15, 12, 10, 11, 10, 11, 13, 13, 12, 10, 9, 12, 10, 6, 8, 11, 10, 4, 5, 11, 3, 7, 5, 4, 4, 2, 1, 1, 3, 1]
YTOT: [0, 0, 0, 0, 0, 0, 0, 0, 0, 0, 0, 0, 0, 0, 0, 0, 0, 0, 0, 0, 0, 0, 0, 0, 0, 0, 0, 0, 0, 0, 0, 0, 0, 0, 0, 0, 0, 0, 0, 0, 0, 0, 0, 0, 0, 0, 0, 3, 5, 7, 8, 11, 17, 23, 27, 32, 35, 38, 43, 47, 49, 62, 72, 87, 98, 122, 139, 151, 178, 197, 239, 280, 326, 356, 393, 422, 462, 508, 552, 595, 639, 670, 700, 745, 788, 827, 859, 885, 903, 919, 933, 948, 963, 984, 1001, 1016, 1028, 1038, 1049, 1059, 1070, 1083, 1096, 1108, 1118, 1127, 1139, 1149, 1155, 1163, 1174, 1184, 1188, 1193, 1204, 1207, 1214, 1219, 1223, 1227, 1229, 1230, 1231, 1234, 1235]

INFO: Total Population: 1510023
INFO: R0: 2
INFO: Incubation Period: 5
INFO: Illness Period: 7
X:[0, 1, 2, 3, 4, 5, 6, 7, 8, 9, 10, 11, 12, 13, 14, 15, 16, 17, 18, 19, 20, 21, 22, 23, 24, 25, 26, 27, 28, 29, 30, 31, 32, 33, 34, 35, 36, 37, 38, 39, 40, 41, 42, 43, 44, 45, 46, 47, 48, 49, 50, 51, 52, 53, 54, 55, 56, 57, 58, 59, 60, 61, 62, 63, 64, 65, 66, 67, 68, 69, 70, 71, 72, 73, 74, 75, 76, 77, 78, 79, 80, 81, 82, 83, 84, 85, 86, 87, 88, 89, 90, 91, 92, 93, 94, 95, 96, 97, 98, 99, 100, 101, 102, 103, 104, 105, 106, 107, 108, 109, 110, 111, 112, 113, 114, 115, 116, 117, 118, 119, 120, 121, 122, 123, 124, 125, 126]
YNEW:[0, 0, 0, 0, 0, 0, 0, 0, 0, 0, 0, 0, 0, 0, 0, 0, 0, 0, 0, 0, 0, 0, 0, 0, 0, 0, 0, 0, 0, 0, 0, 0, 0, 0, 0, 0, 0, 0, 0, 0, 0, 0, 0, 0, 0, 0, 0, 3, 2, 2, 1, 3, 6, 6, 4, 5, 3, 3, 5, 4, 2, 13, 10, 15, 11, 24, 17, 12, 27, 19, 42, 41, 46, 30, 37, 29, 40, 46, 44, 43, 44, 31, 30, 45, 43, 39, 32, 26, 18, 16, 14, 15, 15, 21, 17, 15, 12, 10, 11, 10, 11, 13, 13, 12, 10, 9, 9, 15, 7, 8, 5, 8, 7, 14, 6, 4, 5, 4, 3, 4, 4, 2, 3, 1, 3, 1]
YTOT: [0, 0, 0, 0, 0, 0, 0, 0, 0, 0, 0, 0, 0, 0, 0, 0, 0, 0, 0, 0, 0, 0, 0, 0, 0, 0, 0, 0, 0, 0, 0, 0, 0, 0, 0, 0, 0, 0, 0, 0, 0, 0, 0, 0, 0, 0, 0, 3, 5, 7, 8, 11, 17, 23, 27, 32, 35, 38, 43, 47, 49, 62, 72, 87, 98, 122, 139, 151, 178, 197, 239, 280, 326, 356, 393, 422, 462, 508, 552, 595, 639, 670, 700, 745, 788, 827, 859, 885, 903, 919, 933, 948, 963, 984, 1001, 1016, 1028, 1038, 1049, 1059, 1070, 1083, 1096, 1108, 1118, 1127, 1136, 1151, 1158, 1166, 1171, 1179, 1186, 1200, 1206, 1210, 1215, 1219, 1222, 1226, 1230, 1232, 1235, 1236, 1239, 1240]

INFO: Total Population: 1510023
INFO: R0: 2
INFO: Incubation Period: 5
INFO: Illness Period: 7
X:[0, 1, 2, 3, 4, 5, 6, 7, 8, 9, 10, 11, 12, 13, 14, 15, 16, 17, 18, 19, 20, 21, 22, 23, 24, 25, 26, 27, 28, 29, 30, 31, 32, 33, 34, 35, 36, 37, 38, 39, 40, 41, 42, 43, 44, 45, 46, 47, 48, 49, 50, 51, 52, 53, 54, 55, 56, 57, 58, 59, 60, 61, 62, 63, 64, 65, 66, 67, 68, 69, 70, 71, 72, 73, 74, 75, 76, 77, 78, 79, 80, 81, 82, 83, 84, 85, 86, 87, 88, 89, 90, 91, 92, 93, 94, 95, 96, 97, 98, 99, 100, 101, 102, 103, 104, 105, 106, 107, 108, 109, 110, 111, 112, 113, 114, 115, 116, 117, 118, 119, 120, 121, 122, 123, 124, 125, 126]
YNEW:[0, 0, 0, 0, 0, 0, 0, 0, 0, 0, 0, 0, 0, 0, 0, 0, 0, 0, 0, 0, 0, 0, 0, 0, 0, 0, 0, 0, 0, 0, 0, 0, 0, 0, 0, 0, 0, 0, 0, 0, 0, 0, 0, 0, 0, 0, 0, 3, 2, 2, 1, 3, 6, 6, 4, 5, 3, 3, 5, 4, 2, 13, 10, 15, 11, 24, 17, 12, 27, 19, 42, 41, 46, 30, 37, 29, 40, 46, 44, 43, 44, 31, 30, 45, 43, 39, 32, 26, 18, 16, 14, 15, 15, 21, 17, 15, 12, 10, 11, 10, 11, 13, 13, 12, 10, 9, 12, 14, 5, 9, 7, 8, 8, 9, 7, 8, 7, 5, 1, 3, 4, 2, 1, 1, 2, 1]
YTOT: [0, 0, 0, 0, 0, 0, 0, 0, 0, 0, 0, 0, 0, 0, 0, 0, 0, 0, 0, 0, 0, 0, 0, 0, 0, 0, 0, 0, 0, 0, 0, 0, 0, 0, 0, 0, 0, 0, 0, 0, 0, 0, 0, 0, 0, 0, 0, 3, 5, 7, 8, 11, 17, 23, 27, 32, 35, 38, 43, 47, 49, 62, 72, 87, 98, 122, 139, 151, 178, 197, 239, 280, 326, 356, 393, 422, 462, 508, 552, 595, 639, 670, 700, 745, 788, 827, 859, 885, 903, 919, 933, 948, 963, 984, 1001, 1016, 1028, 1038, 1049, 1059, 1070, 1083, 1096, 1108, 1118, 1127, 1139, 1153, 1158, 1167, 1174, 1182, 1190, 1199, 1206, 1214, 1221, 1226, 1227, 1230, 1234, 1236, 1237, 1238, 1240, 1241]

INFO: Total Population: 1510023
INFO: R0: 2
INFO: Incubation Period: 5
INFO: Illness Period: 7
X:[0, 1, 2, 3, 4, 5, 6, 7, 8, 9, 10, 11, 12, 13, 14, 15, 16, 17, 18, 19, 20, 21, 22, 23, 24, 25, 26, 27, 28, 29, 30, 31, 32, 33, 34, 35, 36, 37, 38, 39, 40, 41, 42, 43, 44, 45, 46, 47, 48, 49, 50, 51, 52, 53, 54, 55, 56, 57, 58, 59, 60, 61, 62, 63, 64, 65, 66, 67, 68, 69, 70, 71, 72, 73, 74, 75, 76, 77, 78, 79, 80, 81, 82, 83, 84, 85, 86, 87, 88, 89, 90, 91, 92, 93, 94, 95, 96, 97, 98, 99, 100, 101, 102, 103, 104, 105, 106, 107, 108, 109, 110, 111, 112, 113, 114, 115, 116, 117, 118, 119, 120, 121, 122, 123, 124, 125, 126]
YNEW:[0, 0, 0, 0, 0, 0, 0, 0, 0, 0, 0, 0, 0, 0, 0, 0, 0, 0, 0, 0, 0, 0, 0, 0, 0, 0, 0, 0, 0, 0, 0, 0, 0, 0, 0, 0, 0, 0, 0, 0, 0, 0, 0, 0, 0, 0, 0, 3, 2, 2, 1, 3, 6, 6, 4, 5, 3, 3, 5, 4, 2, 13, 10, 15, 11, 24, 17, 12, 27, 19, 42, 41, 46, 30, 37, 29, 40, 46, 44, 43, 44, 31, 30, 45, 43, 39, 32, 26, 18, 16, 14, 15, 15, 21, 17, 15, 12, 10, 11, 10, 11, 13, 13, 12, 10, 9, 6, 14, 7, 8, 10, 8, 5, 5, 7, 6, 12, 1, 6, 3, 2, 3, 3, 1, 2, 1]
YTOT: [0, 0, 0, 0, 0, 0, 0, 0, 0, 0, 0, 0, 0, 0, 0, 0, 0, 0, 0, 0, 0, 0, 0, 0, 0, 0, 0, 0, 0, 0, 0, 0, 0, 0, 0, 0, 0, 0, 0, 0, 0, 0, 0, 0, 0, 0, 0, 3, 5, 7, 8, 11, 17, 23, 27, 32, 35, 38, 43, 47, 49, 62, 72, 87, 98, 122, 139, 151, 178, 197, 239, 280, 326, 356, 393, 422, 462, 508, 552, 595, 639, 670, 700, 745, 788, 827, 859, 885, 903, 919, 933, 948, 963, 984, 1001, 1016, 1028, 1038, 1049, 1059, 1070, 1083, 1096, 1108, 1118, 1127, 1133, 1147, 1154, 1162, 1172, 1180, 1185, 1190, 1197, 1203, 1215, 1216, 1222, 1225, 1227, 1230, 1233, 1234, 1236, 1237]

INFO: Total Population: 1510023
INFO: R0: 2
INFO: Incubation Period: 5
INFO: Illness Period: 7
X:[0, 1, 2, 3, 4, 5, 6, 7, 8, 9, 10, 11, 12, 13, 14, 15, 16, 17, 18, 19, 20, 21, 22, 23, 24, 25, 26, 27, 28, 29, 30, 31, 32, 33, 34, 35, 36, 37, 38, 39, 40, 41, 42, 43, 44, 45, 46, 47, 48, 49, 50, 51, 52, 53, 54, 55, 56, 57, 58, 59, 60, 61, 62, 63, 64, 65, 66, 67, 68, 69, 70, 71, 72, 73, 74, 75, 76, 77, 78, 79, 80, 81, 82, 83, 84, 85, 86, 87, 88, 89, 90, 91, 92, 93, 94, 95, 96, 97, 98, 99, 100, 101, 102, 103, 104, 105, 106, 107, 108, 109, 110, 111, 112, 113, 114, 115, 116, 117, 118, 119, 120, 121, 122, 123, 124]
YNEW:[0, 0, 0, 0, 0, 0, 0, 0, 0, 0, 0, 0, 0, 0, 0, 0, 0, 0, 0, 0, 0, 0, 0, 0, 0, 0, 0, 0, 0, 0, 0, 0, 0, 0, 0, 0, 0, 0, 0, 0, 0, 0, 0, 0, 0, 0, 0, 3, 2, 2, 1, 3, 6, 6, 4, 5, 3, 3, 5, 4, 2, 13, 10, 15, 11, 24, 17, 12, 27, 19, 42, 41, 46, 30, 37, 29, 40, 46, 44, 43, 44, 31, 30, 45, 43, 39, 32, 26, 18, 16, 14, 15, 15, 21, 17, 15, 12, 10, 11, 10, 11, 13, 13, 12, 10, 9, 13, 7, 14, 8, 7, 8, 5, 8, 11, 10, 11, 4, 3, 3, 2, 2, 3, 1]
YTOT: [0, 0, 0, 0, 0, 0, 0, 0, 0, 0, 0, 0, 0, 0, 0, 0, 0, 0, 0, 0, 0, 0, 0, 0, 0, 0, 0, 0, 0, 0, 0, 0, 0, 0, 0, 0, 0, 0, 0, 0, 0, 0, 0, 0, 0, 0, 0, 3, 5, 7, 8, 11, 17, 23, 27, 32, 35, 38, 43, 47, 49, 62, 72, 87, 98, 122, 139, 151, 178, 197, 239, 280, 326, 356, 393, 422, 462, 508, 552, 595, 639, 670, 700, 745, 788, 827, 859, 885, 903, 919, 933, 948, 963, 984, 1001, 1016, 1028, 1038, 1049, 1059, 1070, 1083, 1096, 1108, 1118, 1127, 1140, 1147, 1161, 1169, 1176, 1184, 1189, 1197, 1208, 1218, 1229, 1233, 1236, 1239, 1241, 1243, 1246, 1247]

INFO: Total Population: 1510023
INFO: R0: 2
INFO: Incubation Period: 5
INFO: Illness Period: 7
X:[0, 1, 2, 3, 4, 5, 6, 7, 8, 9, 10, 11, 12, 13, 14, 15, 16, 17, 18, 19, 20, 21, 22, 23, 24, 25, 26, 27, 28, 29, 30, 31, 32, 33, 34, 35, 36, 37, 38, 39, 40, 41, 42, 43, 44, 45, 46, 47, 48, 49, 50, 51, 52, 53, 54, 55, 56, 57, 58, 59, 60, 61, 62, 63, 64, 65, 66, 67, 68, 69, 70, 71, 72, 73, 74, 75, 76, 77, 78, 79, 80, 81, 82, 83, 84, 85, 86, 87, 88, 89, 90, 91, 92, 93, 94, 95, 96, 97, 98, 99, 100, 101, 102, 103, 104, 105, 106, 107, 108, 109, 110, 111, 112, 113, 114, 115, 116, 117, 118, 119, 120, 121, 122, 123, 124, 125]
YNEW:[0, 0, 0, 0, 0, 0, 0, 0, 0, 0, 0, 0, 0, 0, 0, 0, 0, 0, 0, 0, 0, 0, 0, 0, 0, 0, 0, 0, 0, 0, 0, 0, 0, 0, 0, 0, 0, 0, 0, 0, 0, 0, 0, 0, 0, 0, 0, 3, 2, 2, 1, 3, 6, 6, 4, 5, 3, 3, 5, 4, 2, 13, 10, 15, 11, 24, 17, 12, 27, 19, 42, 41, 46, 30, 37, 29, 40, 46, 44, 43, 44, 31, 30, 45, 43, 39, 32, 26, 18, 16, 14, 15, 15, 21, 17, 15, 12, 10, 11, 10, 11, 13, 13, 12, 10, 9, 13, 9, 8, 10, 4, 9, 7, 7, 9, 8, 10, 5, 3, 3, 1, 4, 2, 1, 1]
YTOT: [0, 0, 0, 0, 0, 0, 0, 0, 0, 0, 0, 0, 0, 0, 0, 0, 0, 0, 0, 0, 0, 0, 0, 0, 0, 0, 0, 0, 0, 0, 0, 0, 0, 0, 0, 0, 0, 0, 0, 0, 0, 0, 0, 0, 0, 0, 0, 3, 5, 7, 8, 11, 17, 23, 27, 32, 35, 38, 43, 47, 49, 62, 72, 87, 98, 122, 139, 151, 178, 197, 239, 280, 326, 356, 393, 422, 462, 508, 552, 595, 639, 670, 700, 745, 788, 827, 859, 885, 903, 919, 933, 948, 963, 984, 1001, 1016, 1028, 1038, 1049, 1059, 1070, 1083, 1096, 1108, 1118, 1127, 1140, 1149, 1157, 1167, 1171, 1180, 1187, 1194, 1203, 1211, 1221, 1226, 1229, 1232, 1233, 1237, 1239, 1240, 1241]

INFO: Total Population: 1510023
INFO: R0: 2
INFO: Incubation Period: 5
INFO: Illness Period: 7
X:[0, 1, 2, 3, 4, 5, 6, 7, 8, 9, 10, 11, 12, 13, 14, 15, 16, 17, 18, 19, 20, 21, 22, 23, 24, 25, 26, 27, 28, 29, 30, 31, 32, 33, 34, 35, 36, 37, 38, 39, 40, 41, 42, 43, 44, 45, 46, 47, 48, 49, 50, 51, 52, 53, 54, 55, 56, 57, 58, 59, 60, 61, 62, 63, 64, 65, 66, 67, 68, 69, 70, 71, 72, 73, 74, 75, 76, 77, 78, 79, 80, 81, 82, 83, 84, 85, 86, 87, 88, 89, 90, 91, 92, 93, 94, 95, 96, 97, 98, 99, 100, 101, 102, 103, 104, 105, 106, 107, 108, 109, 110, 111, 112, 113, 114, 115, 116, 117, 118, 119, 120, 121, 122, 123, 124, 125]
YNEW:[0, 0, 0, 0, 0, 0, 0, 0, 0, 0, 0, 0, 0, 0, 0, 0, 0, 0, 0, 0, 0, 0, 0, 0, 0, 0, 0, 0, 0, 0, 0, 0, 0, 0, 0, 0, 0, 0, 0, 0, 0, 0, 0, 0, 0, 0, 0, 3, 2, 2, 1, 3, 6, 6, 4, 5, 3, 3, 5, 4, 2, 13, 10, 15, 11, 24, 17, 12, 27, 19, 42, 41, 46, 30, 37, 29, 40, 46, 44, 43, 44, 31, 30, 45, 43, 39, 32, 26, 18, 16, 14, 15, 15, 21, 17, 15, 12, 10, 11, 10, 11, 13, 13, 12, 10, 9, 10, 11, 8, 11, 7, 5, 7, 6, 4, 8, 9, 5, 2, 2, 4, 2, 1, 2, 2]
YTOT: [0, 0, 0, 0, 0, 0, 0, 0, 0, 0, 0, 0, 0, 0, 0, 0, 0, 0, 0, 0, 0, 0, 0, 0, 0, 0, 0, 0, 0, 0, 0, 0, 0, 0, 0, 0, 0, 0, 0, 0, 0, 0, 0, 0, 0, 0, 0, 3, 5, 7, 8, 11, 17, 23, 27, 32, 35, 38, 43, 47, 49, 62, 72, 87, 98, 122, 139, 151, 178, 197, 239, 280, 326, 356, 393, 422, 462, 508, 552, 595, 639, 670, 700, 745, 788, 827, 859, 885, 903, 919, 933, 948, 963, 984, 1001, 1016, 1028, 1038, 1049, 1059, 1070, 1083, 1096, 1108, 1118, 1127, 1137, 1148, 1156, 1167, 1174, 1179, 1186, 1192, 1196, 1204, 1213, 1218, 1220, 1222, 1226, 1228, 1229, 1231, 1233]

INFO: Total Population: 1510023
INFO: R0: 2
INFO: Incubation Period: 5
INFO: Illness Period: 7
X:[0, 1, 2, 3, 4, 5, 6, 7, 8, 9, 10, 11, 12, 13, 14, 15, 16, 17, 18, 19, 20, 21, 22, 23, 24, 25, 26, 27, 28, 29, 30, 31, 32, 33, 34, 35, 36, 37, 38, 39, 40, 41, 42, 43, 44, 45, 46, 47, 48, 49, 50, 51, 52, 53, 54, 55, 56, 57, 58, 59, 60, 61, 62, 63, 64, 65, 66, 67, 68, 69, 70, 71, 72, 73, 74, 75, 76, 77, 78, 79, 80, 81, 82, 83, 84, 85, 86, 87, 88, 89, 90, 91, 92, 93, 94, 95, 96, 97, 98, 99, 100, 101, 102, 103, 104, 105, 106, 107, 108, 109, 110, 111, 112, 113, 114, 115, 116, 117, 118, 119, 120, 121, 122, 123, 124, 125]
YNEW:[0, 0, 0, 0, 0, 0, 0, 0, 0, 0, 0, 0, 0, 0, 0, 0, 0, 0, 0, 0, 0, 0, 0, 0, 0, 0, 0, 0, 0, 0, 0, 0, 0, 0, 0, 0, 0, 0, 0, 0, 0, 0, 0, 0, 0, 0, 0, 3, 2, 2, 1, 3, 6, 6, 4, 5, 3, 3, 5, 4, 2, 13, 10, 15, 11, 24, 17, 12, 27, 19, 42, 41, 46, 30, 37, 29, 40, 46, 44, 43, 44, 31, 30, 45, 43, 39, 32, 26, 18, 16, 14, 15, 15, 21, 17, 15, 12, 10, 11, 10, 11, 13, 13, 12, 10, 9, 13, 6, 6, 6, 9, 6, 8, 7, 6, 7, 2, 3, 3, 2, 3, 1, 2, 4, 2]
YTOT: [0, 0, 0, 0, 0, 0, 0, 0, 0, 0, 0, 0, 0, 0, 0, 0, 0, 0, 0, 0, 0, 0, 0, 0, 0, 0, 0, 0, 0, 0, 0, 0, 0, 0, 0, 0, 0, 0, 0, 0, 0, 0, 0, 0, 0, 0, 0, 3, 5, 7, 8, 11, 17, 23, 27, 32, 35, 38, 43, 47, 49, 62, 72, 87, 98, 122, 139, 151, 178, 197, 239, 280, 326, 356, 393, 422, 462, 508, 552, 595, 639, 670, 700, 745, 788, 827, 859, 885, 903, 919, 933, 948, 963, 984, 1001, 1016, 1028, 1038, 1049, 1059, 1070, 1083, 1096, 1108, 1118, 1127, 1140, 1146, 1152, 1158, 1167, 1173, 1181, 1188, 1194, 1201, 1203, 1206, 1209, 1211, 1214, 1215, 1217, 1221, 1223]

INFO: Total Population: 1510023
INFO: R0: 2
INFO: Incubation Period: 5
INFO: Illness Period: 7
X:[0, 1, 2, 3, 4, 5, 6, 7, 8, 9, 10, 11, 12, 13, 14, 15, 16, 17, 18, 19, 20, 21, 22, 23, 24, 25, 26, 27, 28, 29, 30, 31, 32, 33, 34, 35, 36, 37, 38, 39, 40, 41, 42, 43, 44, 45, 46, 47, 48, 49, 50, 51, 52, 53, 54, 55, 56, 57, 58, 59, 60, 61, 62, 63, 64, 65, 66, 67, 68, 69, 70, 71, 72, 73, 74, 75, 76, 77, 78, 79, 80, 81, 82, 83, 84, 85, 86, 87, 88, 89, 90, 91, 92, 93, 94, 95, 96, 97, 98, 99, 100, 101, 102, 103, 104, 105, 106, 107, 108, 109, 110, 111, 112, 113, 114, 115, 116, 117, 118, 119, 120, 121, 122, 123, 124]
YNEW:[0, 0, 0, 0, 0, 0, 0, 0, 0, 0, 0, 0, 0, 0, 0, 0, 0, 0, 0, 0, 0, 0, 0, 0, 0, 0, 0, 0, 0, 0, 0, 0, 0, 0, 0, 0, 0, 0, 0, 0, 0, 0, 0, 0, 0, 0, 0, 3, 2, 2, 1, 3, 6, 6, 4, 5, 3, 3, 5, 4, 2, 13, 10, 15, 11, 24, 17, 12, 27, 19, 42, 41, 46, 30, 37, 29, 40, 46, 44, 43, 44, 31, 30, 45, 43, 39, 32, 26, 18, 16, 14, 15, 15, 21, 17, 15, 12, 10, 11, 10, 11, 13, 13, 12, 10, 9, 13, 8, 9, 7, 8, 3, 10, 4, 12, 5, 4, 4, 4, 3, 5, 2, 1, 1]
YTOT: [0, 0, 0, 0, 0, 0, 0, 0, 0, 0, 0, 0, 0, 0, 0, 0, 0, 0, 0, 0, 0, 0, 0, 0, 0, 0, 0, 0, 0, 0, 0, 0, 0, 0, 0, 0, 0, 0, 0, 0, 0, 0, 0, 0, 0, 0, 0, 3, 5, 7, 8, 11, 17, 23, 27, 32, 35, 38, 43, 47, 49, 62, 72, 87, 98, 122, 139, 151, 178, 197, 239, 280, 326, 356, 393, 422, 462, 508, 552, 595, 639, 670, 700, 745, 788, 827, 859, 885, 903, 919, 933, 948, 963, 984, 1001, 1016, 1028, 1038, 1049, 1059, 1070, 1083, 1096, 1108, 1118, 1127, 1140, 1148, 1157, 1164, 1172, 1175, 1185, 1189, 1201, 1206, 1210, 1214, 1218, 1221, 1226, 1228, 1229, 1230]

INFO: Total Population: 1510023
INFO: R0: 2
INFO: Incubation Period: 5
INFO: Illness Period: 7
X:[0, 1, 2, 3, 4, 5, 6, 7, 8, 9, 10, 11, 12, 13, 14, 15, 16, 17, 18, 19, 20, 21, 22, 23, 24, 25, 26, 27, 28, 29, 30, 31, 32, 33, 34, 35, 36, 37, 38, 39, 40, 41, 42, 43, 44, 45, 46, 47, 48, 49, 50, 51, 52, 53, 54, 55, 56, 57, 58, 59, 60, 61, 62, 63, 64, 65, 66, 67, 68, 69, 70, 71, 72, 73, 74, 75, 76, 77, 78, 79, 80, 81, 82, 83, 84, 85, 86, 87, 88, 89, 90, 91, 92, 93, 94, 95, 96, 97, 98, 99, 100, 101, 102, 103, 104, 105, 106, 107, 108, 109, 110, 111, 112, 113, 114, 115, 116, 117, 118, 119, 120, 121, 122, 123, 124]
YNEW:[0, 0, 0, 0, 0, 0, 0, 0, 0, 0, 0, 0, 0, 0, 0, 0, 0, 0, 0, 0, 0, 0, 0, 0, 0, 0, 0, 0, 0, 0, 0, 0, 0, 0, 0, 0, 0, 0, 0, 0, 0, 0, 0, 0, 0, 0, 0, 3, 2, 2, 1, 3, 6, 6, 4, 5, 3, 3, 5, 4, 2, 13, 10, 15, 11, 24, 17, 12, 27, 19, 42, 41, 46, 30, 37, 29, 40, 46, 44, 43, 44, 31, 30, 45, 43, 39, 32, 26, 18, 16, 14, 15, 15, 21, 17, 15, 12, 10, 11, 10, 11, 13, 13, 12, 10, 9, 10, 10, 5, 10, 6, 6, 7, 10, 7, 9, 9, 9, 2, 1, 3, 1, 2, 1]
YTOT: [0, 0, 0, 0, 0, 0, 0, 0, 0, 0, 0, 0, 0, 0, 0, 0, 0, 0, 0, 0, 0, 0, 0, 0, 0, 0, 0, 0, 0, 0, 0, 0, 0, 0, 0, 0, 0, 0, 0, 0, 0, 0, 0, 0, 0, 0, 0, 3, 5, 7, 8, 11, 17, 23, 27, 32, 35, 38, 43, 47, 49, 62, 72, 87, 98, 122, 139, 151, 178, 197, 239, 280, 326, 356, 393, 422, 462, 508, 552, 595, 639, 670, 700, 745, 788, 827, 859, 885, 903, 919, 933, 948, 963, 984, 1001, 1016, 1028, 1038, 1049, 1059, 1070, 1083, 1096, 1108, 1118, 1127, 1137, 1147, 1152, 1162, 1168, 1174, 1181, 1191, 1198, 1207, 1216, 1225, 1227, 1228, 1231, 1232, 1234, 1235]

INFO: Total Population: 1510023
INFO: R0: 2
INFO: Incubation Period: 5
INFO: Illness Period: 7
X:[0, 1, 2, 3, 4, 5, 6, 7, 8, 9, 10, 11, 12, 13, 14, 15, 16, 17, 18, 19, 20, 21, 22, 23, 24, 25, 26, 27, 28, 29, 30, 31, 32, 33, 34, 35, 36, 37, 38, 39, 40, 41, 42, 43, 44, 45, 46, 47, 48, 49, 50, 51, 52, 53, 54, 55, 56, 57, 58, 59, 60, 61, 62, 63, 64, 65, 66, 67, 68, 69, 70, 71, 72, 73, 74, 75, 76, 77, 78, 79, 80, 81, 82, 83, 84, 85, 86, 87, 88, 89, 90, 91, 92, 93, 94, 95, 96, 97, 98, 99, 100, 101, 102, 103, 104, 105, 106, 107, 108, 109, 110, 111, 112, 113, 114, 115, 116, 117, 118, 119, 120, 121, 122, 123, 124, 125]
YNEW:[0, 0, 0, 0, 0, 0, 0, 0, 0, 0, 0, 0, 0, 0, 0, 0, 0, 0, 0, 0, 0, 0, 0, 0, 0, 0, 0, 0, 0, 0, 0, 0, 0, 0, 0, 0, 0, 0, 0, 0, 0, 0, 0, 0, 0, 0, 0, 3, 2, 2, 1, 3, 6, 6, 4, 5, 3, 3, 5, 4, 2, 13, 10, 15, 11, 24, 17, 12, 27, 19, 42, 41, 46, 30, 37, 29, 40, 46, 44, 43, 44, 31, 30, 45, 43, 39, 32, 26, 18, 16, 14, 15, 15, 21, 17, 15, 12, 10, 11, 10, 11, 13, 13, 12, 10, 9, 14, 6, 10, 3, 9, 9, 5, 4, 7, 9, 5, 7, 4, 1, 3, 1, 3, 2, 2]
YTOT: [0, 0, 0, 0, 0, 0, 0, 0, 0, 0, 0, 0, 0, 0, 0, 0, 0, 0, 0, 0, 0, 0, 0, 0, 0, 0, 0, 0, 0, 0, 0, 0, 0, 0, 0, 0, 0, 0, 0, 0, 0, 0, 0, 0, 0, 0, 0, 3, 5, 7, 8, 11, 17, 23, 27, 32, 35, 38, 43, 47, 49, 62, 72, 87, 98, 122, 139, 151, 178, 197, 239, 280, 326, 356, 393, 422, 462, 508, 552, 595, 639, 670, 700, 745, 788, 827, 859, 885, 903, 919, 933, 948, 963, 984, 1001, 1016, 1028, 1038, 1049, 1059, 1070, 1083, 1096, 1108, 1118, 1127, 1141, 1147, 1157, 1160, 1169, 1178, 1183, 1187, 1194, 1203, 1208, 1215, 1219, 1220, 1223, 1224, 1227, 1229, 1231]

INFO: Total Population: 1510023
INFO: R0: 2
INFO: Incubation Period: 5
INFO: Illness Period: 7
X:[0, 1, 2, 3, 4, 5, 6, 7, 8, 9, 10, 11, 12, 13, 14, 15, 16, 17, 18, 19, 20, 21, 22, 23, 24, 25, 26, 27, 28, 29, 30, 31, 32, 33, 34, 35, 36, 37, 38, 39, 40, 41, 42, 43, 44, 45, 46, 47, 48, 49, 50, 51, 52, 53, 54, 55, 56, 57, 58, 59, 60, 61, 62, 63, 64, 65, 66, 67, 68, 69, 70, 71, 72, 73, 74, 75, 76, 77, 78, 79, 80, 81, 82, 83, 84, 85, 86, 87, 88, 89, 90, 91, 92, 93, 94, 95, 96, 97, 98, 99, 100, 101, 102, 103, 104, 105, 106, 107, 108, 109, 110, 111, 112, 113, 114, 115, 116, 117, 118, 119, 120, 121, 122, 123]
YNEW:[0, 0, 0, 0, 0, 0, 0, 0, 0, 0, 0, 0, 0, 0, 0, 0, 0, 0, 0, 0, 0, 0, 0, 0, 0, 0, 0, 0, 0, 0, 0, 0, 0, 0, 0, 0, 0, 0, 0, 0, 0, 0, 0, 0, 0, 0, 0, 3, 2, 2, 1, 3, 6, 6, 4, 5, 3, 3, 5, 4, 2, 13, 10, 15, 11, 24, 17, 12, 27, 19, 42, 41, 46, 30, 37, 29, 40, 46, 44, 43, 44, 31, 30, 45, 43, 39, 32, 26, 18, 16, 14, 15, 15, 21, 17, 15, 12, 10, 11, 10, 11, 13, 13, 12, 10, 9, 14, 8, 2, 14, 6, 2, 8, 8, 5, 8, 5, 5, 2, 5, 5, 2, 1]
YTOT: [0, 0, 0, 0, 0, 0, 0, 0, 0, 0, 0, 0, 0, 0, 0, 0, 0, 0, 0, 0, 0, 0, 0, 0, 0, 0, 0, 0, 0, 0, 0, 0, 0, 0, 0, 0, 0, 0, 0, 0, 0, 0, 0, 0, 0, 0, 0, 3, 5, 7, 8, 11, 17, 23, 27, 32, 35, 38, 43, 47, 49, 62, 72, 87, 98, 122, 139, 151, 178, 197, 239, 280, 326, 356, 393, 422, 462, 508, 552, 595, 639, 670, 700, 745, 788, 827, 859, 885, 903, 919, 933, 948, 963, 984, 1001, 1016, 1028, 1038, 1049, 1059, 1070, 1083, 1096, 1108, 1118, 1127, 1141, 1149, 1151, 1165, 1171, 1173, 1181, 1189, 1194, 1202, 1207, 1212, 1214, 1219, 1224, 1226, 1227]

INFO: Total Population: 1510023
INFO: R0: 2
INFO: Incubation Period: 5
INFO: Illness Period: 7
X:[0, 1, 2, 3, 4, 5, 6, 7, 8, 9, 10, 11, 12, 13, 14, 15, 16, 17, 18, 19, 20, 21, 22, 23, 24, 25, 26, 27, 28, 29, 30, 31, 32, 33, 34, 35, 36, 37, 38, 39, 40, 41, 42, 43, 44, 45, 46, 47, 48, 49, 50, 51, 52, 53, 54, 55, 56, 57, 58, 59, 60, 61, 62, 63, 64, 65, 66, 67, 68, 69, 70, 71, 72, 73, 74, 75, 76, 77, 78, 79, 80, 81, 82, 83, 84, 85, 86, 87, 88, 89, 90, 91, 92, 93, 94, 95, 96, 97, 98, 99, 100, 101, 102, 103, 104, 105, 106, 107, 108, 109, 110, 111, 112, 113, 114, 115, 116, 117, 118, 119, 120, 121, 122, 123, 124, 125, 126, 127]
YNEW:[0, 0, 0, 0, 0, 0, 0, 0, 0, 0, 0, 0, 0, 0, 0, 0, 0, 0, 0, 0, 0, 0, 0, 0, 0, 0, 0, 0, 0, 0, 0, 0, 0, 0, 0, 0, 0, 0, 0, 0, 0, 0, 0, 0, 0, 0, 0, 3, 2, 2, 1, 3, 6, 6, 4, 5, 3, 3, 5, 4, 2, 13, 10, 15, 11, 24, 17, 12, 27, 19, 42, 41, 46, 30, 37, 29, 40, 46, 44, 43, 44, 31, 30, 45, 43, 39, 32, 26, 18, 16, 14, 15, 15, 21, 17, 15, 12, 10, 11, 10, 11, 13, 13, 12, 10, 9, 10, 9, 6, 8, 7, 6, 6, 6, 7, 5, 8, 2, 3, 5, 3, 2, 1, 1, 2, 1, 1]
YTOT: [0, 0, 0, 0, 0, 0, 0, 0, 0, 0, 0, 0, 0, 0, 0, 0, 0, 0, 0, 0, 0, 0, 0, 0, 0, 0, 0, 0, 0, 0, 0, 0, 0, 0, 0, 0, 0, 0, 0, 0, 0, 0, 0, 0, 0, 0, 0, 3, 5, 7, 8, 11, 17, 23, 27, 32, 35, 38, 43, 47, 49, 62, 72, 87, 98, 122, 139, 151, 178, 197, 239, 280, 326, 356, 393, 422, 462, 508, 552, 595, 639, 670, 700, 745, 788, 827, 859, 885, 903, 919, 933, 948, 963, 984, 1001, 1016, 1028, 1038, 1049, 1059, 1070, 1083, 1096, 1108, 1118, 1127, 1137, 1146, 1152, 1160, 1167, 1173, 1179, 1185, 1192, 1197, 1205, 1207, 1210, 1215, 1218, 1220, 1221, 1222, 1224, 1225, 1226]

INFO: Total Population: 1510023
INFO: R0: 2
INFO: Incubation Period: 5
INFO: Illness Period: 7
X:[0, 1, 2, 3, 4, 5, 6, 7, 8, 9, 10, 11, 12, 13, 14, 15, 16, 17, 18, 19, 20, 21, 22, 23, 24, 25, 26, 27, 28, 29, 30, 31, 32, 33, 34, 35, 36, 37, 38, 39, 40, 41, 42, 43, 44, 45, 46, 47, 48, 49, 50, 51, 52, 53, 54, 55, 56, 57, 58, 59, 60, 61, 62, 63, 64, 65, 66, 67, 68, 69, 70, 71, 72, 73, 74, 75, 76, 77, 78, 79, 80, 81, 82, 83, 84, 85, 86, 87, 88, 89, 90, 91, 92, 93, 94, 95, 96, 97, 98, 99, 100, 101, 102, 103, 104, 105, 106, 107, 108, 109, 110, 111, 112, 113, 114, 115, 116, 117, 118, 119, 120, 121, 122, 123, 124]
YNEW:[0, 0, 0, 0, 0, 0, 0, 0, 0, 0, 0, 0, 0, 0, 0, 0, 0, 0, 0, 0, 0, 0, 0, 0, 0, 0, 0, 0, 0, 0, 0, 0, 0, 0, 0, 0, 0, 0, 0, 0, 0, 0, 0, 0, 0, 0, 0, 3, 2, 2, 1, 3, 6, 6, 4, 5, 3, 3, 5, 4, 2, 13, 10, 15, 11, 24, 17, 12, 27, 19, 42, 41, 46, 30, 37, 29, 40, 46, 44, 43, 44, 31, 30, 45, 43, 39, 32, 26, 18, 16, 14, 15, 15, 21, 17, 15, 12, 10, 11, 10, 11, 13, 13, 12, 10, 9, 7, 7, 7, 10, 8, 4, 7, 6, 7, 5, 7, 4, 4, 5, 3, 2, 1, 3]
YTOT: [0, 0, 0, 0, 0, 0, 0, 0, 0, 0, 0, 0, 0, 0, 0, 0, 0, 0, 0, 0, 0, 0, 0, 0, 0, 0, 0, 0, 0, 0, 0, 0, 0, 0, 0, 0, 0, 0, 0, 0, 0, 0, 0, 0, 0, 0, 0, 3, 5, 7, 8, 11, 17, 23, 27, 32, 35, 38, 43, 47, 49, 62, 72, 87, 98, 122, 139, 151, 178, 197, 239, 280, 326, 356, 393, 422, 462, 508, 552, 595, 639, 670, 700, 745, 788, 827, 859, 885, 903, 919, 933, 948, 963, 984, 1001, 1016, 1028, 1038, 1049, 1059, 1070, 1083, 1096, 1108, 1118, 1127, 1134, 1141, 1148, 1158, 1166, 1170, 1177, 1183, 1190, 1195, 1202, 1206, 1210, 1215, 1218, 1220, 1221, 1224]

INFO: Total Population: 1510023
INFO: R0: 2
INFO: Incubation Period: 5
INFO: Illness Period: 7
X:[0, 1, 2, 3, 4, 5, 6, 7, 8, 9, 10, 11, 12, 13, 14, 15, 16, 17, 18, 19, 20, 21, 22, 23, 24, 25, 26, 27, 28, 29, 30, 31, 32, 33, 34, 35, 36, 37, 38, 39, 40, 41, 42, 43, 44, 45, 46, 47, 48, 49, 50, 51, 52, 53, 54, 55, 56, 57, 58, 59, 60, 61, 62, 63, 64, 65, 66, 67, 68, 69, 70, 71, 72, 73, 74, 75, 76, 77, 78, 79, 80, 81, 82, 83, 84, 85, 86, 87, 88, 89, 90, 91, 92, 93, 94, 95, 96, 97, 98, 99, 100, 101, 102, 103, 104, 105, 106, 107, 108, 109, 110, 111, 112, 113, 114, 115, 116, 117, 118, 119, 120, 121, 122, 123, 124, 125]
YNEW:[0, 0, 0, 0, 0, 0, 0, 0, 0, 0, 0, 0, 0, 0, 0, 0, 0, 0, 0, 0, 0, 0, 0, 0, 0, 0, 0, 0, 0, 0, 0, 0, 0, 0, 0, 0, 0, 0, 0, 0, 0, 0, 0, 0, 0, 0, 0, 3, 2, 2, 1, 3, 6, 6, 4, 5, 3, 3, 5, 4, 2, 13, 10, 15, 11, 24, 17, 12, 27, 19, 42, 41, 46, 30, 37, 29, 40, 46, 44, 43, 44, 31, 30, 45, 43, 39, 32, 26, 18, 16, 14, 15, 15, 21, 17, 15, 12, 10, 11, 10, 11, 13, 13, 12, 10, 9, 10, 8, 9, 6, 4, 4, 9, 5, 6, 9, 6, 6, 3, 3, 2, 1, 2, 1, 1]
YTOT: [0, 0, 0, 0, 0, 0, 0, 0, 0, 0, 0, 0, 0, 0, 0, 0, 0, 0, 0, 0, 0, 0, 0, 0, 0, 0, 0, 0, 0, 0, 0, 0, 0, 0, 0, 0, 0, 0, 0, 0, 0, 0, 0, 0, 0, 0, 0, 3, 5, 7, 8, 11, 17, 23, 27, 32, 35, 38, 43, 47, 49, 62, 72, 87, 98, 122, 139, 151, 178, 197, 239, 280, 326, 356, 393, 422, 462, 508, 552, 595, 639, 670, 700, 745, 788, 827, 859, 885, 903, 919, 933, 948, 963, 984, 1001, 1016, 1028, 1038, 1049, 1059, 1070, 1083, 1096, 1108, 1118, 1127, 1137, 1145, 1154, 1160, 1164, 1168, 1177, 1182, 1188, 1197, 1203, 1209, 1212, 1215, 1217, 1218, 1220, 1221, 1222]

INFO: Total Population: 1510023
INFO: R0: 2
INFO: Incubation Period: 5
INFO: Illness Period: 7
X:[0, 1, 2, 3, 4, 5, 6, 7, 8, 9, 10, 11, 12, 13, 14, 15, 16, 17, 18, 19, 20, 21, 22, 23, 24, 25, 26, 27, 28, 29, 30, 31, 32, 33, 34, 35, 36, 37, 38, 39, 40, 41, 42, 43, 44, 45, 46, 47, 48, 49, 50, 51, 52, 53, 54, 55, 56, 57, 58, 59, 60, 61, 62, 63, 64, 65, 66, 67, 68, 69, 70, 71, 72, 73, 74, 75, 76, 77, 78, 79, 80, 81, 82, 83, 84, 85, 86, 87, 88, 89, 90, 91, 92, 93, 94, 95, 96, 97, 98, 99, 100, 101, 102, 103, 104, 105, 106, 107, 108, 109, 110, 111, 112, 113, 114, 115, 116, 117, 118, 119, 120, 121, 122, 123, 124, 125, 126]
YNEW:[0, 0, 0, 0, 0, 0, 0, 0, 0, 0, 0, 0, 0, 0, 0, 0, 0, 0, 0, 0, 0, 0, 0, 0, 0, 0, 0, 0, 0, 0, 0, 0, 0, 0, 0, 0, 0, 0, 0, 0, 0, 0, 0, 0, 0, 0, 0, 3, 2, 2, 1, 3, 6, 6, 4, 5, 3, 3, 5, 4, 2, 13, 10, 15, 11, 24, 17, 12, 27, 19, 42, 41, 46, 30, 37, 29, 40, 46, 44, 43, 44, 31, 30, 45, 43, 39, 32, 26, 18, 16, 14, 15, 15, 21, 17, 15, 12, 10, 11, 10, 11, 13, 13, 12, 10, 9, 7, 9, 10, 8, 6, 6, 1, 7, 4, 8, 7, 2, 5, 6, 2, 4, 2, 1, 1, 1]
YTOT: [0, 0, 0, 0, 0, 0, 0, 0, 0, 0, 0, 0, 0, 0, 0, 0, 0, 0, 0, 0, 0, 0, 0, 0, 0, 0, 0, 0, 0, 0, 0, 0, 0, 0, 0, 0, 0, 0, 0, 0, 0, 0, 0, 0, 0, 0, 0, 3, 5, 7, 8, 11, 17, 23, 27, 32, 35, 38, 43, 47, 49, 62, 72, 87, 98, 122, 139, 151, 178, 197, 239, 280, 326, 356, 393, 422, 462, 508, 552, 595, 639, 670, 700, 745, 788, 827, 859, 885, 903, 919, 933, 948, 963, 984, 1001, 1016, 1028, 1038, 1049, 1059, 1070, 1083, 1096, 1108, 1118, 1127, 1134, 1143, 1153, 1161, 1167, 1173, 1174, 1181, 1185, 1193, 1200, 1202, 1207, 1213, 1215, 1219, 1221, 1222, 1223, 1224]

INFO: Total Population: 1510023
INFO: R0: 2
INFO: Incubation Period: 5
INFO: Illness Period: 7
X:[0, 1, 2, 3, 4, 5, 6, 7, 8, 9, 10, 11, 12, 13, 14, 15, 16, 17, 18, 19, 20, 21, 22, 23, 24, 25, 26, 27, 28, 29, 30, 31, 32, 33, 34, 35, 36, 37, 38, 39, 40, 41, 42, 43, 44, 45, 46, 47, 48, 49, 50, 51, 52, 53, 54, 55, 56, 57, 58, 59, 60, 61, 62, 63, 64, 65, 66, 67, 68, 69, 70, 71, 72, 73, 74, 75, 76, 77, 78, 79, 80, 81, 82, 83, 84, 85, 86, 87, 88, 89, 90, 91, 92, 93, 94, 95, 96, 97, 98, 99, 100, 101, 102, 103, 104, 105, 106, 107, 108, 109, 110, 111, 112, 113, 114, 115, 116, 117, 118, 119, 120, 121, 122, 123, 124, 125, 126]
YNEW:[0, 0, 0, 0, 0, 0, 0, 0, 0, 0, 0, 0, 0, 0, 0, 0, 0, 0, 0, 0, 0, 0, 0, 0, 0, 0, 0, 0, 0, 0, 0, 0, 0, 0, 0, 0, 0, 0, 0, 0, 0, 0, 0, 0, 0, 0, 0, 3, 2, 2, 1, 3, 6, 6, 4, 5, 3, 3, 5, 4, 2, 13, 10, 15, 11, 24, 17, 12, 27, 19, 42, 41, 46, 30, 37, 29, 40, 46, 44, 43, 44, 31, 30, 45, 43, 39, 32, 26, 18, 16, 14, 15, 15, 21, 17, 15, 12, 10, 11, 10, 11, 13, 13, 12, 10, 9, 14, 8, 16, 6, 6, 5, 6, 5, 4, 8, 7, 5, 3, 4, 3, 3, 1, 1, 1, 1]
YTOT: [0, 0, 0, 0, 0, 0, 0, 0, 0, 0, 0, 0, 0, 0, 0, 0, 0, 0, 0, 0, 0, 0, 0, 0, 0, 0, 0, 0, 0, 0, 0, 0, 0, 0, 0, 0, 0, 0, 0, 0, 0, 0, 0, 0, 0, 0, 0, 3, 5, 7, 8, 11, 17, 23, 27, 32, 35, 38, 43, 47, 49, 62, 72, 87, 98, 122, 139, 151, 178, 197, 239, 280, 326, 356, 393, 422, 462, 508, 552, 595, 639, 670, 700, 745, 788, 827, 859, 885, 903, 919, 933, 948, 963, 984, 1001, 1016, 1028, 1038, 1049, 1059, 1070, 1083, 1096, 1108, 1118, 1127, 1141, 1149, 1165, 1171, 1177, 1182, 1188, 1193, 1197, 1205, 1212, 1217, 1220, 1224, 1227, 1230, 1231, 1232, 1233, 1234]

INFO: Total Population: 1510023
INFO: R0: 2
INFO: Incubation Period: 5
INFO: Illness Period: 7
X:[0, 1, 2, 3, 4, 5, 6, 7, 8, 9, 10, 11, 12, 13, 14, 15, 16, 17, 18, 19, 20, 21, 22, 23, 24, 25, 26, 27, 28, 29, 30, 31, 32, 33, 34, 35, 36, 37, 38, 39, 40, 41, 42, 43, 44, 45, 46, 47, 48, 49, 50, 51, 52, 53, 54, 55, 56, 57, 58, 59, 60, 61, 62, 63, 64, 65, 66, 67, 68, 69, 70, 71, 72, 73, 74, 75, 76, 77, 78, 79, 80, 81, 82, 83, 84, 85, 86, 87, 88, 89, 90, 91, 92, 93, 94, 95, 96, 97, 98, 99, 100, 101, 102, 103, 104, 105, 106, 107, 108, 109, 110, 111, 112, 113, 114, 115, 116, 117, 118, 119, 120, 121, 122, 123, 124, 125, 126]
YNEW:[0, 0, 0, 0, 0, 0, 0, 0, 0, 0, 0, 0, 0, 0, 0, 0, 0, 0, 0, 0, 0, 0, 0, 0, 0, 0, 0, 0, 0, 0, 0, 0, 0, 0, 0, 0, 0, 0, 0, 0, 0, 0, 0, 0, 0, 0, 0, 3, 2, 2, 1, 3, 6, 6, 4, 5, 3, 3, 5, 4, 2, 13, 10, 15, 11, 24, 17, 12, 27, 19, 42, 41, 46, 30, 37, 29, 40, 46, 44, 43, 44, 31, 30, 45, 43, 39, 32, 26, 18, 16, 14, 15, 15, 21, 17, 15, 12, 10, 11, 10, 11, 13, 13, 12, 10, 9, 12, 5, 7, 8, 5, 9, 9, 3, 6, 12, 5, 3, 3, 3, 4, 1, 2, 2, 1, 1]
YTOT: [0, 0, 0, 0, 0, 0, 0, 0, 0, 0, 0, 0, 0, 0, 0, 0, 0, 0, 0, 0, 0, 0, 0, 0, 0, 0, 0, 0, 0, 0, 0, 0, 0, 0, 0, 0, 0, 0, 0, 0, 0, 0, 0, 0, 0, 0, 0, 3, 5, 7, 8, 11, 17, 23, 27, 32, 35, 38, 43, 47, 49, 62, 72, 87, 98, 122, 139, 151, 178, 197, 239, 280, 326, 356, 393, 422, 462, 508, 552, 595, 639, 670, 700, 745, 788, 827, 859, 885, 903, 919, 933, 948, 963, 984, 1001, 1016, 1028, 1038, 1049, 1059, 1070, 1083, 1096, 1108, 1118, 1127, 1139, 1144, 1151, 1159, 1164, 1173, 1182, 1185, 1191, 1203, 1208, 1211, 1214, 1217, 1221, 1222, 1224, 1226, 1227, 1228]

END