

INFO: Total Population: 870044
INFO: R0: 2
INFO: Incubation Period: 5
INFO: Illness Period: 7
X:[0, 1, 2, 3, 4, 5, 6, 7, 8, 9, 10, 11, 12, 13, 14, 15, 16, 17, 18, 19, 20, 21, 22, 23, 24, 25, 26, 27, 28, 29, 30, 31, 32, 33, 34, 35, 36, 37, 38, 39, 40, 41, 42, 43, 44, 45, 46, 47, 48, 49, 50, 51, 52, 53, 54, 55, 56, 57, 58, 59, 60, 61, 62, 63, 64, 65, 66, 67, 68, 69, 70, 71, 72, 73, 74, 75, 76, 77, 78, 79, 80, 81, 82, 83, 84, 85, 86, 87, 88, 89, 90, 91, 92, 93, 94, 95, 96, 97, 98, 99, 100, 101, 102, 103, 104, 105, 106, 107, 108, 109, 110, 111, 112, 113, 114, 115, 116, 117, 118, 119, 120]
YNEW:[0, 0, 0, 0, 0, 0, 0, 0, 0, 0, 0, 0, 0, 0, 0, 0, 0, 0, 0, 0, 0, 0, 0, 0, 0, 0, 0, 0, 0, 0, 0, 0, 0, 0, 0, 0, 0, 0, 0, 0, 0, 0, 0, 1, 1, 3, 2, 4, 3, 3, 2, 3, 3, 6, 5, 5, 6, 10, 12, 9, 14, 17, 19, 22, 31, 40, 38, 37, 36, 31, 31, 26, 33, 33, 36, 29, 32, 39, 43, 54, 59, 46, 57, 49, 40, 27, 29, 43, 38, 46, 38, 24, 36, 37, 30, 39, 32, 34, 38, 22, 27, 22, 17, 32, 37, 39, 42, 46, 45, 26, 26, 34, 22, 17, 15, 13, 6, 5, 2, 1]
YTOT: [0, 0, 0, 0, 0, 0, 0, 0, 0, 0, 0, 0, 0, 0, 0, 0, 0, 0, 0, 0, 0, 0, 0, 0, 0, 0, 0, 0, 0, 0, 0, 0, 0, 0, 0, 0, 0, 0, 0, 0, 0, 0, 0, 1, 2, 5, 7, 11, 14, 17, 19, 22, 25, 31, 36, 41, 47, 57, 69, 78, 92, 109, 128, 150, 181, 221, 259, 296, 332, 363, 394, 420, 453, 486, 522, 551, 583, 622, 665, 719, 778, 824, 881, 930, 970, 997, 1026, 1069, 1107, 1153, 1191, 1215, 1251, 1288, 1318, 1357, 1389, 1423, 1461, 1483, 1510, 1532, 1549, 1581, 1618, 1657, 1699, 1745, 1790, 1816, 1842, 1876, 1898, 1915, 1930, 1943, 1949, 1954, 1956, 1957]

INFO: Total Population: 870044
INFO: R0: 2
INFO: Incubation Period: 5
INFO: Illness Period: 7
X:[0, 1, 2, 3, 4, 5, 6, 7, 8, 9, 10, 11, 12, 13, 14, 15, 16, 17, 18, 19, 20, 21, 22, 23, 24, 25, 26, 27, 28, 29, 30, 31, 32, 33, 34, 35, 36, 37, 38, 39, 40, 41, 42, 43, 44, 45, 46, 47, 48, 49, 50, 51, 52, 53, 54, 55, 56, 57, 58, 59, 60, 61, 62, 63, 64, 65, 66, 67, 68, 69, 70, 71, 72, 73, 74, 75, 76, 77, 78, 79, 80, 81, 82, 83, 84, 85, 86, 87, 88, 89, 90, 91, 92, 93, 94, 95, 96, 97, 98, 99, 100, 101, 102, 103, 104, 105, 106, 107, 108, 109, 110, 111, 112, 113, 114, 115, 116, 117, 118, 119, 120]
YNEW:[0, 0, 0, 0, 0, 0, 0, 0, 0, 0, 0, 0, 0, 0, 0, 0, 0, 0, 0, 0, 0, 0, 0, 0, 0, 0, 0, 0, 0, 0, 0, 0, 0, 0, 0, 0, 0, 0, 0, 0, 0, 0, 0, 1, 1, 3, 2, 4, 3, 3, 2, 3, 3, 6, 5, 5, 6, 10, 12, 9, 14, 17, 19, 22, 31, 40, 38, 37, 36, 31, 31, 26, 33, 33, 36, 29, 32, 39, 43, 54, 59, 46, 57, 49, 40, 27, 29, 43, 38, 46, 38, 24, 36, 37, 30, 39, 32, 34, 28, 44, 29, 18, 24, 31, 46, 39, 40, 45, 41, 38, 38, 31, 26, 18, 15, 14, 9, 4, 3, 3]
YTOT: [0, 0, 0, 0, 0, 0, 0, 0, 0, 0, 0, 0, 0, 0, 0, 0, 0, 0, 0, 0, 0, 0, 0, 0, 0, 0, 0, 0, 0, 0, 0, 0, 0, 0, 0, 0, 0, 0, 0, 0, 0, 0, 0, 1, 2, 5, 7, 11, 14, 17, 19, 22, 25, 31, 36, 41, 47, 57, 69, 78, 92, 109, 128, 150, 181, 221, 259, 296, 332, 363, 394, 420, 453, 486, 522, 551, 583, 622, 665, 719, 778, 824, 881, 930, 970, 997, 1026, 1069, 1107, 1153, 1191, 1215, 1251, 1288, 1318, 1357, 1389, 1423, 1451, 1495, 1524, 1542, 1566, 1597, 1643, 1682, 1722, 1767, 1808, 1846, 1884, 1915, 1941, 1959, 1974, 1988, 1997, 2001, 2004, 2007]

INFO: Total Population: 870044
INFO: R0: 2
INFO: Incubation Period: 5
INFO: Illness Period: 7
X:[0, 1, 2, 3, 4, 5, 6, 7, 8, 9, 10, 11, 12, 13, 14, 15, 16, 17, 18, 19, 20, 21, 22, 23, 24, 25, 26, 27, 28, 29, 30, 31, 32, 33, 34, 35, 36, 37, 38, 39, 40, 41, 42, 43, 44, 45, 46, 47, 48, 49, 50, 51, 52, 53, 54, 55, 56, 57, 58, 59, 60, 61, 62, 63, 64, 65, 66, 67, 68, 69, 70, 71, 72, 73, 74, 75, 76, 77, 78, 79, 80, 81, 82, 83, 84, 85, 86, 87, 88, 89, 90, 91, 92, 93, 94, 95, 96, 97, 98, 99, 100, 101, 102, 103, 104, 105, 106, 107, 108, 109, 110, 111, 112, 113, 114, 115, 116, 117, 118, 119, 120, 121]
YNEW:[0, 0, 0, 0, 0, 0, 0, 0, 0, 0, 0, 0, 0, 0, 0, 0, 0, 0, 0, 0, 0, 0, 0, 0, 0, 0, 0, 0, 0, 0, 0, 0, 0, 0, 0, 0, 0, 0, 0, 0, 0, 0, 0, 1, 1, 3, 2, 4, 3, 3, 2, 3, 3, 6, 5, 5, 6, 10, 12, 9, 14, 17, 19, 22, 31, 40, 38, 37, 36, 31, 31, 26, 33, 33, 36, 29, 32, 39, 43, 54, 59, 46, 57, 49, 40, 27, 29, 43, 38, 46, 38, 24, 36, 37, 30, 39, 32, 34, 38, 41, 27, 19, 20, 29, 39, 47, 40, 48, 41, 36, 38, 31, 21, 22, 12, 12, 7, 5, 1, 1, 1]
YTOT: [0, 0, 0, 0, 0, 0, 0, 0, 0, 0, 0, 0, 0, 0, 0, 0, 0, 0, 0, 0, 0, 0, 0, 0, 0, 0, 0, 0, 0, 0, 0, 0, 0, 0, 0, 0, 0, 0, 0, 0, 0, 0, 0, 1, 2, 5, 7, 11, 14, 17, 19, 22, 25, 31, 36, 41, 47, 57, 69, 78, 92, 109, 128, 150, 181, 221, 259, 296, 332, 363, 394, 420, 453, 486, 522, 551, 583, 622, 665, 719, 778, 824, 881, 930, 970, 997, 1026, 1069, 1107, 1153, 1191, 1215, 1251, 1288, 1318, 1357, 1389, 1423, 1461, 1502, 1529, 1548, 1568, 1597, 1636, 1683, 1723, 1771, 1812, 1848, 1886, 1917, 1938, 1960, 1972, 1984, 1991, 1996, 1997, 1998, 1999]

INFO: Total Population: 870044
INFO: R0: 2
INFO: Incubation Period: 5
INFO: Illness Period: 7
X:[0, 1, 2, 3, 4, 5, 6, 7, 8, 9, 10, 11, 12, 13, 14, 15, 16, 17, 18, 19, 20, 21, 22, 23, 24, 25, 26, 27, 28, 29, 30, 31, 32, 33, 34, 35, 36, 37, 38, 39, 40, 41, 42, 43, 44, 45, 46, 47, 48, 49, 50, 51, 52, 53, 54, 55, 56, 57, 58, 59, 60, 61, 62, 63, 64, 65, 66, 67, 68, 69, 70, 71, 72, 73, 74, 75, 76, 77, 78, 79, 80, 81, 82, 83, 84, 85, 86, 87, 88, 89, 90, 91, 92, 93, 94, 95, 96, 97, 98, 99, 100, 101, 102, 103, 104, 105, 106, 107, 108, 109, 110, 111, 112, 113, 114, 115, 116, 117, 118, 119]
YNEW:[0, 0, 0, 0, 0, 0, 0, 0, 0, 0, 0, 0, 0, 0, 0, 0, 0, 0, 0, 0, 0, 0, 0, 0, 0, 0, 0, 0, 0, 0, 0, 0, 0, 0, 0, 0, 0, 0, 0, 0, 0, 0, 0, 1, 1, 3, 2, 4, 3, 3, 2, 3, 3, 6, 5, 5, 6, 10, 12, 9, 14, 17, 19, 22, 31, 40, 38, 37, 36, 31, 31, 26, 33, 33, 36, 29, 32, 39, 43, 54, 59, 46, 57, 49, 40, 27, 29, 43, 38, 46, 38, 24, 36, 37, 30, 39, 32, 34, 26, 35, 24, 31, 18, 22, 41, 38, 40, 51, 40, 39, 26, 20, 20, 21, 21, 11, 5, 6, 3]
YTOT: [0, 0, 0, 0, 0, 0, 0, 0, 0, 0, 0, 0, 0, 0, 0, 0, 0, 0, 0, 0, 0, 0, 0, 0, 0, 0, 0, 0, 0, 0, 0, 0, 0, 0, 0, 0, 0, 0, 0, 0, 0, 0, 0, 1, 2, 5, 7, 11, 14, 17, 19, 22, 25, 31, 36, 41, 47, 57, 69, 78, 92, 109, 128, 150, 181, 221, 259, 296, 332, 363, 394, 420, 453, 486, 522, 551, 583, 622, 665, 719, 778, 824, 881, 930, 970, 997, 1026, 1069, 1107, 1153, 1191, 1215, 1251, 1288, 1318, 1357, 1389, 1423, 1449, 1484, 1508, 1539, 1557, 1579, 1620, 1658, 1698, 1749, 1789, 1828, 1854, 1874, 1894, 1915, 1936, 1947, 1952, 1958, 1961]

INFO: Total Population: 870044
INFO: R0: 2
INFO: Incubation Period: 5
INFO: Illness Period: 7
X:[0, 1, 2, 3, 4, 5, 6, 7, 8, 9, 10, 11, 12, 13, 14, 15, 16, 17, 18, 19, 20, 21, 22, 23, 24, 25, 26, 27, 28, 29, 30, 31, 32, 33, 34, 35, 36, 37, 38, 39, 40, 41, 42, 43, 44, 45, 46, 47, 48, 49, 50, 51, 52, 53, 54, 55, 56, 57, 58, 59, 60, 61, 62, 63, 64, 65, 66, 67, 68, 69, 70, 71, 72, 73, 74, 75, 76, 77, 78, 79, 80, 81, 82, 83, 84, 85, 86, 87, 88, 89, 90, 91, 92, 93, 94, 95, 96, 97, 98, 99, 100, 101, 102, 103, 104, 105, 106, 107, 108, 109, 110, 111, 112, 113, 114, 115, 116, 117, 118, 119, 120]
YNEW:[0, 0, 0, 0, 0, 0, 0, 0, 0, 0, 0, 0, 0, 0, 0, 0, 0, 0, 0, 0, 0, 0, 0, 0, 0, 0, 0, 0, 0, 0, 0, 0, 0, 0, 0, 0, 0, 0, 0, 0, 0, 0, 0, 1, 1, 3, 2, 4, 3, 3, 2, 3, 3, 6, 5, 5, 6, 10, 12, 9, 14, 17, 19, 22, 31, 40, 38, 37, 36, 31, 31, 26, 33, 33, 36, 29, 32, 39, 43, 54, 59, 46, 57, 49, 40, 27, 29, 43, 38, 46, 38, 24, 36, 37, 30, 39, 32, 34, 35, 29, 34, 32, 20, 15, 32, 50, 61, 46, 38, 35, 31, 21, 25, 19, 14, 6, 2, 7, 3, 2]
YTOT: [0, 0, 0, 0, 0, 0, 0, 0, 0, 0, 0, 0, 0, 0, 0, 0, 0, 0, 0, 0, 0, 0, 0, 0, 0, 0, 0, 0, 0, 0, 0, 0, 0, 0, 0, 0, 0, 0, 0, 0, 0, 0, 0, 1, 2, 5, 7, 11, 14, 17, 19, 22, 25, 31, 36, 41, 47, 57, 69, 78, 92, 109, 128, 150, 181, 221, 259, 296, 332, 363, 394, 420, 453, 486, 522, 551, 583, 622, 665, 719, 778, 824, 881, 930, 970, 997, 1026, 1069, 1107, 1153, 1191, 1215, 1251, 1288, 1318, 1357, 1389, 1423, 1458, 1487, 1521, 1553, 1573, 1588, 1620, 1670, 1731, 1777, 1815, 1850, 1881, 1902, 1927, 1946, 1960, 1966, 1968, 1975, 1978, 1980]

INFO: Total Population: 870044
INFO: R0: 2
INFO: Incubation Period: 5
INFO: Illness Period: 7
X:[0, 1, 2, 3, 4, 5, 6, 7, 8, 9, 10, 11, 12, 13, 14, 15, 16, 17, 18, 19, 20, 21, 22, 23, 24, 25, 26, 27, 28, 29, 30, 31, 32, 33, 34, 35, 36, 37, 38, 39, 40, 41, 42, 43, 44, 45, 46, 47, 48, 49, 50, 51, 52, 53, 54, 55, 56, 57, 58, 59, 60, 61, 62, 63, 64, 65, 66, 67, 68, 69, 70, 71, 72, 73, 74, 75, 76, 77, 78, 79, 80, 81, 82, 83, 84, 85, 86, 87, 88, 89, 90, 91, 92, 93, 94, 95, 96, 97, 98, 99, 100, 101, 102, 103, 104, 105, 106, 107, 108, 109, 110, 111, 112, 113, 114, 115, 116, 117, 118, 119, 120, 121]
YNEW:[0, 0, 0, 0, 0, 0, 0, 0, 0, 0, 0, 0, 0, 0, 0, 0, 0, 0, 0, 0, 0, 0, 0, 0, 0, 0, 0, 0, 0, 0, 0, 0, 0, 0, 0, 0, 0, 0, 0, 0, 0, 0, 0, 1, 1, 3, 2, 4, 3, 3, 2, 3, 3, 6, 5, 5, 6, 10, 12, 9, 14, 17, 19, 22, 31, 40, 38, 37, 36, 31, 31, 26, 33, 33, 36, 29, 32, 39, 43, 54, 59, 46, 57, 49, 40, 27, 29, 43, 38, 46, 38, 24, 36, 37, 30, 39, 32, 34, 30, 33, 28, 33, 18, 23, 39, 43, 41, 44, 47, 40, 32, 21, 23, 21, 14, 11, 5, 8, 1, 2, 1]
YTOT: [0, 0, 0, 0, 0, 0, 0, 0, 0, 0, 0, 0, 0, 0, 0, 0, 0, 0, 0, 0, 0, 0, 0, 0, 0, 0, 0, 0, 0, 0, 0, 0, 0, 0, 0, 0, 0, 0, 0, 0, 0, 0, 0, 1, 2, 5, 7, 11, 14, 17, 19, 22, 25, 31, 36, 41, 47, 57, 69, 78, 92, 109, 128, 150, 181, 221, 259, 296, 332, 363, 394, 420, 453, 486, 522, 551, 583, 622, 665, 719, 778, 824, 881, 930, 970, 997, 1026, 1069, 1107, 1153, 1191, 1215, 1251, 1288, 1318, 1357, 1389, 1423, 1453, 1486, 1514, 1547, 1565, 1588, 1627, 1670, 1711, 1755, 1802, 1842, 1874, 1895, 1918, 1939, 1953, 1964, 1969, 1977, 1978, 1980, 1981]

INFO: Total Population: 870044
INFO: R0: 2
INFO: Incubation Period: 5
INFO: Illness Period: 7
X:[0, 1, 2, 3, 4, 5, 6, 7, 8, 9, 10, 11, 12, 13, 14, 15, 16, 17, 18, 19, 20, 21, 22, 23, 24, 25, 26, 27, 28, 29, 30, 31, 32, 33, 34, 35, 36, 37, 38, 39, 40, 41, 42, 43, 44, 45, 46, 47, 48, 49, 50, 51, 52, 53, 54, 55, 56, 57, 58, 59, 60, 61, 62, 63, 64, 65, 66, 67, 68, 69, 70, 71, 72, 73, 74, 75, 76, 77, 78, 79, 80, 81, 82, 83, 84, 85, 86, 87, 88, 89, 90, 91, 92, 93, 94, 95, 96, 97, 98, 99, 100, 101, 102, 103, 104, 105, 106, 107, 108, 109, 110, 111, 112, 113, 114, 115, 116, 117, 118, 119, 120, 121]
YNEW:[0, 0, 0, 0, 0, 0, 0, 0, 0, 0, 0, 0, 0, 0, 0, 0, 0, 0, 0, 0, 0, 0, 0, 0, 0, 0, 0, 0, 0, 0, 0, 0, 0, 0, 0, 0, 0, 0, 0, 0, 0, 0, 0, 1, 1, 3, 2, 4, 3, 3, 2, 3, 3, 6, 5, 5, 6, 10, 12, 9, 14, 17, 19, 22, 31, 40, 38, 37, 36, 31, 31, 26, 33, 33, 36, 29, 32, 39, 43, 54, 59, 46, 57, 49, 40, 27, 29, 43, 38, 46, 38, 24, 36, 37, 30, 39, 32, 34, 26, 24, 36, 28, 21, 25, 36, 30, 54, 42, 43, 42, 36, 24, 24, 17, 10, 12, 6, 7, 3, 2, 1]
YTOT: [0, 0, 0, 0, 0, 0, 0, 0, 0, 0, 0, 0, 0, 0, 0, 0, 0, 0, 0, 0, 0, 0, 0, 0, 0, 0, 0, 0, 0, 0, 0, 0, 0, 0, 0, 0, 0, 0, 0, 0, 0, 0, 0, 1, 2, 5, 7, 11, 14, 17, 19, 22, 25, 31, 36, 41, 47, 57, 69, 78, 92, 109, 128, 150, 181, 221, 259, 296, 332, 363, 394, 420, 453, 486, 522, 551, 583, 622, 665, 719, 778, 824, 881, 930, 970, 997, 1026, 1069, 1107, 1153, 1191, 1215, 1251, 1288, 1318, 1357, 1389, 1423, 1449, 1473, 1509, 1537, 1558, 1583, 1619, 1649, 1703, 1745, 1788, 1830, 1866, 1890, 1914, 1931, 1941, 1953, 1959, 1966, 1969, 1971, 1972]

INFO: Total Population: 870044
INFO: R0: 2
INFO: Incubation Period: 5
INFO: Illness Period: 7
X:[0, 1, 2, 3, 4, 5, 6, 7, 8, 9, 10, 11, 12, 13, 14, 15, 16, 17, 18, 19, 20, 21, 22, 23, 24, 25, 26, 27, 28, 29, 30, 31, 32, 33, 34, 35, 36, 37, 38, 39, 40, 41, 42, 43, 44, 45, 46, 47, 48, 49, 50, 51, 52, 53, 54, 55, 56, 57, 58, 59, 60, 61, 62, 63, 64, 65, 66, 67, 68, 69, 70, 71, 72, 73, 74, 75, 76, 77, 78, 79, 80, 81, 82, 83, 84, 85, 86, 87, 88, 89, 90, 91, 92, 93, 94, 95, 96, 97, 98, 99, 100, 101, 102, 103, 104, 105, 106, 107, 108, 109, 110, 111, 112, 113, 114, 115, 116, 117, 118, 119, 120]
YNEW:[0, 0, 0, 0, 0, 0, 0, 0, 0, 0, 0, 0, 0, 0, 0, 0, 0, 0, 0, 0, 0, 0, 0, 0, 0, 0, 0, 0, 0, 0, 0, 0, 0, 0, 0, 0, 0, 0, 0, 0, 0, 0, 0, 1, 1, 3, 2, 4, 3, 3, 2, 3, 3, 6, 5, 5, 6, 10, 12, 9, 14, 17, 19, 22, 31, 40, 38, 37, 36, 31, 31, 26, 33, 33, 36, 29, 32, 39, 43, 54, 59, 46, 57, 49, 40, 27, 29, 43, 38, 46, 38, 24, 36, 37, 30, 39, 32, 34, 33, 29, 31, 26, 23, 36, 37, 49, 46, 31, 50, 43, 33, 29, 23, 18, 16, 11, 8, 2, 4, 2]
YTOT: [0, 0, 0, 0, 0, 0, 0, 0, 0, 0, 0, 0, 0, 0, 0, 0, 0, 0, 0, 0, 0, 0, 0, 0, 0, 0, 0, 0, 0, 0, 0, 0, 0, 0, 0, 0, 0, 0, 0, 0, 0, 0, 0, 1, 2, 5, 7, 11, 14, 17, 19, 22, 25, 31, 36, 41, 47, 57, 69, 78, 92, 109, 128, 150, 181, 221, 259, 296, 332, 363, 394, 420, 453, 486, 522, 551, 583, 622, 665, 719, 778, 824, 881, 930, 970, 997, 1026, 1069, 1107, 1153, 1191, 1215, 1251, 1288, 1318, 1357, 1389, 1423, 1456, 1485, 1516, 1542, 1565, 1601, 1638, 1687, 1733, 1764, 1814, 1857, 1890, 1919, 1942, 1960, 1976, 1987, 1995, 1997, 2001, 2003]

INFO: Total Population: 870044
INFO: R0: 2
INFO: Incubation Period: 5
INFO: Illness Period: 7
X:[0, 1, 2, 3, 4, 5, 6, 7, 8, 9, 10, 11, 12, 13, 14, 15, 16, 17, 18, 19, 20, 21, 22, 23, 24, 25, 26, 27, 28, 29, 30, 31, 32, 33, 34, 35, 36, 37, 38, 39, 40, 41, 42, 43, 44, 45, 46, 47, 48, 49, 50, 51, 52, 53, 54, 55, 56, 57, 58, 59, 60, 61, 62, 63, 64, 65, 66, 67, 68, 69, 70, 71, 72, 73, 74, 75, 76, 77, 78, 79, 80, 81, 82, 83, 84, 85, 86, 87, 88, 89, 90, 91, 92, 93, 94, 95, 96, 97, 98, 99, 100, 101, 102, 103, 104, 105, 106, 107, 108, 109, 110, 111, 112, 113, 114, 115, 116, 117, 118, 119, 120]
YNEW:[0, 0, 0, 0, 0, 0, 0, 0, 0, 0, 0, 0, 0, 0, 0, 0, 0, 0, 0, 0, 0, 0, 0, 0, 0, 0, 0, 0, 0, 0, 0, 0, 0, 0, 0, 0, 0, 0, 0, 0, 0, 0, 0, 1, 1, 3, 2, 4, 3, 3, 2, 3, 3, 6, 5, 5, 6, 10, 12, 9, 14, 17, 19, 22, 31, 40, 38, 37, 36, 31, 31, 26, 33, 33, 36, 29, 32, 39, 43, 54, 59, 46, 57, 49, 40, 27, 29, 43, 38, 46, 38, 24, 36, 37, 30, 39, 32, 34, 30, 35, 26, 23, 26, 25, 40, 35, 46, 50, 39, 42, 33, 28, 22, 23, 10, 6, 10, 6, 4, 3]
YTOT: [0, 0, 0, 0, 0, 0, 0, 0, 0, 0, 0, 0, 0, 0, 0, 0, 0, 0, 0, 0, 0, 0, 0, 0, 0, 0, 0, 0, 0, 0, 0, 0, 0, 0, 0, 0, 0, 0, 0, 0, 0, 0, 0, 1, 2, 5, 7, 11, 14, 17, 19, 22, 25, 31, 36, 41, 47, 57, 69, 78, 92, 109, 128, 150, 181, 221, 259, 296, 332, 363, 394, 420, 453, 486, 522, 551, 583, 622, 665, 719, 778, 824, 881, 930, 970, 997, 1026, 1069, 1107, 1153, 1191, 1215, 1251, 1288, 1318, 1357, 1389, 1423, 1453, 1488, 1514, 1537, 1563, 1588, 1628, 1663, 1709, 1759, 1798, 1840, 1873, 1901, 1923, 1946, 1956, 1962, 1972, 1978, 1982, 1985]

INFO: Total Population: 870044
INFO: R0: 2
INFO: Incubation Period: 5
INFO: Illness Period: 7
X:[0, 1, 2, 3, 4, 5, 6, 7, 8, 9, 10, 11, 12, 13, 14, 15, 16, 17, 18, 19, 20, 21, 22, 23, 24, 25, 26, 27, 28, 29, 30, 31, 32, 33, 34, 35, 36, 37, 38, 39, 40, 41, 42, 43, 44, 45, 46, 47, 48, 49, 50, 51, 52, 53, 54, 55, 56, 57, 58, 59, 60, 61, 62, 63, 64, 65, 66, 67, 68, 69, 70, 71, 72, 73, 74, 75, 76, 77, 78, 79, 80, 81, 82, 83, 84, 85, 86, 87, 88, 89, 90, 91, 92, 93, 94, 95, 96, 97, 98, 99, 100, 101, 102, 103, 104, 105, 106, 107, 108, 109, 110, 111, 112, 113, 114, 115, 116, 117, 118, 119, 120]
YNEW:[0, 0, 0, 0, 0, 0, 0, 0, 0, 0, 0, 0, 0, 0, 0, 0, 0, 0, 0, 0, 0, 0, 0, 0, 0, 0, 0, 0, 0, 0, 0, 0, 0, 0, 0, 0, 0, 0, 0, 0, 0, 0, 0, 1, 1, 3, 2, 4, 3, 3, 2, 3, 3, 6, 5, 5, 6, 10, 12, 9, 14, 17, 19, 22, 31, 40, 38, 37, 36, 31, 31, 26, 33, 33, 36, 29, 32, 39, 43, 54, 59, 46, 57, 49, 40, 27, 29, 43, 38, 46, 38, 24, 36, 37, 30, 39, 32, 34, 32, 39, 30, 20, 28, 12, 39, 48, 42, 50, 52, 36, 31, 24, 28, 16, 10, 7, 5, 3, 2, 2]
YTOT: [0, 0, 0, 0, 0, 0, 0, 0, 0, 0, 0, 0, 0, 0, 0, 0, 0, 0, 0, 0, 0, 0, 0, 0, 0, 0, 0, 0, 0, 0, 0, 0, 0, 0, 0, 0, 0, 0, 0, 0, 0, 0, 0, 1, 2, 5, 7, 11, 14, 17, 19, 22, 25, 31, 36, 41, 47, 57, 69, 78, 92, 109, 128, 150, 181, 221, 259, 296, 332, 363, 394, 420, 453, 486, 522, 551, 583, 622, 665, 719, 778, 824, 881, 930, 970, 997, 1026, 1069, 1107, 1153, 1191, 1215, 1251, 1288, 1318, 1357, 1389, 1423, 1455, 1494, 1524, 1544, 1572, 1584, 1623, 1671, 1713, 1763, 1815, 1851, 1882, 1906, 1934, 1950, 1960, 1967, 1972, 1975, 1977, 1979]

INFO: Total Population: 870044
INFO: R0: 2
INFO: Incubation Period: 5
INFO: Illness Period: 7
X:[0, 1, 2, 3, 4, 5, 6, 7, 8, 9, 10, 11, 12, 13, 14, 15, 16, 17, 18, 19, 20, 21, 22, 23, 24, 25, 26, 27, 28, 29, 30, 31, 32, 33, 34, 35, 36, 37, 38, 39, 40, 41, 42, 43, 44, 45, 46, 47, 48, 49, 50, 51, 52, 53, 54, 55, 56, 57, 58, 59, 60, 61, 62, 63, 64, 65, 66, 67, 68, 69, 70, 71, 72, 73, 74, 75, 76, 77, 78, 79, 80, 81, 82, 83, 84, 85, 86, 87, 88, 89, 90, 91, 92, 93, 94, 95, 96, 97, 98, 99, 100, 101, 102, 103, 104, 105, 106, 107, 108, 109, 110, 111, 112, 113, 114, 115, 116, 117, 118, 119, 120]
YNEW:[0, 0, 0, 0, 0, 0, 0, 0, 0, 0, 0, 0, 0, 0, 0, 0, 0, 0, 0, 0, 0, 0, 0, 0, 0, 0, 0, 0, 0, 0, 0, 0, 0, 0, 0, 0, 0, 0, 0, 0, 0, 0, 0, 1, 1, 3, 2, 4, 3, 3, 2, 3, 3, 6, 5, 5, 6, 10, 12, 9, 14, 17, 19, 22, 31, 40, 38, 37, 36, 31, 31, 26, 33, 33, 36, 29, 32, 39, 43, 54, 59, 46, 57, 49, 40, 27, 29, 43, 38, 46, 38, 24, 36, 37, 30, 39, 32, 34, 40, 23, 28, 32, 17, 29, 31, 43, 40, 39, 45, 46, 34, 26, 28, 19, 19, 10, 5, 6, 3, 1]
YTOT: [0, 0, 0, 0, 0, 0, 0, 0, 0, 0, 0, 0, 0, 0, 0, 0, 0, 0, 0, 0, 0, 0, 0, 0, 0, 0, 0, 0, 0, 0, 0, 0, 0, 0, 0, 0, 0, 0, 0, 0, 0, 0, 0, 1, 2, 5, 7, 11, 14, 17, 19, 22, 25, 31, 36, 41, 47, 57, 69, 78, 92, 109, 128, 150, 181, 221, 259, 296, 332, 363, 394, 420, 453, 486, 522, 551, 583, 622, 665, 719, 778, 824, 881, 930, 970, 997, 1026, 1069, 1107, 1153, 1191, 1215, 1251, 1288, 1318, 1357, 1389, 1423, 1463, 1486, 1514, 1546, 1563, 1592, 1623, 1666, 1706, 1745, 1790, 1836, 1870, 1896, 1924, 1943, 1962, 1972, 1977, 1983, 1986, 1987]

INFO: Total Population: 870044
INFO: R0: 2
INFO: Incubation Period: 5
INFO: Illness Period: 7
X:[0, 1, 2, 3, 4, 5, 6, 7, 8, 9, 10, 11, 12, 13, 14, 15, 16, 17, 18, 19, 20, 21, 22, 23, 24, 25, 26, 27, 28, 29, 30, 31, 32, 33, 34, 35, 36, 37, 38, 39, 40, 41, 42, 43, 44, 45, 46, 47, 48, 49, 50, 51, 52, 53, 54, 55, 56, 57, 58, 59, 60, 61, 62, 63, 64, 65, 66, 67, 68, 69, 70, 71, 72, 73, 74, 75, 76, 77, 78, 79, 80, 81, 82, 83, 84, 85, 86, 87, 88, 89, 90, 91, 92, 93, 94, 95, 96, 97, 98, 99, 100, 101, 102, 103, 104, 105, 106, 107, 108, 109, 110, 111, 112, 113, 114, 115, 116, 117, 118, 119, 120]
YNEW:[0, 0, 0, 0, 0, 0, 0, 0, 0, 0, 0, 0, 0, 0, 0, 0, 0, 0, 0, 0, 0, 0, 0, 0, 0, 0, 0, 0, 0, 0, 0, 0, 0, 0, 0, 0, 0, 0, 0, 0, 0, 0, 0, 1, 1, 3, 2, 4, 3, 3, 2, 3, 3, 6, 5, 5, 6, 10, 12, 9, 14, 17, 19, 22, 31, 40, 38, 37, 36, 31, 31, 26, 33, 33, 36, 29, 32, 39, 43, 54, 59, 46, 57, 49, 40, 27, 29, 43, 38, 46, 38, 24, 36, 37, 30, 39, 32, 34, 23, 43, 30, 24, 36, 14, 35, 37, 41, 50, 42, 49, 27, 31, 23, 15, 18, 16, 9, 2, 3, 2]
YTOT: [0, 0, 0, 0, 0, 0, 0, 0, 0, 0, 0, 0, 0, 0, 0, 0, 0, 0, 0, 0, 0, 0, 0, 0, 0, 0, 0, 0, 0, 0, 0, 0, 0, 0, 0, 0, 0, 0, 0, 0, 0, 0, 0, 1, 2, 5, 7, 11, 14, 17, 19, 22, 25, 31, 36, 41, 47, 57, 69, 78, 92, 109, 128, 150, 181, 221, 259, 296, 332, 363, 394, 420, 453, 486, 522, 551, 583, 622, 665, 719, 778, 824, 881, 930, 970, 997, 1026, 1069, 1107, 1153, 1191, 1215, 1251, 1288, 1318, 1357, 1389, 1423, 1446, 1489, 1519, 1543, 1579, 1593, 1628, 1665, 1706, 1756, 1798, 1847, 1874, 1905, 1928, 1943, 1961, 1977, 1986, 1988, 1991, 1993]

INFO: Total Population: 870044
INFO: R0: 2
INFO: Incubation Period: 5
INFO: Illness Period: 7
X:[0, 1, 2, 3, 4, 5, 6, 7, 8, 9, 10, 11, 12, 13, 14, 15, 16, 17, 18, 19, 20, 21, 22, 23, 24, 25, 26, 27, 28, 29, 30, 31, 32, 33, 34, 35, 36, 37, 38, 39, 40, 41, 42, 43, 44, 45, 46, 47, 48, 49, 50, 51, 52, 53, 54, 55, 56, 57, 58, 59, 60, 61, 62, 63, 64, 65, 66, 67, 68, 69, 70, 71, 72, 73, 74, 75, 76, 77, 78, 79, 80, 81, 82, 83, 84, 85, 86, 87, 88, 89, 90, 91, 92, 93, 94, 95, 96, 97, 98, 99, 100, 101, 102, 103, 104, 105, 106, 107, 108, 109, 110, 111, 112, 113, 114, 115, 116, 117, 118, 119]
YNEW:[0, 0, 0, 0, 0, 0, 0, 0, 0, 0, 0, 0, 0, 0, 0, 0, 0, 0, 0, 0, 0, 0, 0, 0, 0, 0, 0, 0, 0, 0, 0, 0, 0, 0, 0, 0, 0, 0, 0, 0, 0, 0, 0, 1, 1, 3, 2, 4, 3, 3, 2, 3, 3, 6, 5, 5, 6, 10, 12, 9, 14, 17, 19, 22, 31, 40, 38, 37, 36, 31, 31, 26, 33, 33, 36, 29, 32, 39, 43, 54, 59, 46, 57, 49, 40, 27, 29, 43, 38, 46, 38, 24, 36, 37, 30, 39, 32, 34, 25, 31, 37, 36, 19, 21, 30, 46, 55, 58, 50, 25, 27, 31, 19, 18, 19, 11, 10, 4, 3]
YTOT: [0, 0, 0, 0, 0, 0, 0, 0, 0, 0, 0, 0, 0, 0, 0, 0, 0, 0, 0, 0, 0, 0, 0, 0, 0, 0, 0, 0, 0, 0, 0, 0, 0, 0, 0, 0, 0, 0, 0, 0, 0, 0, 0, 1, 2, 5, 7, 11, 14, 17, 19, 22, 25, 31, 36, 41, 47, 57, 69, 78, 92, 109, 128, 150, 181, 221, 259, 296, 332, 363, 394, 420, 453, 486, 522, 551, 583, 622, 665, 719, 778, 824, 881, 930, 970, 997, 1026, 1069, 1107, 1153, 1191, 1215, 1251, 1288, 1318, 1357, 1389, 1423, 1448, 1479, 1516, 1552, 1571, 1592, 1622, 1668, 1723, 1781, 1831, 1856, 1883, 1914, 1933, 1951, 1970, 1981, 1991, 1995, 1998]

INFO: Total Population: 870044
INFO: R0: 2
INFO: Incubation Period: 5
INFO: Illness Period: 7
X:[0, 1, 2, 3, 4, 5, 6, 7, 8, 9, 10, 11, 12, 13, 14, 15, 16, 17, 18, 19, 20, 21, 22, 23, 24, 25, 26, 27, 28, 29, 30, 31, 32, 33, 34, 35, 36, 37, 38, 39, 40, 41, 42, 43, 44, 45, 46, 47, 48, 49, 50, 51, 52, 53, 54, 55, 56, 57, 58, 59, 60, 61, 62, 63, 64, 65, 66, 67, 68, 69, 70, 71, 72, 73, 74, 75, 76, 77, 78, 79, 80, 81, 82, 83, 84, 85, 86, 87, 88, 89, 90, 91, 92, 93, 94, 95, 96, 97, 98, 99, 100, 101, 102, 103, 104, 105, 106, 107, 108, 109, 110, 111, 112, 113, 114, 115, 116, 117, 118, 119, 120]
YNEW:[0, 0, 0, 0, 0, 0, 0, 0, 0, 0, 0, 0, 0, 0, 0, 0, 0, 0, 0, 0, 0, 0, 0, 0, 0, 0, 0, 0, 0, 0, 0, 0, 0, 0, 0, 0, 0, 0, 0, 0, 0, 0, 0, 1, 1, 3, 2, 4, 3, 3, 2, 3, 3, 6, 5, 5, 6, 10, 12, 9, 14, 17, 19, 22, 31, 40, 38, 37, 36, 31, 31, 26, 33, 33, 36, 29, 32, 39, 43, 54, 59, 46, 57, 49, 40, 27, 29, 43, 38, 46, 38, 24, 36, 37, 30, 39, 32, 34, 25, 40, 30, 28, 29, 19, 35, 47, 44, 43, 50, 31, 39, 18, 18, 31, 17, 13, 8, 8, 2, 1]
YTOT: [0, 0, 0, 0, 0, 0, 0, 0, 0, 0, 0, 0, 0, 0, 0, 0, 0, 0, 0, 0, 0, 0, 0, 0, 0, 0, 0, 0, 0, 0, 0, 0, 0, 0, 0, 0, 0, 0, 0, 0, 0, 0, 0, 1, 2, 5, 7, 11, 14, 17, 19, 22, 25, 31, 36, 41, 47, 57, 69, 78, 92, 109, 128, 150, 181, 221, 259, 296, 332, 363, 394, 420, 453, 486, 522, 551, 583, 622, 665, 719, 778, 824, 881, 930, 970, 997, 1026, 1069, 1107, 1153, 1191, 1215, 1251, 1288, 1318, 1357, 1389, 1423, 1448, 1488, 1518, 1546, 1575, 1594, 1629, 1676, 1720, 1763, 1813, 1844, 1883, 1901, 1919, 1950, 1967, 1980, 1988, 1996, 1998, 1999]

INFO: Total Population: 870044
INFO: R0: 2
INFO: Incubation Period: 5
INFO: Illness Period: 7
X:[0, 1, 2, 3, 4, 5, 6, 7, 8, 9, 10, 11, 12, 13, 14, 15, 16, 17, 18, 19, 20, 21, 22, 23, 24, 25, 26, 27, 28, 29, 30, 31, 32, 33, 34, 35, 36, 37, 38, 39, 40, 41, 42, 43, 44, 45, 46, 47, 48, 49, 50, 51, 52, 53, 54, 55, 56, 57, 58, 59, 60, 61, 62, 63, 64, 65, 66, 67, 68, 69, 70, 71, 72, 73, 74, 75, 76, 77, 78, 79, 80, 81, 82, 83, 84, 85, 86, 87, 88, 89, 90, 91, 92, 93, 94, 95, 96, 97, 98, 99, 100, 101, 102, 103, 104, 105, 106, 107, 108, 109, 110, 111, 112, 113, 114, 115, 116, 117, 118, 119, 120]
YNEW:[0, 0, 0, 0, 0, 0, 0, 0, 0, 0, 0, 0, 0, 0, 0, 0, 0, 0, 0, 0, 0, 0, 0, 0, 0, 0, 0, 0, 0, 0, 0, 0, 0, 0, 0, 0, 0, 0, 0, 0, 0, 0, 0, 1, 1, 3, 2, 4, 3, 3, 2, 3, 3, 6, 5, 5, 6, 10, 12, 9, 14, 17, 19, 22, 31, 40, 38, 37, 36, 31, 31, 26, 33, 33, 36, 29, 32, 39, 43, 54, 59, 46, 57, 49, 40, 27, 29, 43, 38, 46, 38, 24, 36, 37, 30, 39, 32, 34, 29, 23, 26, 24, 20, 21, 31, 50, 45, 44, 33, 28, 31, 28, 16, 12, 12, 7, 10, 2, 1, 2]
YTOT: [0, 0, 0, 0, 0, 0, 0, 0, 0, 0, 0, 0, 0, 0, 0, 0, 0, 0, 0, 0, 0, 0, 0, 0, 0, 0, 0, 0, 0, 0, 0, 0, 0, 0, 0, 0, 0, 0, 0, 0, 0, 0, 0, 1, 2, 5, 7, 11, 14, 17, 19, 22, 25, 31, 36, 41, 47, 57, 69, 78, 92, 109, 128, 150, 181, 221, 259, 296, 332, 363, 394, 420, 453, 486, 522, 551, 583, 622, 665, 719, 778, 824, 881, 930, 970, 997, 1026, 1069, 1107, 1153, 1191, 1215, 1251, 1288, 1318, 1357, 1389, 1423, 1452, 1475, 1501, 1525, 1545, 1566, 1597, 1647, 1692, 1736, 1769, 1797, 1828, 1856, 1872, 1884, 1896, 1903, 1913, 1915, 1916, 1918]

INFO: Total Population: 870044
INFO: R0: 2
INFO: Incubation Period: 5
INFO: Illness Period: 7
X:[0, 1, 2, 3, 4, 5, 6, 7, 8, 9, 10, 11, 12, 13, 14, 15, 16, 17, 18, 19, 20, 21, 22, 23, 24, 25, 26, 27, 28, 29, 30, 31, 32, 33, 34, 35, 36, 37, 38, 39, 40, 41, 42, 43, 44, 45, 46, 47, 48, 49, 50, 51, 52, 53, 54, 55, 56, 57, 58, 59, 60, 61, 62, 63, 64, 65, 66, 67, 68, 69, 70, 71, 72, 73, 74, 75, 76, 77, 78, 79, 80, 81, 82, 83, 84, 85, 86, 87, 88, 89, 90, 91, 92, 93, 94, 95, 96, 97, 98, 99, 100, 101, 102, 103, 104, 105, 106, 107, 108, 109, 110, 111, 112, 113, 114, 115, 116, 117, 118, 119]
YNEW:[0, 0, 0, 0, 0, 0, 0, 0, 0, 0, 0, 0, 0, 0, 0, 0, 0, 0, 0, 0, 0, 0, 0, 0, 0, 0, 0, 0, 0, 0, 0, 0, 0, 0, 0, 0, 0, 0, 0, 0, 0, 0, 0, 1, 1, 3, 2, 4, 3, 3, 2, 3, 3, 6, 5, 5, 6, 10, 12, 9, 14, 17, 19, 22, 31, 40, 38, 37, 36, 31, 31, 26, 33, 33, 36, 29, 32, 39, 43, 54, 59, 46, 57, 49, 40, 27, 29, 43, 38, 46, 38, 24, 36, 37, 30, 39, 32, 34, 34, 37, 25, 30, 21, 23, 40, 39, 34, 44, 58, 39, 38, 23, 22, 19, 11, 8, 8, 8, 3]
YTOT: [0, 0, 0, 0, 0, 0, 0, 0, 0, 0, 0, 0, 0, 0, 0, 0, 0, 0, 0, 0, 0, 0, 0, 0, 0, 0, 0, 0, 0, 0, 0, 0, 0, 0, 0, 0, 0, 0, 0, 0, 0, 0, 0, 1, 2, 5, 7, 11, 14, 17, 19, 22, 25, 31, 36, 41, 47, 57, 69, 78, 92, 109, 128, 150, 181, 221, 259, 296, 332, 363, 394, 420, 453, 486, 522, 551, 583, 622, 665, 719, 778, 824, 881, 930, 970, 997, 1026, 1069, 1107, 1153, 1191, 1215, 1251, 1288, 1318, 1357, 1389, 1423, 1457, 1494, 1519, 1549, 1570, 1593, 1633, 1672, 1706, 1750, 1808, 1847, 1885, 1908, 1930, 1949, 1960, 1968, 1976, 1984, 1987]

INFO: Total Population: 870044
INFO: R0: 2
INFO: Incubation Period: 5
INFO: Illness Period: 7
X:[0, 1, 2, 3, 4, 5, 6, 7, 8, 9, 10, 11, 12, 13, 14, 15, 16, 17, 18, 19, 20, 21, 22, 23, 24, 25, 26, 27, 28, 29, 30, 31, 32, 33, 34, 35, 36, 37, 38, 39, 40, 41, 42, 43, 44, 45, 46, 47, 48, 49, 50, 51, 52, 53, 54, 55, 56, 57, 58, 59, 60, 61, 62, 63, 64, 65, 66, 67, 68, 69, 70, 71, 72, 73, 74, 75, 76, 77, 78, 79, 80, 81, 82, 83, 84, 85, 86, 87, 88, 89, 90, 91, 92, 93, 94, 95, 96, 97, 98, 99, 100, 101, 102, 103, 104, 105, 106, 107, 108, 109, 110, 111, 112, 113, 114, 115, 116, 117, 118, 119, 120, 121]
YNEW:[0, 0, 0, 0, 0, 0, 0, 0, 0, 0, 0, 0, 0, 0, 0, 0, 0, 0, 0, 0, 0, 0, 0, 0, 0, 0, 0, 0, 0, 0, 0, 0, 0, 0, 0, 0, 0, 0, 0, 0, 0, 0, 0, 1, 1, 3, 2, 4, 3, 3, 2, 3, 3, 6, 5, 5, 6, 10, 12, 9, 14, 17, 19, 22, 31, 40, 38, 37, 36, 31, 31, 26, 33, 33, 36, 29, 32, 39, 43, 54, 59, 46, 57, 49, 40, 27, 29, 43, 38, 46, 38, 24, 36, 37, 30, 39, 32, 34, 41, 33, 31, 16, 20, 17, 37, 52, 48, 41, 46, 41, 25, 20, 22, 22, 9, 6, 5, 1, 3, 1, 1]
YTOT: [0, 0, 0, 0, 0, 0, 0, 0, 0, 0, 0, 0, 0, 0, 0, 0, 0, 0, 0, 0, 0, 0, 0, 0, 0, 0, 0, 0, 0, 0, 0, 0, 0, 0, 0, 0, 0, 0, 0, 0, 0, 0, 0, 1, 2, 5, 7, 11, 14, 17, 19, 22, 25, 31, 36, 41, 47, 57, 69, 78, 92, 109, 128, 150, 181, 221, 259, 296, 332, 363, 394, 420, 453, 486, 522, 551, 583, 622, 665, 719, 778, 824, 881, 930, 970, 997, 1026, 1069, 1107, 1153, 1191, 1215, 1251, 1288, 1318, 1357, 1389, 1423, 1464, 1497, 1528, 1544, 1564, 1581, 1618, 1670, 1718, 1759, 1805, 1846, 1871, 1891, 1913, 1935, 1944, 1950, 1955, 1956, 1959, 1960, 1961]

INFO: Total Population: 870044
INFO: R0: 2
INFO: Incubation Period: 5
INFO: Illness Period: 7
X:[0, 1, 2, 3, 4, 5, 6, 7, 8, 9, 10, 11, 12, 13, 14, 15, 16, 17, 18, 19, 20, 21, 22, 23, 24, 25, 26, 27, 28, 29, 30, 31, 32, 33, 34, 35, 36, 37, 38, 39, 40, 41, 42, 43, 44, 45, 46, 47, 48, 49, 50, 51, 52, 53, 54, 55, 56, 57, 58, 59, 60, 61, 62, 63, 64, 65, 66, 67, 68, 69, 70, 71, 72, 73, 74, 75, 76, 77, 78, 79, 80, 81, 82, 83, 84, 85, 86, 87, 88, 89, 90, 91, 92, 93, 94, 95, 96, 97, 98, 99, 100, 101, 102, 103, 104, 105, 106, 107, 108, 109, 110, 111, 112, 113, 114, 115, 116, 117, 118, 119, 120]
YNEW:[0, 0, 0, 0, 0, 0, 0, 0, 0, 0, 0, 0, 0, 0, 0, 0, 0, 0, 0, 0, 0, 0, 0, 0, 0, 0, 0, 0, 0, 0, 0, 0, 0, 0, 0, 0, 0, 0, 0, 0, 0, 0, 0, 1, 1, 3, 2, 4, 3, 3, 2, 3, 3, 6, 5, 5, 6, 10, 12, 9, 14, 17, 19, 22, 31, 40, 38, 37, 36, 31, 31, 26, 33, 33, 36, 29, 32, 39, 43, 54, 59, 46, 57, 49, 40, 27, 29, 43, 38, 46, 38, 24, 36, 37, 30, 39, 32, 34, 43, 24, 22, 25, 25, 30, 37, 37, 55, 37, 40, 48, 37, 23, 22, 20, 12, 13, 12, 3, 3, 3]
YTOT: [0, 0, 0, 0, 0, 0, 0, 0, 0, 0, 0, 0, 0, 0, 0, 0, 0, 0, 0, 0, 0, 0, 0, 0, 0, 0, 0, 0, 0, 0, 0, 0, 0, 0, 0, 0, 0, 0, 0, 0, 0, 0, 0, 1, 2, 5, 7, 11, 14, 17, 19, 22, 25, 31, 36, 41, 47, 57, 69, 78, 92, 109, 128, 150, 181, 221, 259, 296, 332, 363, 394, 420, 453, 486, 522, 551, 583, 622, 665, 719, 778, 824, 881, 930, 970, 997, 1026, 1069, 1107, 1153, 1191, 1215, 1251, 1288, 1318, 1357, 1389, 1423, 1466, 1490, 1512, 1537, 1562, 1592, 1629, 1666, 1721, 1758, 1798, 1846, 1883, 1906, 1928, 1948, 1960, 1973, 1985, 1988, 1991, 1994]

INFO: Total Population: 870044
INFO: R0: 2
INFO: Incubation Period: 5
INFO: Illness Period: 7
X:[0, 1, 2, 3, 4, 5, 6, 7, 8, 9, 10, 11, 12, 13, 14, 15, 16, 17, 18, 19, 20, 21, 22, 23, 24, 25, 26, 27, 28, 29, 30, 31, 32, 33, 34, 35, 36, 37, 38, 39, 40, 41, 42, 43, 44, 45, 46, 47, 48, 49, 50, 51, 52, 53, 54, 55, 56, 57, 58, 59, 60, 61, 62, 63, 64, 65, 66, 67, 68, 69, 70, 71, 72, 73, 74, 75, 76, 77, 78, 79, 80, 81, 82, 83, 84, 85, 86, 87, 88, 89, 90, 91, 92, 93, 94, 95, 96, 97, 98, 99, 100, 101, 102, 103, 104, 105, 106, 107, 108, 109, 110, 111, 112, 113, 114, 115, 116, 117, 118, 119, 120]
YNEW:[0, 0, 0, 0, 0, 0, 0, 0, 0, 0, 0, 0, 0, 0, 0, 0, 0, 0, 0, 0, 0, 0, 0, 0, 0, 0, 0, 0, 0, 0, 0, 0, 0, 0, 0, 0, 0, 0, 0, 0, 0, 0, 0, 1, 1, 3, 2, 4, 3, 3, 2, 3, 3, 6, 5, 5, 6, 10, 12, 9, 14, 17, 19, 22, 31, 40, 38, 37, 36, 31, 31, 26, 33, 33, 36, 29, 32, 39, 43, 54, 59, 46, 57, 49, 40, 27, 29, 43, 38, 46, 38, 24, 36, 37, 30, 39, 32, 34, 34, 43, 30, 20, 23, 25, 38, 47, 44, 59, 52, 45, 28, 20, 19, 13, 22, 9, 8, 7, 3, 1]
YTOT: [0, 0, 0, 0, 0, 0, 0, 0, 0, 0, 0, 0, 0, 0, 0, 0, 0, 0, 0, 0, 0, 0, 0, 0, 0, 0, 0, 0, 0, 0, 0, 0, 0, 0, 0, 0, 0, 0, 0, 0, 0, 0, 0, 1, 2, 5, 7, 11, 14, 17, 19, 22, 25, 31, 36, 41, 47, 57, 69, 78, 92, 109, 128, 150, 181, 221, 259, 296, 332, 363, 394, 420, 453, 486, 522, 551, 583, 622, 665, 719, 778, 824, 881, 930, 970, 997, 1026, 1069, 1107, 1153, 1191, 1215, 1251, 1288, 1318, 1357, 1389, 1423, 1457, 1500, 1530, 1550, 1573, 1598, 1636, 1683, 1727, 1786, 1838, 1883, 1911, 1931, 1950, 1963, 1985, 1994, 2002, 2009, 2012, 2013]

INFO: Total Population: 870044
INFO: R0: 2
INFO: Incubation Period: 5
INFO: Illness Period: 7
X:[0, 1, 2, 3, 4, 5, 6, 7, 8, 9, 10, 11, 12, 13, 14, 15, 16, 17, 18, 19, 20, 21, 22, 23, 24, 25, 26, 27, 28, 29, 30, 31, 32, 33, 34, 35, 36, 37, 38, 39, 40, 41, 42, 43, 44, 45, 46, 47, 48, 49, 50, 51, 52, 53, 54, 55, 56, 57, 58, 59, 60, 61, 62, 63, 64, 65, 66, 67, 68, 69, 70, 71, 72, 73, 74, 75, 76, 77, 78, 79, 80, 81, 82, 83, 84, 85, 86, 87, 88, 89, 90, 91, 92, 93, 94, 95, 96, 97, 98, 99, 100, 101, 102, 103, 104, 105, 106, 107, 108, 109, 110, 111, 112, 113, 114, 115, 116, 117, 118, 119, 120]
YNEW:[0, 0, 0, 0, 0, 0, 0, 0, 0, 0, 0, 0, 0, 0, 0, 0, 0, 0, 0, 0, 0, 0, 0, 0, 0, 0, 0, 0, 0, 0, 0, 0, 0, 0, 0, 0, 0, 0, 0, 0, 0, 0, 0, 1, 1, 3, 2, 4, 3, 3, 2, 3, 3, 6, 5, 5, 6, 10, 12, 9, 14, 17, 19, 22, 31, 40, 38, 37, 36, 31, 31, 26, 33, 33, 36, 29, 32, 39, 43, 54, 59, 46, 57, 49, 40, 27, 29, 43, 38, 46, 38, 24, 36, 37, 30, 39, 32, 34, 23, 30, 37, 18, 33, 36, 26, 51, 44, 52, 41, 38, 28, 34, 29, 17, 15, 10, 8, 7, 2, 4]
YTOT: [0, 0, 0, 0, 0, 0, 0, 0, 0, 0, 0, 0, 0, 0, 0, 0, 0, 0, 0, 0, 0, 0, 0, 0, 0, 0, 0, 0, 0, 0, 0, 0, 0, 0, 0, 0, 0, 0, 0, 0, 0, 0, 0, 1, 2, 5, 7, 11, 14, 17, 19, 22, 25, 31, 36, 41, 47, 57, 69, 78, 92, 109, 128, 150, 181, 221, 259, 296, 332, 363, 394, 420, 453, 486, 522, 551, 583, 622, 665, 719, 778, 824, 881, 930, 970, 997, 1026, 1069, 1107, 1153, 1191, 1215, 1251, 1288, 1318, 1357, 1389, 1423, 1446, 1476, 1513, 1531, 1564, 1600, 1626, 1677, 1721, 1773, 1814, 1852, 1880, 1914, 1943, 1960, 1975, 1985, 1993, 2000, 2002, 2006]

END