

INFO: Total Population: 870044
INFO: R0: 2
INFO: Incubation Period: 5
INFO: Illness Period: 7
X:[0, 1, 2, 3, 4, 5, 6, 7, 8, 9, 10, 11, 12, 13, 14, 15, 16, 17, 18, 19, 20, 21, 22, 23, 24, 25, 26, 27, 28, 29, 30, 31, 32, 33, 34, 35, 36, 37, 38, 39, 40, 41, 42, 43, 44, 45, 46, 47, 48, 49, 50, 51, 52, 53, 54, 55, 56, 57, 58, 59, 60, 61, 62, 63, 64, 65, 66, 67, 68, 69, 70, 71, 72, 73, 74, 75, 76, 77, 78, 79, 80, 81, 82, 83, 84, 85, 86, 87, 88, 89, 90, 91, 92, 93, 94, 95, 96, 97, 98, 99, 100, 101, 102, 103, 104, 105, 106, 107, 108, 109, 110, 111, 112, 113, 114, 115, 116, 117, 118, 119, 120]
YNEW:[0, 0, 0, 0, 0, 0, 0, 0, 0, 0, 0, 0, 0, 0, 0, 0, 0, 0, 0, 0, 0, 0, 0, 0, 0, 0, 0, 0, 0, 0, 0, 0, 0, 0, 0, 0, 0, 0, 0, 0, 0, 0, 0, 1, 1, 3, 2, 4, 3, 3, 2, 3, 3, 6, 5, 5, 6, 10, 12, 9, 14, 17, 19, 22, 31, 40, 38, 37, 36, 31, 31, 26, 33, 33, 36, 29, 32, 39, 43, 54, 59, 46, 57, 49, 40, 27, 29, 43, 38, 46, 38, 24, 36, 37, 30, 39, 32, 34, 38, 34, 27, 33, 23, 34, 29, 28, 49, 52, 53, 46, 42, 22, 21, 22, 16, 15, 9, 5, 2, 4]
YTOT: [0, 0, 0, 0, 0, 0, 0, 0, 0, 0, 0, 0, 0, 0, 0, 0, 0, 0, 0, 0, 0, 0, 0, 0, 0, 0, 0, 0, 0, 0, 0, 0, 0, 0, 0, 0, 0, 0, 0, 0, 0, 0, 0, 1, 2, 5, 7, 11, 14, 17, 19, 22, 25, 31, 36, 41, 47, 57, 69, 78, 92, 109, 128, 150, 181, 221, 259, 296, 332, 363, 394, 420, 453, 486, 522, 551, 583, 622, 665, 719, 778, 824, 881, 930, 970, 997, 1026, 1069, 1107, 1153, 1191, 1215, 1251, 1288, 1318, 1357, 1389, 1423, 1461, 1495, 1522, 1555, 1578, 1612, 1641, 1669, 1718, 1770, 1823, 1869, 1911, 1933, 1954, 1976, 1992, 2007, 2016, 2021, 2023, 2027]

INFO: Total Population: 870044
INFO: R0: 2
INFO: Incubation Period: 5
INFO: Illness Period: 7
X:[0, 1, 2, 3, 4, 5, 6, 7, 8, 9, 10, 11, 12, 13, 14, 15, 16, 17, 18, 19, 20, 21, 22, 23, 24, 25, 26, 27, 28, 29, 30, 31, 32, 33, 34, 35, 36, 37, 38, 39, 40, 41, 42, 43, 44, 45, 46, 47, 48, 49, 50, 51, 52, 53, 54, 55, 56, 57, 58, 59, 60, 61, 62, 63, 64, 65, 66, 67, 68, 69, 70, 71, 72, 73, 74, 75, 76, 77, 78, 79, 80, 81, 82, 83, 84, 85, 86, 87, 88, 89, 90, 91, 92, 93, 94, 95, 96, 97, 98, 99, 100, 101, 102, 103, 104, 105, 106, 107, 108, 109, 110, 111, 112, 113, 114, 115, 116, 117, 118, 119, 120]
YNEW:[0, 0, 0, 0, 0, 0, 0, 0, 0, 0, 0, 0, 0, 0, 0, 0, 0, 0, 0, 0, 0, 0, 0, 0, 0, 0, 0, 0, 0, 0, 0, 0, 0, 0, 0, 0, 0, 0, 0, 0, 0, 0, 0, 1, 1, 3, 2, 4, 3, 3, 2, 3, 3, 6, 5, 5, 6, 10, 12, 9, 14, 17, 19, 22, 31, 40, 38, 37, 36, 31, 31, 26, 33, 33, 36, 29, 32, 39, 43, 54, 59, 46, 57, 49, 40, 27, 29, 43, 38, 46, 38, 24, 36, 37, 30, 39, 32, 34, 34, 44, 28, 27, 27, 18, 37, 33, 49, 50, 54, 37, 25, 31, 23, 21, 14, 5, 8, 3, 2, 1]
YTOT: [0, 0, 0, 0, 0, 0, 0, 0, 0, 0, 0, 0, 0, 0, 0, 0, 0, 0, 0, 0, 0, 0, 0, 0, 0, 0, 0, 0, 0, 0, 0, 0, 0, 0, 0, 0, 0, 0, 0, 0, 0, 0, 0, 1, 2, 5, 7, 11, 14, 17, 19, 22, 25, 31, 36, 41, 47, 57, 69, 78, 92, 109, 128, 150, 181, 221, 259, 296, 332, 363, 394, 420, 453, 486, 522, 551, 583, 622, 665, 719, 778, 824, 881, 930, 970, 997, 1026, 1069, 1107, 1153, 1191, 1215, 1251, 1288, 1318, 1357, 1389, 1423, 1457, 1501, 1529, 1556, 1583, 1601, 1638, 1671, 1720, 1770, 1824, 1861, 1886, 1917, 1940, 1961, 1975, 1980, 1988, 1991, 1993, 1994]

INFO: Total Population: 870044
INFO: R0: 2
INFO: Incubation Period: 5
INFO: Illness Period: 7
X:[0, 1, 2, 3, 4, 5, 6, 7, 8, 9, 10, 11, 12, 13, 14, 15, 16, 17, 18, 19, 20, 21, 22, 23, 24, 25, 26, 27, 28, 29, 30, 31, 32, 33, 34, 35, 36, 37, 38, 39, 40, 41, 42, 43, 44, 45, 46, 47, 48, 49, 50, 51, 52, 53, 54, 55, 56, 57, 58, 59, 60, 61, 62, 63, 64, 65, 66, 67, 68, 69, 70, 71, 72, 73, 74, 75, 76, 77, 78, 79, 80, 81, 82, 83, 84, 85, 86, 87, 88, 89, 90, 91, 92, 93, 94, 95, 96, 97, 98, 99, 100, 101, 102, 103, 104, 105, 106, 107, 108, 109, 110, 111, 112, 113, 114, 115, 116, 117, 118, 119, 120]
YNEW:[0, 0, 0, 0, 0, 0, 0, 0, 0, 0, 0, 0, 0, 0, 0, 0, 0, 0, 0, 0, 0, 0, 0, 0, 0, 0, 0, 0, 0, 0, 0, 0, 0, 0, 0, 0, 0, 0, 0, 0, 0, 0, 0, 1, 1, 3, 2, 4, 3, 3, 2, 3, 3, 6, 5, 5, 6, 10, 12, 9, 14, 17, 19, 22, 31, 40, 38, 37, 36, 31, 31, 26, 33, 33, 36, 29, 32, 39, 43, 54, 59, 46, 57, 49, 40, 27, 29, 43, 38, 46, 38, 24, 36, 37, 30, 39, 32, 34, 26, 44, 27, 30, 25, 26, 31, 38, 42, 38, 49, 33, 34, 26, 20, 25, 21, 17, 8, 6, 4, 1]
YTOT: [0, 0, 0, 0, 0, 0, 0, 0, 0, 0, 0, 0, 0, 0, 0, 0, 0, 0, 0, 0, 0, 0, 0, 0, 0, 0, 0, 0, 0, 0, 0, 0, 0, 0, 0, 0, 0, 0, 0, 0, 0, 0, 0, 1, 2, 5, 7, 11, 14, 17, 19, 22, 25, 31, 36, 41, 47, 57, 69, 78, 92, 109, 128, 150, 181, 221, 259, 296, 332, 363, 394, 420, 453, 486, 522, 551, 583, 622, 665, 719, 778, 824, 881, 930, 970, 997, 1026, 1069, 1107, 1153, 1191, 1215, 1251, 1288, 1318, 1357, 1389, 1423, 1449, 1493, 1520, 1550, 1575, 1601, 1632, 1670, 1712, 1750, 1799, 1832, 1866, 1892, 1912, 1937, 1958, 1975, 1983, 1989, 1993, 1994]

INFO: Total Population: 870044
INFO: R0: 2
INFO: Incubation Period: 5
INFO: Illness Period: 7
X:[0, 1, 2, 3, 4, 5, 6, 7, 8, 9, 10, 11, 12, 13, 14, 15, 16, 17, 18, 19, 20, 21, 22, 23, 24, 25, 26, 27, 28, 29, 30, 31, 32, 33, 34, 35, 36, 37, 38, 39, 40, 41, 42, 43, 44, 45, 46, 47, 48, 49, 50, 51, 52, 53, 54, 55, 56, 57, 58, 59, 60, 61, 62, 63, 64, 65, 66, 67, 68, 69, 70, 71, 72, 73, 74, 75, 76, 77, 78, 79, 80, 81, 82, 83, 84, 85, 86, 87, 88, 89, 90, 91, 92, 93, 94, 95, 96, 97, 98, 99, 100, 101, 102, 103, 104, 105, 106, 107, 108, 109, 110, 111, 112, 113, 114, 115, 116, 117, 118, 119, 120]
YNEW:[0, 0, 0, 0, 0, 0, 0, 0, 0, 0, 0, 0, 0, 0, 0, 0, 0, 0, 0, 0, 0, 0, 0, 0, 0, 0, 0, 0, 0, 0, 0, 0, 0, 0, 0, 0, 0, 0, 0, 0, 0, 0, 0, 1, 1, 3, 2, 4, 3, 3, 2, 3, 3, 6, 5, 5, 6, 10, 12, 9, 14, 17, 19, 22, 31, 40, 38, 37, 36, 31, 31, 26, 33, 33, 36, 29, 32, 39, 43, 54, 59, 46, 57, 49, 40, 27, 29, 43, 38, 46, 38, 24, 36, 37, 30, 39, 32, 34, 40, 37, 31, 29, 22, 33, 48, 29, 47, 41, 47, 40, 25, 31, 30, 16, 15, 17, 10, 5, 2, 1]
YTOT: [0, 0, 0, 0, 0, 0, 0, 0, 0, 0, 0, 0, 0, 0, 0, 0, 0, 0, 0, 0, 0, 0, 0, 0, 0, 0, 0, 0, 0, 0, 0, 0, 0, 0, 0, 0, 0, 0, 0, 0, 0, 0, 0, 1, 2, 5, 7, 11, 14, 17, 19, 22, 25, 31, 36, 41, 47, 57, 69, 78, 92, 109, 128, 150, 181, 221, 259, 296, 332, 363, 394, 420, 453, 486, 522, 551, 583, 622, 665, 719, 778, 824, 881, 930, 970, 997, 1026, 1069, 1107, 1153, 1191, 1215, 1251, 1288, 1318, 1357, 1389, 1423, 1463, 1500, 1531, 1560, 1582, 1615, 1663, 1692, 1739, 1780, 1827, 1867, 1892, 1923, 1953, 1969, 1984, 2001, 2011, 2016, 2018, 2019]

INFO: Total Population: 870044
INFO: R0: 2
INFO: Incubation Period: 5
INFO: Illness Period: 7
X:[0, 1, 2, 3, 4, 5, 6, 7, 8, 9, 10, 11, 12, 13, 14, 15, 16, 17, 18, 19, 20, 21, 22, 23, 24, 25, 26, 27, 28, 29, 30, 31, 32, 33, 34, 35, 36, 37, 38, 39, 40, 41, 42, 43, 44, 45, 46, 47, 48, 49, 50, 51, 52, 53, 54, 55, 56, 57, 58, 59, 60, 61, 62, 63, 64, 65, 66, 67, 68, 69, 70, 71, 72, 73, 74, 75, 76, 77, 78, 79, 80, 81, 82, 83, 84, 85, 86, 87, 88, 89, 90, 91, 92, 93, 94, 95, 96, 97, 98, 99, 100, 101, 102, 103, 104, 105, 106, 107, 108, 109, 110, 111, 112, 113, 114, 115, 116, 117, 118, 119, 120]
YNEW:[0, 0, 0, 0, 0, 0, 0, 0, 0, 0, 0, 0, 0, 0, 0, 0, 0, 0, 0, 0, 0, 0, 0, 0, 0, 0, 0, 0, 0, 0, 0, 0, 0, 0, 0, 0, 0, 0, 0, 0, 0, 0, 0, 1, 1, 3, 2, 4, 3, 3, 2, 3, 3, 6, 5, 5, 6, 10, 12, 9, 14, 17, 19, 22, 31, 40, 38, 37, 36, 31, 31, 26, 33, 33, 36, 29, 32, 39, 43, 54, 59, 46, 57, 49, 40, 27, 29, 43, 38, 46, 38, 24, 36, 37, 30, 39, 32, 34, 30, 36, 23, 28, 22, 20, 33, 47, 43, 35, 36, 27, 32, 26, 25, 11, 12, 12, 13, 5, 3, 1]
YTOT: [0, 0, 0, 0, 0, 0, 0, 0, 0, 0, 0, 0, 0, 0, 0, 0, 0, 0, 0, 0, 0, 0, 0, 0, 0, 0, 0, 0, 0, 0, 0, 0, 0, 0, 0, 0, 0, 0, 0, 0, 0, 0, 0, 1, 2, 5, 7, 11, 14, 17, 19, 22, 25, 31, 36, 41, 47, 57, 69, 78, 92, 109, 128, 150, 181, 221, 259, 296, 332, 363, 394, 420, 453, 486, 522, 551, 583, 622, 665, 719, 778, 824, 881, 930, 970, 997, 1026, 1069, 1107, 1153, 1191, 1215, 1251, 1288, 1318, 1357, 1389, 1423, 1453, 1489, 1512, 1540, 1562, 1582, 1615, 1662, 1705, 1740, 1776, 1803, 1835, 1861, 1886, 1897, 1909, 1921, 1934, 1939, 1942, 1943]

INFO: Total Population: 870044
INFO: R0: 2
INFO: Incubation Period: 5
INFO: Illness Period: 7
X:[0, 1, 2, 3, 4, 5, 6, 7, 8, 9, 10, 11, 12, 13, 14, 15, 16, 17, 18, 19, 20, 21, 22, 23, 24, 25, 26, 27, 28, 29, 30, 31, 32, 33, 34, 35, 36, 37, 38, 39, 40, 41, 42, 43, 44, 45, 46, 47, 48, 49, 50, 51, 52, 53, 54, 55, 56, 57, 58, 59, 60, 61, 62, 63, 64, 65, 66, 67, 68, 69, 70, 71, 72, 73, 74, 75, 76, 77, 78, 79, 80, 81, 82, 83, 84, 85, 86, 87, 88, 89, 90, 91, 92, 93, 94, 95, 96, 97, 98, 99, 100, 101, 102, 103, 104, 105, 106, 107, 108, 109, 110, 111, 112, 113, 114, 115, 116, 117, 118, 119, 120, 121]
YNEW:[0, 0, 0, 0, 0, 0, 0, 0, 0, 0, 0, 0, 0, 0, 0, 0, 0, 0, 0, 0, 0, 0, 0, 0, 0, 0, 0, 0, 0, 0, 0, 0, 0, 0, 0, 0, 0, 0, 0, 0, 0, 0, 0, 1, 1, 3, 2, 4, 3, 3, 2, 3, 3, 6, 5, 5, 6, 10, 12, 9, 14, 17, 19, 22, 31, 40, 38, 37, 36, 31, 31, 26, 33, 33, 36, 29, 32, 39, 43, 54, 59, 46, 57, 49, 40, 27, 29, 43, 38, 46, 38, 24, 36, 37, 30, 39, 32, 34, 31, 40, 24, 29, 27, 18, 42, 40, 45, 45, 39, 41, 33, 25, 19, 14, 17, 15, 6, 6, 2, 2, 1]
YTOT: [0, 0, 0, 0, 0, 0, 0, 0, 0, 0, 0, 0, 0, 0, 0, 0, 0, 0, 0, 0, 0, 0, 0, 0, 0, 0, 0, 0, 0, 0, 0, 0, 0, 0, 0, 0, 0, 0, 0, 0, 0, 0, 0, 1, 2, 5, 7, 11, 14, 17, 19, 22, 25, 31, 36, 41, 47, 57, 69, 78, 92, 109, 128, 150, 181, 221, 259, 296, 332, 363, 394, 420, 453, 486, 522, 551, 583, 622, 665, 719, 778, 824, 881, 930, 970, 997, 1026, 1069, 1107, 1153, 1191, 1215, 1251, 1288, 1318, 1357, 1389, 1423, 1454, 1494, 1518, 1547, 1574, 1592, 1634, 1674, 1719, 1764, 1803, 1844, 1877, 1902, 1921, 1935, 1952, 1967, 1973, 1979, 1981, 1983, 1984]

INFO: Total Population: 870044
INFO: R0: 2
INFO: Incubation Period: 5
INFO: Illness Period: 7
X:[0, 1, 2, 3, 4, 5, 6, 7, 8, 9, 10, 11, 12, 13, 14, 15, 16, 17, 18, 19, 20, 21, 22, 23, 24, 25, 26, 27, 28, 29, 30, 31, 32, 33, 34, 35, 36, 37, 38, 39, 40, 41, 42, 43, 44, 45, 46, 47, 48, 49, 50, 51, 52, 53, 54, 55, 56, 57, 58, 59, 60, 61, 62, 63, 64, 65, 66, 67, 68, 69, 70, 71, 72, 73, 74, 75, 76, 77, 78, 79, 80, 81, 82, 83, 84, 85, 86, 87, 88, 89, 90, 91, 92, 93, 94, 95, 96, 97, 98, 99, 100, 101, 102, 103, 104, 105, 106, 107, 108, 109, 110, 111, 112, 113, 114, 115, 116, 117, 118]
YNEW:[0, 0, 0, 0, 0, 0, 0, 0, 0, 0, 0, 0, 0, 0, 0, 0, 0, 0, 0, 0, 0, 0, 0, 0, 0, 0, 0, 0, 0, 0, 0, 0, 0, 0, 0, 0, 0, 0, 0, 0, 0, 0, 0, 1, 1, 3, 2, 4, 3, 3, 2, 3, 3, 6, 5, 5, 6, 10, 12, 9, 14, 17, 19, 22, 31, 40, 38, 37, 36, 31, 31, 26, 33, 33, 36, 29, 32, 39, 43, 54, 59, 46, 57, 49, 40, 27, 29, 43, 38, 46, 38, 24, 36, 37, 30, 39, 32, 34, 31, 35, 31, 20, 29, 24, 46, 47, 30, 38, 46, 42, 39, 27, 23, 17, 10, 15, 5, 5]
YTOT: [0, 0, 0, 0, 0, 0, 0, 0, 0, 0, 0, 0, 0, 0, 0, 0, 0, 0, 0, 0, 0, 0, 0, 0, 0, 0, 0, 0, 0, 0, 0, 0, 0, 0, 0, 0, 0, 0, 0, 0, 0, 0, 0, 1, 2, 5, 7, 11, 14, 17, 19, 22, 25, 31, 36, 41, 47, 57, 69, 78, 92, 109, 128, 150, 181, 221, 259, 296, 332, 363, 394, 420, 453, 486, 522, 551, 583, 622, 665, 719, 778, 824, 881, 930, 970, 997, 1026, 1069, 1107, 1153, 1191, 1215, 1251, 1288, 1318, 1357, 1389, 1423, 1454, 1489, 1520, 1540, 1569, 1593, 1639, 1686, 1716, 1754, 1800, 1842, 1881, 1908, 1931, 1948, 1958, 1973, 1978, 1983]

INFO: Total Population: 870044
INFO: R0: 2
INFO: Incubation Period: 5
INFO: Illness Period: 7
X:[0, 1, 2, 3, 4, 5, 6, 7, 8, 9, 10, 11, 12, 13, 14, 15, 16, 17, 18, 19, 20, 21, 22, 23, 24, 25, 26, 27, 28, 29, 30, 31, 32, 33, 34, 35, 36, 37, 38, 39, 40, 41, 42, 43, 44, 45, 46, 47, 48, 49, 50, 51, 52, 53, 54, 55, 56, 57, 58, 59, 60, 61, 62, 63, 64, 65, 66, 67, 68, 69, 70, 71, 72, 73, 74, 75, 76, 77, 78, 79, 80, 81, 82, 83, 84, 85, 86, 87, 88, 89, 90, 91, 92, 93, 94, 95, 96, 97, 98, 99, 100, 101, 102, 103, 104, 105, 106, 107, 108, 109, 110, 111, 112, 113, 114, 115, 116, 117, 118, 119]
YNEW:[0, 0, 0, 0, 0, 0, 0, 0, 0, 0, 0, 0, 0, 0, 0, 0, 0, 0, 0, 0, 0, 0, 0, 0, 0, 0, 0, 0, 0, 0, 0, 0, 0, 0, 0, 0, 0, 0, 0, 0, 0, 0, 0, 1, 1, 3, 2, 4, 3, 3, 2, 3, 3, 6, 5, 5, 6, 10, 12, 9, 14, 17, 19, 22, 31, 40, 38, 37, 36, 31, 31, 26, 33, 33, 36, 29, 32, 39, 43, 54, 59, 46, 57, 49, 40, 27, 29, 43, 38, 46, 38, 24, 36, 37, 30, 39, 32, 34, 34, 36, 26, 18, 24, 24, 39, 33, 47, 50, 51, 39, 18, 23, 17, 17, 12, 9, 6, 4, 3]
YTOT: [0, 0, 0, 0, 0, 0, 0, 0, 0, 0, 0, 0, 0, 0, 0, 0, 0, 0, 0, 0, 0, 0, 0, 0, 0, 0, 0, 0, 0, 0, 0, 0, 0, 0, 0, 0, 0, 0, 0, 0, 0, 0, 0, 1, 2, 5, 7, 11, 14, 17, 19, 22, 25, 31, 36, 41, 47, 57, 69, 78, 92, 109, 128, 150, 181, 221, 259, 296, 332, 363, 394, 420, 453, 486, 522, 551, 583, 622, 665, 719, 778, 824, 881, 930, 970, 997, 1026, 1069, 1107, 1153, 1191, 1215, 1251, 1288, 1318, 1357, 1389, 1423, 1457, 1493, 1519, 1537, 1561, 1585, 1624, 1657, 1704, 1754, 1805, 1844, 1862, 1885, 1902, 1919, 1931, 1940, 1946, 1950, 1953]

INFO: Total Population: 870044
INFO: R0: 2
INFO: Incubation Period: 5
INFO: Illness Period: 7
X:[0, 1, 2, 3, 4, 5, 6, 7, 8, 9, 10, 11, 12, 13, 14, 15, 16, 17, 18, 19, 20, 21, 22, 23, 24, 25, 26, 27, 28, 29, 30, 31, 32, 33, 34, 35, 36, 37, 38, 39, 40, 41, 42, 43, 44, 45, 46, 47, 48, 49, 50, 51, 52, 53, 54, 55, 56, 57, 58, 59, 60, 61, 62, 63, 64, 65, 66, 67, 68, 69, 70, 71, 72, 73, 74, 75, 76, 77, 78, 79, 80, 81, 82, 83, 84, 85, 86, 87, 88, 89, 90, 91, 92, 93, 94, 95, 96, 97, 98, 99, 100, 101, 102, 103, 104, 105, 106, 107, 108, 109, 110, 111, 112, 113, 114, 115, 116, 117, 118, 119, 120]
YNEW:[0, 0, 0, 0, 0, 0, 0, 0, 0, 0, 0, 0, 0, 0, 0, 0, 0, 0, 0, 0, 0, 0, 0, 0, 0, 0, 0, 0, 0, 0, 0, 0, 0, 0, 0, 0, 0, 0, 0, 0, 0, 0, 0, 1, 1, 3, 2, 4, 3, 3, 2, 3, 3, 6, 5, 5, 6, 10, 12, 9, 14, 17, 19, 22, 31, 40, 38, 37, 36, 31, 31, 26, 33, 33, 36, 29, 32, 39, 43, 54, 59, 46, 57, 49, 40, 27, 29, 43, 38, 46, 38, 24, 36, 37, 30, 39, 32, 34, 32, 35, 24, 25, 26, 19, 35, 54, 36, 44, 44, 40, 27, 27, 17, 19, 11, 7, 9, 2, 3, 1]
YTOT: [0, 0, 0, 0, 0, 0, 0, 0, 0, 0, 0, 0, 0, 0, 0, 0, 0, 0, 0, 0, 0, 0, 0, 0, 0, 0, 0, 0, 0, 0, 0, 0, 0, 0, 0, 0, 0, 0, 0, 0, 0, 0, 0, 1, 2, 5, 7, 11, 14, 17, 19, 22, 25, 31, 36, 41, 47, 57, 69, 78, 92, 109, 128, 150, 181, 221, 259, 296, 332, 363, 394, 420, 453, 486, 522, 551, 583, 622, 665, 719, 778, 824, 881, 930, 970, 997, 1026, 1069, 1107, 1153, 1191, 1215, 1251, 1288, 1318, 1357, 1389, 1423, 1455, 1490, 1514, 1539, 1565, 1584, 1619, 1673, 1709, 1753, 1797, 1837, 1864, 1891, 1908, 1927, 1938, 1945, 1954, 1956, 1959, 1960]

INFO: Total Population: 870044
INFO: R0: 2
INFO: Incubation Period: 5
INFO: Illness Period: 7
X:[0, 1, 2, 3, 4, 5, 6, 7, 8, 9, 10, 11, 12, 13, 14, 15, 16, 17, 18, 19, 20, 21, 22, 23, 24, 25, 26, 27, 28, 29, 30, 31, 32, 33, 34, 35, 36, 37, 38, 39, 40, 41, 42, 43, 44, 45, 46, 47, 48, 49, 50, 51, 52, 53, 54, 55, 56, 57, 58, 59, 60, 61, 62, 63, 64, 65, 66, 67, 68, 69, 70, 71, 72, 73, 74, 75, 76, 77, 78, 79, 80, 81, 82, 83, 84, 85, 86, 87, 88, 89, 90, 91, 92, 93, 94, 95, 96, 97, 98, 99, 100, 101, 102, 103, 104, 105, 106, 107, 108, 109, 110, 111, 112, 113, 114, 115, 116, 117, 118, 119, 120]
YNEW:[0, 0, 0, 0, 0, 0, 0, 0, 0, 0, 0, 0, 0, 0, 0, 0, 0, 0, 0, 0, 0, 0, 0, 0, 0, 0, 0, 0, 0, 0, 0, 0, 0, 0, 0, 0, 0, 0, 0, 0, 0, 0, 0, 1, 1, 3, 2, 4, 3, 3, 2, 3, 3, 6, 5, 5, 6, 10, 12, 9, 14, 17, 19, 22, 31, 40, 38, 37, 36, 31, 31, 26, 33, 33, 36, 29, 32, 39, 43, 54, 59, 46, 57, 49, 40, 27, 29, 43, 38, 46, 38, 24, 36, 37, 30, 39, 32, 34, 29, 19, 26, 28, 24, 20, 32, 29, 36, 35, 52, 27, 32, 23, 15, 26, 12, 10, 5, 4, 1, 1]
YTOT: [0, 0, 0, 0, 0, 0, 0, 0, 0, 0, 0, 0, 0, 0, 0, 0, 0, 0, 0, 0, 0, 0, 0, 0, 0, 0, 0, 0, 0, 0, 0, 0, 0, 0, 0, 0, 0, 0, 0, 0, 0, 0, 0, 1, 2, 5, 7, 11, 14, 17, 19, 22, 25, 31, 36, 41, 47, 57, 69, 78, 92, 109, 128, 150, 181, 221, 259, 296, 332, 363, 394, 420, 453, 486, 522, 551, 583, 622, 665, 719, 778, 824, 881, 930, 970, 997, 1026, 1069, 1107, 1153, 1191, 1215, 1251, 1288, 1318, 1357, 1389, 1423, 1452, 1471, 1497, 1525, 1549, 1569, 1601, 1630, 1666, 1701, 1753, 1780, 1812, 1835, 1850, 1876, 1888, 1898, 1903, 1907, 1908, 1909]

INFO: Total Population: 870044
INFO: R0: 2
INFO: Incubation Period: 5
INFO: Illness Period: 7
X:[0, 1, 2, 3, 4, 5, 6, 7, 8, 9, 10, 11, 12, 13, 14, 15, 16, 17, 18, 19, 20, 21, 22, 23, 24, 25, 26, 27, 28, 29, 30, 31, 32, 33, 34, 35, 36, 37, 38, 39, 40, 41, 42, 43, 44, 45, 46, 47, 48, 49, 50, 51, 52, 53, 54, 55, 56, 57, 58, 59, 60, 61, 62, 63, 64, 65, 66, 67, 68, 69, 70, 71, 72, 73, 74, 75, 76, 77, 78, 79, 80, 81, 82, 83, 84, 85, 86, 87, 88, 89, 90, 91, 92, 93, 94, 95, 96, 97, 98, 99, 100, 101, 102, 103, 104, 105, 106, 107, 108, 109, 110, 111, 112, 113, 114, 115, 116, 117, 118, 119, 120]
YNEW:[0, 0, 0, 0, 0, 0, 0, 0, 0, 0, 0, 0, 0, 0, 0, 0, 0, 0, 0, 0, 0, 0, 0, 0, 0, 0, 0, 0, 0, 0, 0, 0, 0, 0, 0, 0, 0, 0, 0, 0, 0, 0, 0, 1, 1, 3, 2, 4, 3, 3, 2, 3, 3, 6, 5, 5, 6, 10, 12, 9, 14, 17, 19, 22, 31, 40, 38, 37, 36, 31, 31, 26, 33, 33, 36, 29, 32, 39, 43, 54, 59, 46, 57, 49, 40, 27, 29, 43, 38, 46, 38, 24, 36, 37, 30, 39, 32, 34, 34, 31, 30, 28, 22, 36, 43, 38, 44, 33, 55, 35, 34, 27, 25, 20, 16, 14, 9, 3, 4, 2]
YTOT: [0, 0, 0, 0, 0, 0, 0, 0, 0, 0, 0, 0, 0, 0, 0, 0, 0, 0, 0, 0, 0, 0, 0, 0, 0, 0, 0, 0, 0, 0, 0, 0, 0, 0, 0, 0, 0, 0, 0, 0, 0, 0, 0, 1, 2, 5, 7, 11, 14, 17, 19, 22, 25, 31, 36, 41, 47, 57, 69, 78, 92, 109, 128, 150, 181, 221, 259, 296, 332, 363, 394, 420, 453, 486, 522, 551, 583, 622, 665, 719, 778, 824, 881, 930, 970, 997, 1026, 1069, 1107, 1153, 1191, 1215, 1251, 1288, 1318, 1357, 1389, 1423, 1457, 1488, 1518, 1546, 1568, 1604, 1647, 1685, 1729, 1762, 1817, 1852, 1886, 1913, 1938, 1958, 1974, 1988, 1997, 2000, 2004, 2006]

INFO: Total Population: 870044
INFO: R0: 2
INFO: Incubation Period: 5
INFO: Illness Period: 7
X:[0, 1, 2, 3, 4, 5, 6, 7, 8, 9, 10, 11, 12, 13, 14, 15, 16, 17, 18, 19, 20, 21, 22, 23, 24, 25, 26, 27, 28, 29, 30, 31, 32, 33, 34, 35, 36, 37, 38, 39, 40, 41, 42, 43, 44, 45, 46, 47, 48, 49, 50, 51, 52, 53, 54, 55, 56, 57, 58, 59, 60, 61, 62, 63, 64, 65, 66, 67, 68, 69, 70, 71, 72, 73, 74, 75, 76, 77, 78, 79, 80, 81, 82, 83, 84, 85, 86, 87, 88, 89, 90, 91, 92, 93, 94, 95, 96, 97, 98, 99, 100, 101, 102, 103, 104, 105, 106, 107, 108, 109, 110, 111, 112, 113, 114, 115, 116, 117, 118, 119, 120]
YNEW:[0, 0, 0, 0, 0, 0, 0, 0, 0, 0, 0, 0, 0, 0, 0, 0, 0, 0, 0, 0, 0, 0, 0, 0, 0, 0, 0, 0, 0, 0, 0, 0, 0, 0, 0, 0, 0, 0, 0, 0, 0, 0, 0, 1, 1, 3, 2, 4, 3, 3, 2, 3, 3, 6, 5, 5, 6, 10, 12, 9, 14, 17, 19, 22, 31, 40, 38, 37, 36, 31, 31, 26, 33, 33, 36, 29, 32, 39, 43, 54, 59, 46, 57, 49, 40, 27, 29, 43, 38, 46, 38, 24, 36, 37, 30, 39, 32, 34, 42, 26, 33, 25, 19, 23, 31, 42, 49, 34, 40, 48, 33, 25, 25, 24, 14, 6, 3, 7, 2, 1]
YTOT: [0, 0, 0, 0, 0, 0, 0, 0, 0, 0, 0, 0, 0, 0, 0, 0, 0, 0, 0, 0, 0, 0, 0, 0, 0, 0, 0, 0, 0, 0, 0, 0, 0, 0, 0, 0, 0, 0, 0, 0, 0, 0, 0, 1, 2, 5, 7, 11, 14, 17, 19, 22, 25, 31, 36, 41, 47, 57, 69, 78, 92, 109, 128, 150, 181, 221, 259, 296, 332, 363, 394, 420, 453, 486, 522, 551, 583, 622, 665, 719, 778, 824, 881, 930, 970, 997, 1026, 1069, 1107, 1153, 1191, 1215, 1251, 1288, 1318, 1357, 1389, 1423, 1465, 1491, 1524, 1549, 1568, 1591, 1622, 1664, 1713, 1747, 1787, 1835, 1868, 1893, 1918, 1942, 1956, 1962, 1965, 1972, 1974, 1975]

INFO: Total Population: 870044
INFO: R0: 2
INFO: Incubation Period: 5
INFO: Illness Period: 7
X:[0, 1, 2, 3, 4, 5, 6, 7, 8, 9, 10, 11, 12, 13, 14, 15, 16, 17, 18, 19, 20, 21, 22, 23, 24, 25, 26, 27, 28, 29, 30, 31, 32, 33, 34, 35, 36, 37, 38, 39, 40, 41, 42, 43, 44, 45, 46, 47, 48, 49, 50, 51, 52, 53, 54, 55, 56, 57, 58, 59, 60, 61, 62, 63, 64, 65, 66, 67, 68, 69, 70, 71, 72, 73, 74, 75, 76, 77, 78, 79, 80, 81, 82, 83, 84, 85, 86, 87, 88, 89, 90, 91, 92, 93, 94, 95, 96, 97, 98, 99, 100, 101, 102, 103, 104, 105, 106, 107, 108, 109, 110, 111, 112, 113, 114, 115, 116, 117, 118, 119, 120, 121]
YNEW:[0, 0, 0, 0, 0, 0, 0, 0, 0, 0, 0, 0, 0, 0, 0, 0, 0, 0, 0, 0, 0, 0, 0, 0, 0, 0, 0, 0, 0, 0, 0, 0, 0, 0, 0, 0, 0, 0, 0, 0, 0, 0, 0, 1, 1, 3, 2, 4, 3, 3, 2, 3, 3, 6, 5, 5, 6, 10, 12, 9, 14, 17, 19, 22, 31, 40, 38, 37, 36, 31, 31, 26, 33, 33, 36, 29, 32, 39, 43, 54, 59, 46, 57, 49, 40, 27, 29, 43, 38, 46, 38, 24, 36, 37, 30, 39, 32, 34, 34, 32, 33, 31, 20, 26, 35, 44, 42, 46, 59, 42, 32, 24, 22, 18, 13, 5, 7, 5, 3, 1, 1]
YTOT: [0, 0, 0, 0, 0, 0, 0, 0, 0, 0, 0, 0, 0, 0, 0, 0, 0, 0, 0, 0, 0, 0, 0, 0, 0, 0, 0, 0, 0, 0, 0, 0, 0, 0, 0, 0, 0, 0, 0, 0, 0, 0, 0, 1, 2, 5, 7, 11, 14, 17, 19, 22, 25, 31, 36, 41, 47, 57, 69, 78, 92, 109, 128, 150, 181, 221, 259, 296, 332, 363, 394, 420, 453, 486, 522, 551, 583, 622, 665, 719, 778, 824, 881, 930, 970, 997, 1026, 1069, 1107, 1153, 1191, 1215, 1251, 1288, 1318, 1357, 1389, 1423, 1457, 1489, 1522, 1553, 1573, 1599, 1634, 1678, 1720, 1766, 1825, 1867, 1899, 1923, 1945, 1963, 1976, 1981, 1988, 1993, 1996, 1997, 1998]

INFO: Total Population: 870044
INFO: R0: 2
INFO: Incubation Period: 5
INFO: Illness Period: 7
X:[0, 1, 2, 3, 4, 5, 6, 7, 8, 9, 10, 11, 12, 13, 14, 15, 16, 17, 18, 19, 20, 21, 22, 23, 24, 25, 26, 27, 28, 29, 30, 31, 32, 33, 34, 35, 36, 37, 38, 39, 40, 41, 42, 43, 44, 45, 46, 47, 48, 49, 50, 51, 52, 53, 54, 55, 56, 57, 58, 59, 60, 61, 62, 63, 64, 65, 66, 67, 68, 69, 70, 71, 72, 73, 74, 75, 76, 77, 78, 79, 80, 81, 82, 83, 84, 85, 86, 87, 88, 89, 90, 91, 92, 93, 94, 95, 96, 97, 98, 99, 100, 101, 102, 103, 104, 105, 106, 107, 108, 109, 110, 111, 112, 113, 114, 115, 116, 117, 118, 119, 120]
YNEW:[0, 0, 0, 0, 0, 0, 0, 0, 0, 0, 0, 0, 0, 0, 0, 0, 0, 0, 0, 0, 0, 0, 0, 0, 0, 0, 0, 0, 0, 0, 0, 0, 0, 0, 0, 0, 0, 0, 0, 0, 0, 0, 0, 1, 1, 3, 2, 4, 3, 3, 2, 3, 3, 6, 5, 5, 6, 10, 12, 9, 14, 17, 19, 22, 31, 40, 38, 37, 36, 31, 31, 26, 33, 33, 36, 29, 32, 39, 43, 54, 59, 46, 57, 49, 40, 27, 29, 43, 38, 46, 38, 24, 36, 37, 30, 39, 32, 34, 35, 27, 34, 26, 25, 11, 38, 43, 38, 42, 46, 33, 32, 19, 22, 17, 9, 7, 8, 5, 1, 1]
YTOT: [0, 0, 0, 0, 0, 0, 0, 0, 0, 0, 0, 0, 0, 0, 0, 0, 0, 0, 0, 0, 0, 0, 0, 0, 0, 0, 0, 0, 0, 0, 0, 0, 0, 0, 0, 0, 0, 0, 0, 0, 0, 0, 0, 1, 2, 5, 7, 11, 14, 17, 19, 22, 25, 31, 36, 41, 47, 57, 69, 78, 92, 109, 128, 150, 181, 221, 259, 296, 332, 363, 394, 420, 453, 486, 522, 551, 583, 622, 665, 719, 778, 824, 881, 930, 970, 997, 1026, 1069, 1107, 1153, 1191, 1215, 1251, 1288, 1318, 1357, 1389, 1423, 1458, 1485, 1519, 1545, 1570, 1581, 1619, 1662, 1700, 1742, 1788, 1821, 1853, 1872, 1894, 1911, 1920, 1927, 1935, 1940, 1941, 1942]

INFO: Total Population: 870044
INFO: R0: 2
INFO: Incubation Period: 5
INFO: Illness Period: 7
X:[0, 1, 2, 3, 4, 5, 6, 7, 8, 9, 10, 11, 12, 13, 14, 15, 16, 17, 18, 19, 20, 21, 22, 23, 24, 25, 26, 27, 28, 29, 30, 31, 32, 33, 34, 35, 36, 37, 38, 39, 40, 41, 42, 43, 44, 45, 46, 47, 48, 49, 50, 51, 52, 53, 54, 55, 56, 57, 58, 59, 60, 61, 62, 63, 64, 65, 66, 67, 68, 69, 70, 71, 72, 73, 74, 75, 76, 77, 78, 79, 80, 81, 82, 83, 84, 85, 86, 87, 88, 89, 90, 91, 92, 93, 94, 95, 96, 97, 98, 99, 100, 101, 102, 103, 104, 105, 106, 107, 108, 109, 110, 111, 112, 113, 114, 115, 116, 117, 118, 119]
YNEW:[0, 0, 0, 0, 0, 0, 0, 0, 0, 0, 0, 0, 0, 0, 0, 0, 0, 0, 0, 0, 0, 0, 0, 0, 0, 0, 0, 0, 0, 0, 0, 0, 0, 0, 0, 0, 0, 0, 0, 0, 0, 0, 0, 1, 1, 3, 2, 4, 3, 3, 2, 3, 3, 6, 5, 5, 6, 10, 12, 9, 14, 17, 19, 22, 31, 40, 38, 37, 36, 31, 31, 26, 33, 33, 36, 29, 32, 39, 43, 54, 59, 46, 57, 49, 40, 27, 29, 43, 38, 46, 38, 24, 36, 37, 30, 39, 32, 34, 32, 38, 28, 32, 29, 24, 28, 38, 43, 54, 39, 49, 32, 26, 28, 17, 15, 12, 6, 4, 2]
YTOT: [0, 0, 0, 0, 0, 0, 0, 0, 0, 0, 0, 0, 0, 0, 0, 0, 0, 0, 0, 0, 0, 0, 0, 0, 0, 0, 0, 0, 0, 0, 0, 0, 0, 0, 0, 0, 0, 0, 0, 0, 0, 0, 0, 1, 2, 5, 7, 11, 14, 17, 19, 22, 25, 31, 36, 41, 47, 57, 69, 78, 92, 109, 128, 150, 181, 221, 259, 296, 332, 363, 394, 420, 453, 486, 522, 551, 583, 622, 665, 719, 778, 824, 881, 930, 970, 997, 1026, 1069, 1107, 1153, 1191, 1215, 1251, 1288, 1318, 1357, 1389, 1423, 1455, 1493, 1521, 1553, 1582, 1606, 1634, 1672, 1715, 1769, 1808, 1857, 1889, 1915, 1943, 1960, 1975, 1987, 1993, 1997, 1999]

INFO: Total Population: 870044
INFO: R0: 2
INFO: Incubation Period: 5
INFO: Illness Period: 7
X:[0, 1, 2, 3, 4, 5, 6, 7, 8, 9, 10, 11, 12, 13, 14, 15, 16, 17, 18, 19, 20, 21, 22, 23, 24, 25, 26, 27, 28, 29, 30, 31, 32, 33, 34, 35, 36, 37, 38, 39, 40, 41, 42, 43, 44, 45, 46, 47, 48, 49, 50, 51, 52, 53, 54, 55, 56, 57, 58, 59, 60, 61, 62, 63, 64, 65, 66, 67, 68, 69, 70, 71, 72, 73, 74, 75, 76, 77, 78, 79, 80, 81, 82, 83, 84, 85, 86, 87, 88, 89, 90, 91, 92, 93, 94, 95, 96, 97, 98, 99, 100, 101, 102, 103, 104, 105, 106, 107, 108, 109, 110, 111, 112, 113, 114, 115, 116, 117, 118, 119, 120]
YNEW:[0, 0, 0, 0, 0, 0, 0, 0, 0, 0, 0, 0, 0, 0, 0, 0, 0, 0, 0, 0, 0, 0, 0, 0, 0, 0, 0, 0, 0, 0, 0, 0, 0, 0, 0, 0, 0, 0, 0, 0, 0, 0, 0, 1, 1, 3, 2, 4, 3, 3, 2, 3, 3, 6, 5, 5, 6, 10, 12, 9, 14, 17, 19, 22, 31, 40, 38, 37, 36, 31, 31, 26, 33, 33, 36, 29, 32, 39, 43, 54, 59, 46, 57, 49, 40, 27, 29, 43, 38, 46, 38, 24, 36, 37, 30, 39, 32, 34, 37, 42, 36, 23, 15, 17, 58, 47, 40, 34, 51, 30, 34, 30, 21, 15, 12, 8, 6, 3, 2, 1]
YTOT: [0, 0, 0, 0, 0, 0, 0, 0, 0, 0, 0, 0, 0, 0, 0, 0, 0, 0, 0, 0, 0, 0, 0, 0, 0, 0, 0, 0, 0, 0, 0, 0, 0, 0, 0, 0, 0, 0, 0, 0, 0, 0, 0, 1, 2, 5, 7, 11, 14, 17, 19, 22, 25, 31, 36, 41, 47, 57, 69, 78, 92, 109, 128, 150, 181, 221, 259, 296, 332, 363, 394, 420, 453, 486, 522, 551, 583, 622, 665, 719, 778, 824, 881, 930, 970, 997, 1026, 1069, 1107, 1153, 1191, 1215, 1251, 1288, 1318, 1357, 1389, 1423, 1460, 1502, 1538, 1561, 1576, 1593, 1651, 1698, 1738, 1772, 1823, 1853, 1887, 1917, 1938, 1953, 1965, 1973, 1979, 1982, 1984, 1985]

INFO: Total Population: 870044
INFO: R0: 2
INFO: Incubation Period: 5
INFO: Illness Period: 7
X:[0, 1, 2, 3, 4, 5, 6, 7, 8, 9, 10, 11, 12, 13, 14, 15, 16, 17, 18, 19, 20, 21, 22, 23, 24, 25, 26, 27, 28, 29, 30, 31, 32, 33, 34, 35, 36, 37, 38, 39, 40, 41, 42, 43, 44, 45, 46, 47, 48, 49, 50, 51, 52, 53, 54, 55, 56, 57, 58, 59, 60, 61, 62, 63, 64, 65, 66, 67, 68, 69, 70, 71, 72, 73, 74, 75, 76, 77, 78, 79, 80, 81, 82, 83, 84, 85, 86, 87, 88, 89, 90, 91, 92, 93, 94, 95, 96, 97, 98, 99, 100, 101, 102, 103, 104, 105, 106, 107, 108, 109, 110, 111, 112, 113, 114, 115, 116, 117, 118, 119, 120, 121]
YNEW:[0, 0, 0, 0, 0, 0, 0, 0, 0, 0, 0, 0, 0, 0, 0, 0, 0, 0, 0, 0, 0, 0, 0, 0, 0, 0, 0, 0, 0, 0, 0, 0, 0, 0, 0, 0, 0, 0, 0, 0, 0, 0, 0, 1, 1, 3, 2, 4, 3, 3, 2, 3, 3, 6, 5, 5, 6, 10, 12, 9, 14, 17, 19, 22, 31, 40, 38, 37, 36, 31, 31, 26, 33, 33, 36, 29, 32, 39, 43, 54, 59, 46, 57, 49, 40, 27, 29, 43, 38, 46, 38, 24, 36, 37, 30, 39, 32, 34, 36, 34, 37, 24, 17, 29, 40, 34, 46, 49, 48, 44, 30, 20, 20, 18, 14, 13, 6, 5, 2, 1, 1]
YTOT: [0, 0, 0, 0, 0, 0, 0, 0, 0, 0, 0, 0, 0, 0, 0, 0, 0, 0, 0, 0, 0, 0, 0, 0, 0, 0, 0, 0, 0, 0, 0, 0, 0, 0, 0, 0, 0, 0, 0, 0, 0, 0, 0, 1, 2, 5, 7, 11, 14, 17, 19, 22, 25, 31, 36, 41, 47, 57, 69, 78, 92, 109, 128, 150, 181, 221, 259, 296, 332, 363, 394, 420, 453, 486, 522, 551, 583, 622, 665, 719, 778, 824, 881, 930, 970, 997, 1026, 1069, 1107, 1153, 1191, 1215, 1251, 1288, 1318, 1357, 1389, 1423, 1459, 1493, 1530, 1554, 1571, 1600, 1640, 1674, 1720, 1769, 1817, 1861, 1891, 1911, 1931, 1949, 1963, 1976, 1982, 1987, 1989, 1990, 1991]

INFO: Total Population: 870044
INFO: R0: 2
INFO: Incubation Period: 5
INFO: Illness Period: 7
X:[0, 1, 2, 3, 4, 5, 6, 7, 8, 9, 10, 11, 12, 13, 14, 15, 16, 17, 18, 19, 20, 21, 22, 23, 24, 25, 26, 27, 28, 29, 30, 31, 32, 33, 34, 35, 36, 37, 38, 39, 40, 41, 42, 43, 44, 45, 46, 47, 48, 49, 50, 51, 52, 53, 54, 55, 56, 57, 58, 59, 60, 61, 62, 63, 64, 65, 66, 67, 68, 69, 70, 71, 72, 73, 74, 75, 76, 77, 78, 79, 80, 81, 82, 83, 84, 85, 86, 87, 88, 89, 90, 91, 92, 93, 94, 95, 96, 97, 98, 99, 100, 101, 102, 103, 104, 105, 106, 107, 108, 109, 110, 111, 112, 113, 114, 115, 116, 117, 118, 119]
YNEW:[0, 0, 0, 0, 0, 0, 0, 0, 0, 0, 0, 0, 0, 0, 0, 0, 0, 0, 0, 0, 0, 0, 0, 0, 0, 0, 0, 0, 0, 0, 0, 0, 0, 0, 0, 0, 0, 0, 0, 0, 0, 0, 0, 1, 1, 3, 2, 4, 3, 3, 2, 3, 3, 6, 5, 5, 6, 10, 12, 9, 14, 17, 19, 22, 31, 40, 38, 37, 36, 31, 31, 26, 33, 33, 36, 29, 32, 39, 43, 54, 59, 46, 57, 49, 40, 27, 29, 43, 38, 46, 38, 24, 36, 37, 30, 39, 32, 34, 38, 35, 32, 31, 22, 34, 27, 43, 47, 59, 57, 28, 41, 26, 26, 25, 22, 11, 1, 3, 5]
YTOT: [0, 0, 0, 0, 0, 0, 0, 0, 0, 0, 0, 0, 0, 0, 0, 0, 0, 0, 0, 0, 0, 0, 0, 0, 0, 0, 0, 0, 0, 0, 0, 0, 0, 0, 0, 0, 0, 0, 0, 0, 0, 0, 0, 1, 2, 5, 7, 11, 14, 17, 19, 22, 25, 31, 36, 41, 47, 57, 69, 78, 92, 109, 128, 150, 181, 221, 259, 296, 332, 363, 394, 420, 453, 486, 522, 551, 583, 622, 665, 719, 778, 824, 881, 930, 970, 997, 1026, 1069, 1107, 1153, 1191, 1215, 1251, 1288, 1318, 1357, 1389, 1423, 1461, 1496, 1528, 1559, 1581, 1615, 1642, 1685, 1732, 1791, 1848, 1876, 1917, 1943, 1969, 1994, 2016, 2027, 2028, 2031, 2036]

INFO: Total Population: 870044
INFO: R0: 2
INFO: Incubation Period: 5
INFO: Illness Period: 7
X:[0, 1, 2, 3, 4, 5, 6, 7, 8, 9, 10, 11, 12, 13, 14, 15, 16, 17, 18, 19, 20, 21, 22, 23, 24, 25, 26, 27, 28, 29, 30, 31, 32, 33, 34, 35, 36, 37, 38, 39, 40, 41, 42, 43, 44, 45, 46, 47, 48, 49, 50, 51, 52, 53, 54, 55, 56, 57, 58, 59, 60, 61, 62, 63, 64, 65, 66, 67, 68, 69, 70, 71, 72, 73, 74, 75, 76, 77, 78, 79, 80, 81, 82, 83, 84, 85, 86, 87, 88, 89, 90, 91, 92, 93, 94, 95, 96, 97, 98, 99, 100, 101, 102, 103, 104, 105, 106, 107, 108, 109, 110, 111, 112, 113, 114, 115, 116, 117, 118, 119, 120]
YNEW:[0, 0, 0, 0, 0, 0, 0, 0, 0, 0, 0, 0, 0, 0, 0, 0, 0, 0, 0, 0, 0, 0, 0, 0, 0, 0, 0, 0, 0, 0, 0, 0, 0, 0, 0, 0, 0, 0, 0, 0, 0, 0, 0, 1, 1, 3, 2, 4, 3, 3, 2, 3, 3, 6, 5, 5, 6, 10, 12, 9, 14, 17, 19, 22, 31, 40, 38, 37, 36, 31, 31, 26, 33, 33, 36, 29, 32, 39, 43, 54, 59, 46, 57, 49, 40, 27, 29, 43, 38, 46, 38, 24, 36, 37, 30, 39, 32, 34, 26, 30, 32, 32, 24, 23, 37, 41, 38, 52, 51, 36, 35, 26, 15, 16, 10, 12, 5, 6, 1, 1]
YTOT: [0, 0, 0, 0, 0, 0, 0, 0, 0, 0, 0, 0, 0, 0, 0, 0, 0, 0, 0, 0, 0, 0, 0, 0, 0, 0, 0, 0, 0, 0, 0, 0, 0, 0, 0, 0, 0, 0, 0, 0, 0, 0, 0, 1, 2, 5, 7, 11, 14, 17, 19, 22, 25, 31, 36, 41, 47, 57, 69, 78, 92, 109, 128, 150, 181, 221, 259, 296, 332, 363, 394, 420, 453, 486, 522, 551, 583, 622, 665, 719, 778, 824, 881, 930, 970, 997, 1026, 1069, 1107, 1153, 1191, 1215, 1251, 1288, 1318, 1357, 1389, 1423, 1449, 1479, 1511, 1543, 1567, 1590, 1627, 1668, 1706, 1758, 1809, 1845, 1880, 1906, 1921, 1937, 1947, 1959, 1964, 1970, 1971, 1972]

INFO: Total Population: 870044
INFO: R0: 2
INFO: Incubation Period: 5
INFO: Illness Period: 7
X:[0, 1, 2, 3, 4, 5, 6, 7, 8, 9, 10, 11, 12, 13, 14, 15, 16, 17, 18, 19, 20, 21, 22, 23, 24, 25, 26, 27, 28, 29, 30, 31, 32, 33, 34, 35, 36, 37, 38, 39, 40, 41, 42, 43, 44, 45, 46, 47, 48, 49, 50, 51, 52, 53, 54, 55, 56, 57, 58, 59, 60, 61, 62, 63, 64, 65, 66, 67, 68, 69, 70, 71, 72, 73, 74, 75, 76, 77, 78, 79, 80, 81, 82, 83, 84, 85, 86, 87, 88, 89, 90, 91, 92, 93, 94, 95, 96, 97, 98, 99, 100, 101, 102, 103, 104, 105, 106, 107, 108, 109, 110, 111, 112, 113, 114, 115, 116, 117, 118, 119, 120]
YNEW:[0, 0, 0, 0, 0, 0, 0, 0, 0, 0, 0, 0, 0, 0, 0, 0, 0, 0, 0, 0, 0, 0, 0, 0, 0, 0, 0, 0, 0, 0, 0, 0, 0, 0, 0, 0, 0, 0, 0, 0, 0, 0, 0, 1, 1, 3, 2, 4, 3, 3, 2, 3, 3, 6, 5, 5, 6, 10, 12, 9, 14, 17, 19, 22, 31, 40, 38, 37, 36, 31, 31, 26, 33, 33, 36, 29, 32, 39, 43, 54, 59, 46, 57, 49, 40, 27, 29, 43, 38, 46, 38, 24, 36, 37, 30, 39, 32, 34, 28, 28, 27, 24, 23, 26, 23, 40, 40, 33, 39, 36, 30, 27, 28, 21, 13, 9, 5, 2, 2, 3]
YTOT: [0, 0, 0, 0, 0, 0, 0, 0, 0, 0, 0, 0, 0, 0, 0, 0, 0, 0, 0, 0, 0, 0, 0, 0, 0, 0, 0, 0, 0, 0, 0, 0, 0, 0, 0, 0, 0, 0, 0, 0, 0, 0, 0, 1, 2, 5, 7, 11, 14, 17, 19, 22, 25, 31, 36, 41, 47, 57, 69, 78, 92, 109, 128, 150, 181, 221, 259, 296, 332, 363, 394, 420, 453, 486, 522, 551, 583, 622, 665, 719, 778, 824, 881, 930, 970, 997, 1026, 1069, 1107, 1153, 1191, 1215, 1251, 1288, 1318, 1357, 1389, 1423, 1451, 1479, 1506, 1530, 1553, 1579, 1602, 1642, 1682, 1715, 1754, 1790, 1820, 1847, 1875, 1896, 1909, 1918, 1923, 1925, 1927, 1930]

END