

INFO: Total Population: 10040000
INFO: R0: 2
INFO: Incubation Period: 5
INFO: Illness Period: 12
X:[0, 1, 2, 3, 4, 5, 6, 7, 8, 9, 10, 11, 12, 13, 14, 15, 16, 17, 18, 19, 20, 21, 22, 23, 24, 25, 26, 27, 28, 29, 30, 31, 32, 33, 34, 35, 36, 37, 38, 39, 40, 41, 42, 43, 44, 45, 46, 47, 48, 49, 50, 51]
YNEW:[32, 8, 13, 16, 18, 29, 37, 40, 49, 54, 56, 80, 99, 116, 222, 247, 289, 316, 330, 397, 447, 485, 510, 585, 619, 564, 557, 573, 246, 264, 198, 235, 193, 186, 202, 180, 176, 163, 141, 90, 76, 61, 53, 43, 23, 14, 16, 8, 7, 1, 2]
YTOT: [32, 40, 53, 69, 87, 116, 153, 193, 242, 296, 352, 432, 531, 647, 869, 1116, 1405, 1721, 2051, 2448, 2895, 3380, 3890, 4475, 5094, 5658, 6215, 6788, 7034, 7298, 7496, 7731, 7924, 8110, 8312, 8492, 8668, 8831, 8972, 9062, 9138, 9199, 9252, 9295, 9318, 9332, 9348, 9356, 9363, 9364, 9366]

INFO: Total Population: 10040000
INFO: R0: 2
INFO: Incubation Period: 5
INFO: Illness Period: 12
X:[0, 1, 2, 3, 4, 5, 6, 7, 8, 9, 10, 11, 12, 13, 14, 15, 16, 17, 18, 19, 20, 21, 22, 23, 24, 25, 26, 27, 28, 29, 30, 31, 32, 33, 34, 35, 36, 37, 38, 39, 40, 41, 42, 43, 44, 45, 46, 47, 48, 49, 50, 51]
YNEW:[32, 8, 13, 16, 18, 29, 37, 40, 49, 54, 56, 80, 99, 116, 222, 247, 289, 316, 330, 397, 447, 485, 510, 585, 619, 564, 557, 573, 264, 279, 228, 219, 228, 201, 203, 167, 175, 166, 134, 114, 65, 59, 53, 37, 38, 26, 21, 17, 5, 4, 2]
YTOT: [32, 40, 53, 69, 87, 116, 153, 193, 242, 296, 352, 432, 531, 647, 869, 1116, 1405, 1721, 2051, 2448, 2895, 3380, 3890, 4475, 5094, 5658, 6215, 6788, 7052, 7331, 7559, 7778, 8006, 8207, 8410, 8577, 8752, 8918, 9052, 9166, 9231, 9290, 9343, 9380, 9418, 9444, 9465, 9482, 9487, 9491, 9493]

INFO: Total Population: 10040000
INFO: R0: 2
INFO: Incubation Period: 5
INFO: Illness Period: 12
X:[0, 1, 2, 3, 4, 5, 6, 7, 8, 9, 10, 11, 12, 13, 14, 15, 16, 17, 18, 19, 20, 21, 22, 23, 24, 25, 26, 27, 28, 29, 30, 31, 32, 33, 34, 35, 36, 37, 38, 39, 40, 41, 42, 43, 44, 45, 46, 47, 48, 49, 50]
YNEW:[32, 8, 13, 16, 18, 29, 37, 40, 49, 54, 56, 80, 99, 116, 222, 247, 289, 316, 330, 397, 447, 485, 510, 585, 619, 564, 557, 573, 275, 263, 225, 227, 191, 196, 213, 182, 170, 173, 115, 107, 56, 48, 44, 42, 37, 27, 19, 17, 8, 4]
YTOT: [32, 40, 53, 69, 87, 116, 153, 193, 242, 296, 352, 432, 531, 647, 869, 1116, 1405, 1721, 2051, 2448, 2895, 3380, 3890, 4475, 5094, 5658, 6215, 6788, 7063, 7326, 7551, 7778, 7969, 8165, 8378, 8560, 8730, 8903, 9018, 9125, 9181, 9229, 9273, 9315, 9352, 9379, 9398, 9415, 9423, 9427]

INFO: Total Population: 10040000
INFO: R0: 2
INFO: Incubation Period: 5
INFO: Illness Period: 12
X:[0, 1, 2, 3, 4, 5, 6, 7, 8, 9, 10, 11, 12, 13, 14, 15, 16, 17, 18, 19, 20, 21, 22, 23, 24, 25, 26, 27, 28, 29, 30, 31, 32, 33, 34, 35, 36, 37, 38, 39, 40, 41, 42, 43, 44, 45, 46, 47, 48, 49, 50, 51]
YNEW:[32, 8, 13, 16, 18, 29, 37, 40, 49, 54, 56, 80, 99, 116, 222, 247, 289, 316, 330, 397, 447, 485, 510, 585, 619, 564, 557, 573, 248, 228, 249, 223, 180, 203, 183, 214, 171, 153, 141, 103, 64, 69, 55, 41, 28, 22, 23, 13, 8, 6, 1]
YTOT: [32, 40, 53, 69, 87, 116, 153, 193, 242, 296, 352, 432, 531, 647, 869, 1116, 1405, 1721, 2051, 2448, 2895, 3380, 3890, 4475, 5094, 5658, 6215, 6788, 7036, 7264, 7513, 7736, 7916, 8119, 8302, 8516, 8687, 8840, 8981, 9084, 9148, 9217, 9272, 9313, 9341, 9363, 9386, 9399, 9407, 9413, 9414]

INFO: Total Population: 10040000
INFO: R0: 2
INFO: Incubation Period: 5
INFO: Illness Period: 12
X:[0, 1, 2, 3, 4, 5, 6, 7, 8, 9, 10, 11, 12, 13, 14, 15, 16, 17, 18, 19, 20, 21, 22, 23, 24, 25, 26, 27, 28, 29, 30, 31, 32, 33, 34, 35, 36, 37, 38, 39, 40, 41, 42, 43, 44, 45, 46, 47, 48, 49, 50, 51]
YNEW:[32, 8, 13, 16, 18, 29, 37, 40, 49, 54, 56, 80, 99, 116, 222, 247, 289, 316, 330, 397, 447, 485, 510, 585, 619, 564, 557, 573, 245, 265, 247, 220, 192, 180, 200, 224, 178, 151, 147, 84, 66, 49, 49, 27, 45, 34, 30, 13, 8, 6, 1]
YTOT: [32, 40, 53, 69, 87, 116, 153, 193, 242, 296, 352, 432, 531, 647, 869, 1116, 1405, 1721, 2051, 2448, 2895, 3380, 3890, 4475, 5094, 5658, 6215, 6788, 7033, 7298, 7545, 7765, 7957, 8137, 8337, 8561, 8739, 8890, 9037, 9121, 9187, 9236, 9285, 9312, 9357, 9391, 9421, 9434, 9442, 9448, 9449]

INFO: Total Population: 10040000
INFO: R0: 2
INFO: Incubation Period: 5
INFO: Illness Period: 12
X:[0, 1, 2, 3, 4, 5, 6, 7, 8, 9, 10, 11, 12, 13, 14, 15, 16, 17, 18, 19, 20, 21, 22, 23, 24, 25, 26, 27, 28, 29, 30, 31, 32, 33, 34, 35, 36, 37, 38, 39, 40, 41, 42, 43, 44, 45, 46, 47, 48, 49, 50]
YNEW:[32, 8, 13, 16, 18, 29, 37, 40, 49, 54, 56, 80, 99, 116, 222, 247, 289, 316, 330, 397, 447, 485, 510, 585, 619, 564, 557, 573, 253, 225, 234, 199, 213, 172, 192, 200, 194, 158, 126, 85, 69, 61, 41, 40, 39, 17, 11, 14, 4, 2]
YTOT: [32, 40, 53, 69, 87, 116, 153, 193, 242, 296, 352, 432, 531, 647, 869, 1116, 1405, 1721, 2051, 2448, 2895, 3380, 3890, 4475, 5094, 5658, 6215, 6788, 7041, 7266, 7500, 7699, 7912, 8084, 8276, 8476, 8670, 8828, 8954, 9039, 9108, 9169, 9210, 9250, 9289, 9306, 9317, 9331, 9335, 9337]

INFO: Total Population: 10040000
INFO: R0: 2
INFO: Incubation Period: 5
INFO: Illness Period: 12
X:[0, 1, 2, 3, 4, 5, 6, 7, 8, 9, 10, 11, 12, 13, 14, 15, 16, 17, 18, 19, 20, 21, 22, 23, 24, 25, 26, 27, 28, 29, 30, 31, 32, 33, 34, 35, 36, 37, 38, 39, 40, 41, 42, 43, 44, 45, 46, 47, 48, 49, 50, 51]
YNEW:[32, 8, 13, 16, 18, 29, 37, 40, 49, 54, 56, 80, 99, 116, 222, 247, 289, 316, 330, 397, 447, 485, 510, 585, 619, 564, 557, 573, 258, 259, 251, 233, 177, 204, 218, 209, 161, 152, 144, 99, 68, 63, 51, 39, 31, 32, 17, 14, 7, 2, 1]
YTOT: [32, 40, 53, 69, 87, 116, 153, 193, 242, 296, 352, 432, 531, 647, 869, 1116, 1405, 1721, 2051, 2448, 2895, 3380, 3890, 4475, 5094, 5658, 6215, 6788, 7046, 7305, 7556, 7789, 7966, 8170, 8388, 8597, 8758, 8910, 9054, 9153, 9221, 9284, 9335, 9374, 9405, 9437, 9454, 9468, 9475, 9477, 9478]

INFO: Total Population: 10040000
INFO: R0: 2
INFO: Incubation Period: 5
INFO: Illness Period: 12
X:[0, 1, 2, 3, 4, 5, 6, 7, 8, 9, 10, 11, 12, 13, 14, 15, 16, 17, 18, 19, 20, 21, 22, 23, 24, 25, 26, 27, 28, 29, 30, 31, 32, 33, 34, 35, 36, 37, 38, 39, 40, 41, 42, 43, 44, 45, 46, 47, 48, 49, 50]
YNEW:[32, 8, 13, 16, 18, 29, 37, 40, 49, 54, 56, 80, 99, 116, 222, 247, 289, 316, 330, 397, 447, 485, 510, 585, 619, 564, 557, 573, 251, 221, 264, 222, 213, 192, 177, 201, 178, 162, 161, 112, 75, 60, 58, 47, 40, 23, 17, 10, 11, 1]
YTOT: [32, 40, 53, 69, 87, 116, 153, 193, 242, 296, 352, 432, 531, 647, 869, 1116, 1405, 1721, 2051, 2448, 2895, 3380, 3890, 4475, 5094, 5658, 6215, 6788, 7039, 7260, 7524, 7746, 7959, 8151, 8328, 8529, 8707, 8869, 9030, 9142, 9217, 9277, 9335, 9382, 9422, 9445, 9462, 9472, 9483, 9484]

INFO: Total Population: 10040000
INFO: R0: 2
INFO: Incubation Period: 5
INFO: Illness Period: 12
X:[0, 1, 2, 3, 4, 5, 6, 7, 8, 9, 10, 11, 12, 13, 14, 15, 16, 17, 18, 19, 20, 21, 22, 23, 24, 25, 26, 27, 28, 29, 30, 31, 32, 33, 34, 35, 36, 37, 38, 39, 40, 41, 42, 43, 44, 45, 46, 47, 48, 49, 50]
YNEW:[32, 8, 13, 16, 18, 29, 37, 40, 49, 54, 56, 80, 99, 116, 222, 247, 289, 316, 330, 397, 447, 485, 510, 585, 619, 564, 557, 573, 255, 279, 217, 226, 194, 201, 220, 189, 164, 147, 136, 98, 54, 42, 43, 48, 35, 28, 17, 12, 7, 5]
YTOT: [32, 40, 53, 69, 87, 116, 153, 193, 242, 296, 352, 432, 531, 647, 869, 1116, 1405, 1721, 2051, 2448, 2895, 3380, 3890, 4475, 5094, 5658, 6215, 6788, 7043, 7322, 7539, 7765, 7959, 8160, 8380, 8569, 8733, 8880, 9016, 9114, 9168, 9210, 9253, 9301, 9336, 9364, 9381, 9393, 9400, 9405]

INFO: Total Population: 10040000
INFO: R0: 2
INFO: Incubation Period: 5
INFO: Illness Period: 12
X:[0, 1, 2, 3, 4, 5, 6, 7, 8, 9, 10, 11, 12, 13, 14, 15, 16, 17, 18, 19, 20, 21, 22, 23, 24, 25, 26, 27, 28, 29, 30, 31, 32, 33, 34, 35, 36, 37, 38, 39, 40, 41, 42, 43, 44, 45, 46, 47, 48, 49, 50, 51]
YNEW:[32, 8, 13, 16, 18, 29, 37, 40, 49, 54, 56, 80, 99, 116, 222, 247, 289, 316, 330, 397, 447, 485, 510, 585, 619, 564, 557, 573, 225, 268, 247, 202, 185, 207, 183, 203, 195, 138, 139, 115, 67, 56, 49, 37, 34, 30, 25, 13, 7, 3, 1]
YTOT: [32, 40, 53, 69, 87, 116, 153, 193, 242, 296, 352, 432, 531, 647, 869, 1116, 1405, 1721, 2051, 2448, 2895, 3380, 3890, 4475, 5094, 5658, 6215, 6788, 7013, 7281, 7528, 7730, 7915, 8122, 8305, 8508, 8703, 8841, 8980, 9095, 9162, 9218, 9267, 9304, 9338, 9368, 9393, 9406, 9413, 9416, 9417]

INFO: Total Population: 10040000
INFO: R0: 2
INFO: Incubation Period: 5
INFO: Illness Period: 12
X:[0, 1, 2, 3, 4, 5, 6, 7, 8, 9, 10, 11, 12, 13, 14, 15, 16, 17, 18, 19, 20, 21, 22, 23, 24, 25, 26, 27, 28, 29, 30, 31, 32, 33, 34, 35, 36, 37, 38, 39, 40, 41, 42, 43, 44, 45, 46, 47, 48, 49, 50]
YNEW:[32, 8, 13, 16, 18, 29, 37, 40, 49, 54, 56, 80, 99, 116, 222, 247, 289, 316, 330, 397, 447, 485, 510, 585, 619, 564, 557, 573, 248, 237, 234, 220, 194, 180, 217, 186, 154, 172, 151, 90, 70, 59, 55, 33, 34, 23, 20, 8, 2, 2]
YTOT: [32, 40, 53, 69, 87, 116, 153, 193, 242, 296, 352, 432, 531, 647, 869, 1116, 1405, 1721, 2051, 2448, 2895, 3380, 3890, 4475, 5094, 5658, 6215, 6788, 7036, 7273, 7507, 7727, 7921, 8101, 8318, 8504, 8658, 8830, 8981, 9071, 9141, 9200, 9255, 9288, 9322, 9345, 9365, 9373, 9375, 9377]

INFO: Total Population: 10040000
INFO: R0: 2
INFO: Incubation Period: 5
INFO: Illness Period: 12
X:[0, 1, 2, 3, 4, 5, 6, 7, 8, 9, 10, 11, 12, 13, 14, 15, 16, 17, 18, 19, 20, 21, 22, 23, 24, 25, 26, 27, 28, 29, 30, 31, 32, 33, 34, 35, 36, 37, 38, 39, 40, 41, 42, 43, 44, 45, 46, 47, 48, 49, 50]
YNEW:[32, 8, 13, 16, 18, 29, 37, 40, 49, 54, 56, 80, 99, 116, 222, 247, 289, 316, 330, 397, 447, 485, 510, 585, 619, 564, 557, 573, 272, 244, 226, 200, 194, 220, 188, 179, 189, 175, 146, 96, 70, 59, 51, 41, 32, 35, 15, 11, 15, 2]
YTOT: [32, 40, 53, 69, 87, 116, 153, 193, 242, 296, 352, 432, 531, 647, 869, 1116, 1405, 1721, 2051, 2448, 2895, 3380, 3890, 4475, 5094, 5658, 6215, 6788, 7060, 7304, 7530, 7730, 7924, 8144, 8332, 8511, 8700, 8875, 9021, 9117, 9187, 9246, 9297, 9338, 9370, 9405, 9420, 9431, 9446, 9448]

INFO: Total Population: 10040000
INFO: R0: 2
INFO: Incubation Period: 5
INFO: Illness Period: 12
X:[0, 1, 2, 3, 4, 5, 6, 7, 8, 9, 10, 11, 12, 13, 14, 15, 16, 17, 18, 19, 20, 21, 22, 23, 24, 25, 26, 27, 28, 29, 30, 31, 32, 33, 34, 35, 36, 37, 38, 39, 40, 41, 42, 43, 44, 45, 46, 47, 48, 49, 50]
YNEW:[32, 8, 13, 16, 18, 29, 37, 40, 49, 54, 56, 80, 99, 116, 222, 247, 289, 316, 330, 397, 447, 485, 510, 585, 619, 564, 557, 573, 244, 269, 224, 212, 205, 174, 216, 197, 185, 150, 130, 113, 73, 64, 51, 48, 36, 22, 12, 9, 2, 2]
YTOT: [32, 40, 53, 69, 87, 116, 153, 193, 242, 296, 352, 432, 531, 647, 869, 1116, 1405, 1721, 2051, 2448, 2895, 3380, 3890, 4475, 5094, 5658, 6215, 6788, 7032, 7301, 7525, 7737, 7942, 8116, 8332, 8529, 8714, 8864, 8994, 9107, 9180, 9244, 9295, 9343, 9379, 9401, 9413, 9422, 9424, 9426]

INFO: Total Population: 10040000
INFO: R0: 2
INFO: Incubation Period: 5
INFO: Illness Period: 12
X:[0, 1, 2, 3, 4, 5, 6, 7, 8, 9, 10, 11, 12, 13, 14, 15, 16, 17, 18, 19, 20, 21, 22, 23, 24, 25, 26, 27, 28, 29, 30, 31, 32, 33, 34, 35, 36, 37, 38, 39, 40, 41, 42, 43, 44, 45, 46, 47, 48, 49, 50]
YNEW:[32, 8, 13, 16, 18, 29, 37, 40, 49, 54, 56, 80, 99, 116, 222, 247, 289, 316, 330, 397, 447, 485, 510, 585, 619, 564, 557, 573, 234, 261, 223, 196, 200, 211, 206, 171, 158, 176, 134, 97, 76, 62, 46, 41, 37, 23, 20, 18, 11, 1]
YTOT: [32, 40, 53, 69, 87, 116, 153, 193, 242, 296, 352, 432, 531, 647, 869, 1116, 1405, 1721, 2051, 2448, 2895, 3380, 3890, 4475, 5094, 5658, 6215, 6788, 7022, 7283, 7506, 7702, 7902, 8113, 8319, 8490, 8648, 8824, 8958, 9055, 9131, 9193, 9239, 9280, 9317, 9340, 9360, 9378, 9389, 9390]

INFO: Total Population: 10040000
INFO: R0: 2
INFO: Incubation Period: 5
INFO: Illness Period: 12
X:[0, 1, 2, 3, 4, 5, 6, 7, 8, 9, 10, 11, 12, 13, 14, 15, 16, 17, 18, 19, 20, 21, 22, 23, 24, 25, 26, 27, 28, 29, 30, 31, 32, 33, 34, 35, 36, 37, 38, 39, 40, 41, 42, 43, 44, 45, 46, 47, 48, 49, 50, 51]
YNEW:[32, 8, 13, 16, 18, 29, 37, 40, 49, 54, 56, 80, 99, 116, 222, 247, 289, 316, 330, 397, 447, 485, 510, 585, 619, 564, 557, 573, 256, 230, 213, 218, 198, 204, 185, 170, 168, 149, 130, 103, 57, 49, 41, 32, 35, 33, 16, 16, 5, 2, 2]
YTOT: [32, 40, 53, 69, 87, 116, 153, 193, 242, 296, 352, 432, 531, 647, 869, 1116, 1405, 1721, 2051, 2448, 2895, 3380, 3890, 4475, 5094, 5658, 6215, 6788, 7044, 7274, 7487, 7705, 7903, 8107, 8292, 8462, 8630, 8779, 8909, 9012, 9069, 9118, 9159, 9191, 9226, 9259, 9275, 9291, 9296, 9298, 9300]

INFO: Total Population: 10040000
INFO: R0: 2
INFO: Incubation Period: 5
INFO: Illness Period: 12
X:[0, 1, 2, 3, 4, 5, 6, 7, 8, 9, 10, 11, 12, 13, 14, 15, 16, 17, 18, 19, 20, 21, 22, 23, 24, 25, 26, 27, 28, 29, 30, 31, 32, 33, 34, 35, 36, 37, 38, 39, 40, 41, 42, 43, 44, 45, 46, 47, 48, 49, 50, 51]
YNEW:[32, 8, 13, 16, 18, 29, 37, 40, 49, 54, 56, 80, 99, 116, 222, 247, 289, 316, 330, 397, 447, 485, 510, 585, 619, 564, 557, 573, 248, 202, 223, 208, 192, 173, 189, 189, 162, 175, 150, 93, 68, 43, 47, 32, 34, 29, 18, 12, 7, 3, 2]
YTOT: [32, 40, 53, 69, 87, 116, 153, 193, 242, 296, 352, 432, 531, 647, 869, 1116, 1405, 1721, 2051, 2448, 2895, 3380, 3890, 4475, 5094, 5658, 6215, 6788, 7036, 7238, 7461, 7669, 7861, 8034, 8223, 8412, 8574, 8749, 8899, 8992, 9060, 9103, 9150, 9182, 9216, 9245, 9263, 9275, 9282, 9285, 9287]

INFO: Total Population: 10040000
INFO: R0: 2
INFO: Incubation Period: 5
INFO: Illness Period: 12
X:[0, 1, 2, 3, 4, 5, 6, 7, 8, 9, 10, 11, 12, 13, 14, 15, 16, 17, 18, 19, 20, 21, 22, 23, 24, 25, 26, 27, 28, 29, 30, 31, 32, 33, 34, 35, 36, 37, 38, 39, 40, 41, 42, 43, 44, 45, 46, 47, 48, 49, 50, 51]
YNEW:[32, 8, 13, 16, 18, 29, 37, 40, 49, 54, 56, 80, 99, 116, 222, 247, 289, 316, 330, 397, 447, 485, 510, 585, 619, 564, 557, 573, 246, 244, 237, 233, 180, 201, 218, 159, 173, 151, 134, 106, 62, 72, 48, 50, 37, 31, 17, 11, 8, 7, 1]
YTOT: [32, 40, 53, 69, 87, 116, 153, 193, 242, 296, 352, 432, 531, 647, 869, 1116, 1405, 1721, 2051, 2448, 2895, 3380, 3890, 4475, 5094, 5658, 6215, 6788, 7034, 7278, 7515, 7748, 7928, 8129, 8347, 8506, 8679, 8830, 8964, 9070, 9132, 9204, 9252, 9302, 9339, 9370, 9387, 9398, 9406, 9413, 9414]

INFO: Total Population: 10040000
INFO: R0: 2
INFO: Incubation Period: 5
INFO: Illness Period: 12
X:[0, 1, 2, 3, 4, 5, 6, 7, 8, 9, 10, 11, 12, 13, 14, 15, 16, 17, 18, 19, 20, 21, 22, 23, 24, 25, 26, 27, 28, 29, 30, 31, 32, 33, 34, 35, 36, 37, 38, 39, 40, 41, 42, 43, 44, 45, 46, 47, 48, 49, 50, 51]
YNEW:[32, 8, 13, 16, 18, 29, 37, 40, 49, 54, 56, 80, 99, 116, 222, 247, 289, 316, 330, 397, 447, 485, 510, 585, 619, 564, 557, 573, 241, 225, 232, 243, 186, 199, 184, 175, 156, 161, 147, 106, 72, 58, 35, 35, 29, 29, 17, 12, 8, 4, 1]
YTOT: [32, 40, 53, 69, 87, 116, 153, 193, 242, 296, 352, 432, 531, 647, 869, 1116, 1405, 1721, 2051, 2448, 2895, 3380, 3890, 4475, 5094, 5658, 6215, 6788, 7029, 7254, 7486, 7729, 7915, 8114, 8298, 8473, 8629, 8790, 8937, 9043, 9115, 9173, 9208, 9243, 9272, 9301, 9318, 9330, 9338, 9342, 9343]

INFO: Total Population: 10040000
INFO: R0: 2
INFO: Incubation Period: 5
INFO: Illness Period: 12
X:[0, 1, 2, 3, 4, 5, 6, 7, 8, 9, 10, 11, 12, 13, 14, 15, 16, 17, 18, 19, 20, 21, 22, 23, 24, 25, 26, 27, 28, 29, 30, 31, 32, 33, 34, 35, 36, 37, 38, 39, 40, 41, 42, 43, 44, 45, 46, 47, 48, 49, 50]
YNEW:[32, 8, 13, 16, 18, 29, 37, 40, 49, 54, 56, 80, 99, 116, 222, 247, 289, 316, 330, 397, 447, 485, 510, 585, 619, 564, 557, 573, 248, 240, 244, 220, 175, 215, 190, 195, 160, 152, 164, 85, 63, 56, 48, 47, 29, 28, 24, 13, 7, 3]
YTOT: [32, 40, 53, 69, 87, 116, 153, 193, 242, 296, 352, 432, 531, 647, 869, 1116, 1405, 1721, 2051, 2448, 2895, 3380, 3890, 4475, 5094, 5658, 6215, 6788, 7036, 7276, 7520, 7740, 7915, 8130, 8320, 8515, 8675, 8827, 8991, 9076, 9139, 9195, 9243, 9290, 9319, 9347, 9371, 9384, 9391, 9394]

INFO: Total Population: 10040000
INFO: R0: 2
INFO: Incubation Period: 5
INFO: Illness Period: 12
X:[0, 1, 2, 3, 4, 5, 6, 7, 8, 9, 10, 11, 12, 13, 14, 15, 16, 17, 18, 19, 20, 21, 22, 23, 24, 25, 26, 27, 28, 29, 30, 31, 32, 33, 34, 35, 36, 37, 38, 39, 40, 41, 42, 43, 44, 45, 46, 47, 48, 49, 50]
YNEW:[32, 8, 13, 16, 18, 29, 37, 40, 49, 54, 56, 80, 99, 116, 222, 247, 289, 316, 330, 397, 447, 485, 510, 585, 619, 564, 557, 573, 251, 220, 228, 207, 193, 215, 176, 186, 171, 145, 136, 85, 73, 51, 58, 56, 40, 24, 20, 6, 5, 3]
YTOT: [32, 40, 53, 69, 87, 116, 153, 193, 242, 296, 352, 432, 531, 647, 869, 1116, 1405, 1721, 2051, 2448, 2895, 3380, 3890, 4475, 5094, 5658, 6215, 6788, 7039, 7259, 7487, 7694, 7887, 8102, 8278, 8464, 8635, 8780, 8916, 9001, 9074, 9125, 9183, 9239, 9279, 9303, 9323, 9329, 9334, 9337]

INFO: Total Population: 10040000
INFO: R0: 2
INFO: Incubation Period: 5
INFO: Illness Period: 12
X:[0, 1, 2, 3, 4, 5, 6, 7, 8, 9, 10, 11, 12, 13, 14, 15, 16, 17, 18, 19, 20, 21, 22, 23, 24, 25, 26, 27, 28, 29, 30, 31, 32, 33, 34, 35, 36, 37, 38, 39, 40, 41, 42, 43, 44, 45, 46, 47, 48, 49, 50, 51]
YNEW:[32, 8, 13, 16, 18, 29, 37, 40, 49, 54, 56, 80, 99, 116, 222, 247, 289, 316, 330, 397, 447, 485, 510, 585, 619, 564, 557, 573, 234, 224, 230, 220, 211, 178, 209, 178, 181, 142, 151, 105, 69, 57, 62, 34, 32, 22, 15, 16, 7, 5, 2]
YTOT: [32, 40, 53, 69, 87, 116, 153, 193, 242, 296, 352, 432, 531, 647, 869, 1116, 1405, 1721, 2051, 2448, 2895, 3380, 3890, 4475, 5094, 5658, 6215, 6788, 7022, 7246, 7476, 7696, 7907, 8085, 8294, 8472, 8653, 8795, 8946, 9051, 9120, 9177, 9239, 9273, 9305, 9327, 9342, 9358, 9365, 9370, 9372]

INFO: Total Population: 10040000
INFO: R0: 2
INFO: Incubation Period: 5
INFO: Illness Period: 12
X:[0, 1, 2, 3, 4, 5, 6, 7, 8, 9, 10, 11, 12, 13, 14, 15, 16, 17, 18, 19, 20, 21, 22, 23, 24, 25, 26, 27, 28, 29, 30, 31, 32, 33, 34, 35, 36, 37, 38, 39, 40, 41, 42, 43, 44, 45, 46, 47, 48, 49, 50, 51]
YNEW:[32, 8, 13, 16, 18, 29, 37, 40, 49, 54, 56, 80, 99, 116, 222, 247, 289, 316, 330, 397, 447, 485, 510, 585, 619, 564, 557, 573, 261, 209, 239, 207, 219, 206, 204, 181, 183, 158, 122, 108, 73, 56, 59, 40, 39, 24, 19, 8, 8, 3, 1]
YTOT: [32, 40, 53, 69, 87, 116, 153, 193, 242, 296, 352, 432, 531, 647, 869, 1116, 1405, 1721, 2051, 2448, 2895, 3380, 3890, 4475, 5094, 5658, 6215, 6788, 7049, 7258, 7497, 7704, 7923, 8129, 8333, 8514, 8697, 8855, 8977, 9085, 9158, 9214, 9273, 9313, 9352, 9376, 9395, 9403, 9411, 9414, 9415]

INFO: Total Population: 10040000
INFO: R0: 2
INFO: Incubation Period: 5
INFO: Illness Period: 12
X:[0, 1, 2, 3, 4, 5, 6, 7, 8, 9, 10, 11, 12, 13, 14, 15, 16, 17, 18, 19, 20, 21, 22, 23, 24, 25, 26, 27, 28, 29, 30, 31, 32, 33, 34, 35, 36, 37, 38, 39, 40, 41, 42, 43, 44, 45, 46, 47, 48, 49, 50]
YNEW:[32, 8, 13, 16, 18, 29, 37, 40, 49, 54, 56, 80, 99, 116, 222, 247, 289, 316, 330, 397, 447, 485, 510, 585, 619, 564, 557, 573, 266, 243, 271, 209, 221, 181, 195, 207, 183, 146, 152, 105, 70, 61, 51, 42, 38, 33, 12, 11, 10, 2]
YTOT: [32, 40, 53, 69, 87, 116, 153, 193, 242, 296, 352, 432, 531, 647, 869, 1116, 1405, 1721, 2051, 2448, 2895, 3380, 3890, 4475, 5094, 5658, 6215, 6788, 7054, 7297, 7568, 7777, 7998, 8179, 8374, 8581, 8764, 8910, 9062, 9167, 9237, 9298, 9349, 9391, 9429, 9462, 9474, 9485, 9495, 9497]

INFO: Total Population: 10040000
INFO: R0: 2
INFO: Incubation Period: 5
INFO: Illness Period: 12
X:[0, 1, 2, 3, 4, 5, 6, 7, 8, 9, 10, 11, 12, 13, 14, 15, 16, 17, 18, 19, 20, 21, 22, 23, 24, 25, 26, 27, 28, 29, 30, 31, 32, 33, 34, 35, 36, 37, 38, 39, 40, 41, 42, 43, 44, 45, 46, 47, 48, 49, 50]
YNEW:[32, 8, 13, 16, 18, 29, 37, 40, 49, 54, 56, 80, 99, 116, 222, 247, 289, 316, 330, 397, 447, 485, 510, 585, 619, 564, 557, 573, 266, 259, 229, 211, 194, 181, 179, 193, 191, 172, 140, 107, 72, 63, 56, 34, 24, 19, 12, 8, 8, 2]
YTOT: [32, 40, 53, 69, 87, 116, 153, 193, 242, 296, 352, 432, 531, 647, 869, 1116, 1405, 1721, 2051, 2448, 2895, 3380, 3890, 4475, 5094, 5658, 6215, 6788, 7054, 7313, 7542, 7753, 7947, 8128, 8307, 8500, 8691, 8863, 9003, 9110, 9182, 9245, 9301, 9335, 9359, 9378, 9390, 9398, 9406, 9408]

INFO: Total Population: 10040000
INFO: R0: 2
INFO: Incubation Period: 5
INFO: Illness Period: 12
X:[0, 1, 2, 3, 4, 5, 6, 7, 8, 9, 10, 11, 12, 13, 14, 15, 16, 17, 18, 19, 20, 21, 22, 23, 24, 25, 26, 27, 28, 29, 30, 31, 32, 33, 34, 35, 36, 37, 38, 39, 40, 41, 42, 43, 44, 45, 46, 47, 48, 49, 50, 51]
YNEW:[32, 8, 13, 16, 18, 29, 37, 40, 49, 54, 56, 80, 99, 116, 222, 247, 289, 316, 330, 397, 447, 485, 510, 585, 619, 564, 557, 573, 245, 269, 225, 212, 179, 199, 184, 215, 179, 163, 130, 98, 64, 48, 38, 35, 27, 24, 17, 11, 8, 3, 1]
YTOT: [32, 40, 53, 69, 87, 116, 153, 193, 242, 296, 352, 432, 531, 647, 869, 1116, 1405, 1721, 2051, 2448, 2895, 3380, 3890, 4475, 5094, 5658, 6215, 6788, 7033, 7302, 7527, 7739, 7918, 8117, 8301, 8516, 8695, 8858, 8988, 9086, 9150, 9198, 9236, 9271, 9298, 9322, 9339, 9350, 9358, 9361, 9362]

INFO: Total Population: 10040000
INFO: R0: 2
INFO: Incubation Period: 5
INFO: Illness Period: 12
X:[0, 1, 2, 3, 4, 5, 6, 7, 8, 9, 10, 11, 12, 13, 14, 15, 16, 17, 18, 19, 20, 21, 22, 23, 24, 25, 26, 27, 28, 29, 30, 31, 32, 33, 34, 35, 36, 37, 38, 39, 40, 41, 42, 43, 44, 45, 46, 47, 48, 49, 50]
YNEW:[32, 8, 13, 16, 18, 29, 37, 40, 49, 54, 56, 80, 99, 116, 222, 247, 289, 316, 330, 397, 447, 485, 510, 585, 619, 564, 557, 573, 253, 251, 236, 207, 211, 197, 198, 189, 171, 154, 114, 111, 59, 62, 38, 37, 36, 23, 21, 16, 7, 4]
YTOT: [32, 40, 53, 69, 87, 116, 153, 193, 242, 296, 352, 432, 531, 647, 869, 1116, 1405, 1721, 2051, 2448, 2895, 3380, 3890, 4475, 5094, 5658, 6215, 6788, 7041, 7292, 7528, 7735, 7946, 8143, 8341, 8530, 8701, 8855, 8969, 9080, 9139, 9201, 9239, 9276, 9312, 9335, 9356, 9372, 9379, 9383]

INFO: Total Population: 10040000
INFO: R0: 2
INFO: Incubation Period: 5
INFO: Illness Period: 12
X:[0, 1, 2, 3, 4, 5, 6, 7, 8, 9, 10, 11, 12, 13, 14, 15, 16, 17, 18, 19, 20, 21, 22, 23, 24, 25, 26, 27, 28, 29, 30, 31, 32, 33, 34, 35, 36, 37, 38, 39, 40, 41, 42, 43, 44, 45, 46, 47, 48, 49, 50]
YNEW:[32, 8, 13, 16, 18, 29, 37, 40, 49, 54, 56, 80, 99, 116, 222, 247, 289, 316, 330, 397, 447, 485, 510, 585, 619, 564, 557, 573, 229, 271, 213, 214, 200, 160, 193, 198, 179, 154, 138, 113, 59, 51, 57, 46, 32, 32, 17, 8, 5, 5]
YTOT: [32, 40, 53, 69, 87, 116, 153, 193, 242, 296, 352, 432, 531, 647, 869, 1116, 1405, 1721, 2051, 2448, 2895, 3380, 3890, 4475, 5094, 5658, 6215, 6788, 7017, 7288, 7501, 7715, 7915, 8075, 8268, 8466, 8645, 8799, 8937, 9050, 9109, 9160, 9217, 9263, 9295, 9327, 9344, 9352, 9357, 9362]

INFO: Total Population: 10040000
INFO: R0: 2
INFO: Incubation Period: 5
INFO: Illness Period: 12
X:[0, 1, 2, 3, 4, 5, 6, 7, 8, 9, 10, 11, 12, 13, 14, 15, 16, 17, 18, 19, 20, 21, 22, 23, 24, 25, 26, 27, 28, 29, 30, 31, 32, 33, 34, 35, 36, 37, 38, 39, 40, 41, 42, 43, 44, 45, 46, 47, 48, 49, 50, 51]
YNEW:[32, 8, 13, 16, 18, 29, 37, 40, 49, 54, 56, 80, 99, 116, 222, 247, 289, 316, 330, 397, 447, 485, 510, 585, 619, 564, 557, 573, 249, 265, 253, 211, 202, 174, 214, 188, 168, 146, 142, 110, 57, 57, 51, 37, 38, 28, 18, 15, 8, 2, 1]
YTOT: [32, 40, 53, 69, 87, 116, 153, 193, 242, 296, 352, 432, 531, 647, 869, 1116, 1405, 1721, 2051, 2448, 2895, 3380, 3890, 4475, 5094, 5658, 6215, 6788, 7037, 7302, 7555, 7766, 7968, 8142, 8356, 8544, 8712, 8858, 9000, 9110, 9167, 9224, 9275, 9312, 9350, 9378, 9396, 9411, 9419, 9421, 9422]

INFO: Total Population: 10040000
INFO: R0: 2
INFO: Incubation Period: 5
INFO: Illness Period: 12
X:[0, 1, 2, 3, 4, 5, 6, 7, 8, 9, 10, 11, 12, 13, 14, 15, 16, 17, 18, 19, 20, 21, 22, 23, 24, 25, 26, 27, 28, 29, 30, 31, 32, 33, 34, 35, 36, 37, 38, 39, 40, 41, 42, 43, 44, 45, 46, 47, 48, 49, 50, 51]
YNEW:[32, 8, 13, 16, 18, 29, 37, 40, 49, 54, 56, 80, 99, 116, 222, 247, 289, 316, 330, 397, 447, 485, 510, 585, 619, 564, 557, 573, 245, 243, 222, 222, 184, 205, 175, 175, 195, 167, 135, 109, 61, 48, 39, 38, 40, 19, 10, 10, 9, 4, 1]
YTOT: [32, 40, 53, 69, 87, 116, 153, 193, 242, 296, 352, 432, 531, 647, 869, 1116, 1405, 1721, 2051, 2448, 2895, 3380, 3890, 4475, 5094, 5658, 6215, 6788, 7033, 7276, 7498, 7720, 7904, 8109, 8284, 8459, 8654, 8821, 8956, 9065, 9126, 9174, 9213, 9251, 9291, 9310, 9320, 9330, 9339, 9343, 9344]

INFO: Total Population: 10040000
INFO: R0: 2
INFO: Incubation Period: 5
INFO: Illness Period: 12
X:[0, 1, 2, 3, 4, 5, 6, 7, 8, 9, 10, 11, 12, 13, 14, 15, 16, 17, 18, 19, 20, 21, 22, 23, 24, 25, 26, 27, 28, 29, 30, 31, 32, 33, 34, 35, 36, 37, 38, 39, 40, 41, 42, 43, 44, 45, 46, 47, 48, 49, 50, 51]
YNEW:[32, 8, 13, 16, 18, 29, 37, 40, 49, 54, 56, 80, 99, 116, 222, 247, 289, 316, 330, 397, 447, 485, 510, 585, 619, 564, 557, 573, 232, 249, 230, 209, 188, 184, 178, 189, 174, 154, 139, 93, 66, 45, 44, 38, 29, 23, 24, 12, 4, 3, 1]
YTOT: [32, 40, 53, 69, 87, 116, 153, 193, 242, 296, 352, 432, 531, 647, 869, 1116, 1405, 1721, 2051, 2448, 2895, 3380, 3890, 4475, 5094, 5658, 6215, 6788, 7020, 7269, 7499, 7708, 7896, 8080, 8258, 8447, 8621, 8775, 8914, 9007, 9073, 9118, 9162, 9200, 9229, 9252, 9276, 9288, 9292, 9295, 9296]

INFO: Total Population: 10040000
INFO: R0: 2
INFO: Incubation Period: 5
INFO: Illness Period: 12
X:[0, 1, 2, 3, 4, 5, 6, 7, 8, 9, 10, 11, 12, 13, 14, 15, 16, 17, 18, 19, 20, 21, 22, 23, 24, 25, 26, 27, 28, 29, 30, 31, 32, 33, 34, 35, 36, 37, 38, 39, 40, 41, 42, 43, 44, 45, 46, 47, 48, 49, 50, 51]
YNEW:[32, 8, 13, 16, 18, 29, 37, 40, 49, 54, 56, 80, 99, 116, 222, 247, 289, 316, 330, 397, 447, 485, 510, 585, 619, 564, 557, 573, 245, 259, 219, 239, 209, 202, 200, 177, 171, 159, 144, 122, 64, 66, 32, 50, 27, 21, 18, 14, 4, 3, 3]
YTOT: [32, 40, 53, 69, 87, 116, 153, 193, 242, 296, 352, 432, 531, 647, 869, 1116, 1405, 1721, 2051, 2448, 2895, 3380, 3890, 4475, 5094, 5658, 6215, 6788, 7033, 7292, 7511, 7750, 7959, 8161, 8361, 8538, 8709, 8868, 9012, 9134, 9198, 9264, 9296, 9346, 9373, 9394, 9412, 9426, 9430, 9433, 9436]

INFO: Total Population: 10040000
INFO: R0: 2
INFO: Incubation Period: 5
INFO: Illness Period: 12
X:[0, 1, 2, 3, 4, 5, 6, 7, 8, 9, 10, 11, 12, 13, 14, 15, 16, 17, 18, 19, 20, 21, 22, 23, 24, 25, 26, 27, 28, 29, 30, 31, 32, 33, 34, 35, 36, 37, 38, 39, 40, 41, 42, 43, 44, 45, 46, 47, 48, 49, 50]
YNEW:[32, 8, 13, 16, 18, 29, 37, 40, 49, 54, 56, 80, 99, 116, 222, 247, 289, 316, 330, 397, 447, 485, 510, 585, 619, 564, 557, 573, 240, 230, 195, 240, 204, 176, 190, 199, 168, 136, 134, 118, 77, 64, 45, 40, 32, 24, 22, 8, 9, 3]
YTOT: [32, 40, 53, 69, 87, 116, 153, 193, 242, 296, 352, 432, 531, 647, 869, 1116, 1405, 1721, 2051, 2448, 2895, 3380, 3890, 4475, 5094, 5658, 6215, 6788, 7028, 7258, 7453, 7693, 7897, 8073, 8263, 8462, 8630, 8766, 8900, 9018, 9095, 9159, 9204, 9244, 9276, 9300, 9322, 9330, 9339, 9342]

INFO: Total Population: 10040000
INFO: R0: 2
INFO: Incubation Period: 5
INFO: Illness Period: 12
X:[0, 1, 2, 3, 4, 5, 6, 7, 8, 9, 10, 11, 12, 13, 14, 15, 16, 17, 18, 19, 20, 21, 22, 23, 24, 25, 26, 27, 28, 29, 30, 31, 32, 33, 34, 35, 36, 37, 38, 39, 40, 41, 42, 43, 44, 45, 46, 47, 48, 49, 50, 51]
YNEW:[32, 8, 13, 16, 18, 29, 37, 40, 49, 54, 56, 80, 99, 116, 222, 247, 289, 316, 330, 397, 447, 485, 510, 585, 619, 564, 557, 573, 261, 224, 236, 203, 209, 226, 186, 179, 180, 134, 136, 95, 67, 56, 51, 40, 26, 28, 18, 10, 8, 7, 1]
YTOT: [32, 40, 53, 69, 87, 116, 153, 193, 242, 296, 352, 432, 531, 647, 869, 1116, 1405, 1721, 2051, 2448, 2895, 3380, 3890, 4475, 5094, 5658, 6215, 6788, 7049, 7273, 7509, 7712, 7921, 8147, 8333, 8512, 8692, 8826, 8962, 9057, 9124, 9180, 9231, 9271, 9297, 9325, 9343, 9353, 9361, 9368, 9369]

INFO: Total Population: 10040000
INFO: R0: 2
INFO: Incubation Period: 5
INFO: Illness Period: 12
X:[0, 1, 2, 3, 4, 5, 6, 7, 8, 9, 10, 11, 12, 13, 14, 15, 16, 17, 18, 19, 20, 21, 22, 23, 24, 25, 26, 27, 28, 29, 30, 31, 32, 33, 34, 35, 36, 37, 38, 39, 40, 41, 42, 43, 44, 45, 46, 47, 48, 49, 50]
YNEW:[32, 8, 13, 16, 18, 29, 37, 40, 49, 54, 56, 80, 99, 116, 222, 247, 289, 316, 330, 397, 447, 485, 510, 585, 619, 564, 557, 573, 243, 238, 235, 234, 192, 183, 215, 185, 191, 146, 136, 92, 75, 51, 49, 38, 28, 23, 17, 12, 9, 2]
YTOT: [32, 40, 53, 69, 87, 116, 153, 193, 242, 296, 352, 432, 531, 647, 869, 1116, 1405, 1721, 2051, 2448, 2895, 3380, 3890, 4475, 5094, 5658, 6215, 6788, 7031, 7269, 7504, 7738, 7930, 8113, 8328, 8513, 8704, 8850, 8986, 9078, 9153, 9204, 9253, 9291, 9319, 9342, 9359, 9371, 9380, 9382]

INFO: Total Population: 10040000
INFO: R0: 2
INFO: Incubation Period: 5
INFO: Illness Period: 12
X:[0, 1, 2, 3, 4, 5, 6, 7, 8, 9, 10, 11, 12, 13, 14, 15, 16, 17, 18, 19, 20, 21, 22, 23, 24, 25, 26, 27, 28, 29, 30, 31, 32, 33, 34, 35, 36, 37, 38, 39, 40, 41, 42, 43, 44, 45, 46, 47, 48, 49, 50, 51]
YNEW:[32, 8, 13, 16, 18, 29, 37, 40, 49, 54, 56, 80, 99, 116, 222, 247, 289, 316, 330, 397, 447, 485, 510, 585, 619, 564, 557, 573, 255, 221, 257, 228, 206, 216, 193, 192, 215, 151, 131, 98, 66, 49, 58, 43, 34, 22, 13, 16, 7, 2, 1]
YTOT: [32, 40, 53, 69, 87, 116, 153, 193, 242, 296, 352, 432, 531, 647, 869, 1116, 1405, 1721, 2051, 2448, 2895, 3380, 3890, 4475, 5094, 5658, 6215, 6788, 7043, 7264, 7521, 7749, 7955, 8171, 8364, 8556, 8771, 8922, 9053, 9151, 9217, 9266, 9324, 9367, 9401, 9423, 9436, 9452, 9459, 9461, 9462]

INFO: Total Population: 10040000
INFO: R0: 2
INFO: Incubation Period: 5
INFO: Illness Period: 12
X:[0, 1, 2, 3, 4, 5, 6, 7, 8, 9, 10, 11, 12, 13, 14, 15, 16, 17, 18, 19, 20, 21, 22, 23, 24, 25, 26, 27, 28, 29, 30, 31, 32, 33, 34, 35, 36, 37, 38, 39, 40, 41, 42, 43, 44, 45, 46, 47, 48, 49, 50, 51]
YNEW:[32, 8, 13, 16, 18, 29, 37, 40, 49, 54, 56, 80, 99, 116, 222, 247, 289, 316, 330, 397, 447, 485, 510, 585, 619, 564, 557, 573, 242, 255, 236, 185, 211, 174, 193, 187, 163, 152, 152, 98, 74, 64, 32, 43, 26, 22, 20, 8, 8, 3, 1]
YTOT: [32, 40, 53, 69, 87, 116, 153, 193, 242, 296, 352, 432, 531, 647, 869, 1116, 1405, 1721, 2051, 2448, 2895, 3380, 3890, 4475, 5094, 5658, 6215, 6788, 7030, 7285, 7521, 7706, 7917, 8091, 8284, 8471, 8634, 8786, 8938, 9036, 9110, 9174, 9206, 9249, 9275, 9297, 9317, 9325, 9333, 9336, 9337]

INFO: Total Population: 10040000
INFO: R0: 2
INFO: Incubation Period: 5
INFO: Illness Period: 12
X:[0, 1, 2, 3, 4, 5, 6, 7, 8, 9, 10, 11, 12, 13, 14, 15, 16, 17, 18, 19, 20, 21, 22, 23, 24, 25, 26, 27, 28, 29, 30, 31, 32, 33, 34, 35, 36, 37, 38, 39, 40, 41, 42, 43, 44, 45, 46, 47, 48, 49, 50, 51]
YNEW:[32, 8, 13, 16, 18, 29, 37, 40, 49, 54, 56, 80, 99, 116, 222, 247, 289, 316, 330, 397, 447, 485, 510, 585, 619, 564, 557, 573, 253, 256, 238, 221, 190, 202, 190, 191, 167, 154, 139, 95, 68, 46, 51, 51, 27, 24, 17, 6, 6, 4, 1]
YTOT: [32, 40, 53, 69, 87, 116, 153, 193, 242, 296, 352, 432, 531, 647, 869, 1116, 1405, 1721, 2051, 2448, 2895, 3380, 3890, 4475, 5094, 5658, 6215, 6788, 7041, 7297, 7535, 7756, 7946, 8148, 8338, 8529, 8696, 8850, 8989, 9084, 9152, 9198, 9249, 9300, 9327, 9351, 9368, 9374, 9380, 9384, 9385]

INFO: Total Population: 10040000
INFO: R0: 2
INFO: Incubation Period: 5
INFO: Illness Period: 12
X:[0, 1, 2, 3, 4, 5, 6, 7, 8, 9, 10, 11, 12, 13, 14, 15, 16, 17, 18, 19, 20, 21, 22, 23, 24, 25, 26, 27, 28, 29, 30, 31, 32, 33, 34, 35, 36, 37, 38, 39, 40, 41, 42, 43, 44, 45, 46, 47, 48, 49, 50, 51]
YNEW:[32, 8, 13, 16, 18, 29, 37, 40, 49, 54, 56, 80, 99, 116, 222, 247, 289, 316, 330, 397, 447, 485, 510, 585, 619, 564, 557, 573, 265, 257, 222, 223, 206, 192, 205, 192, 176, 151, 142, 98, 61, 50, 48, 37, 30, 23, 16, 20, 5, 2, 1]
YTOT: [32, 40, 53, 69, 87, 116, 153, 193, 242, 296, 352, 432, 531, 647, 869, 1116, 1405, 1721, 2051, 2448, 2895, 3380, 3890, 4475, 5094, 5658, 6215, 6788, 7053, 7310, 7532, 7755, 7961, 8153, 8358, 8550, 8726, 8877, 9019, 9117, 9178, 9228, 9276, 9313, 9343, 9366, 9382, 9402, 9407, 9409, 9410]

INFO: Total Population: 10040000
INFO: R0: 2
INFO: Incubation Period: 5
INFO: Illness Period: 12
X:[0, 1, 2, 3, 4, 5, 6, 7, 8, 9, 10, 11, 12, 13, 14, 15, 16, 17, 18, 19, 20, 21, 22, 23, 24, 25, 26, 27, 28, 29, 30, 31, 32, 33, 34, 35, 36, 37, 38, 39, 40, 41, 42, 43, 44, 45, 46, 47, 48, 49, 50, 51]
YNEW:[32, 8, 13, 16, 18, 29, 37, 40, 49, 54, 56, 80, 99, 116, 222, 247, 289, 316, 330, 397, 447, 485, 510, 585, 619, 564, 557, 573, 245, 250, 216, 218, 203, 200, 197, 192, 173, 151, 140, 107, 60, 58, 51, 47, 31, 25, 19, 8, 5, 5, 2]
YTOT: [32, 40, 53, 69, 87, 116, 153, 193, 242, 296, 352, 432, 531, 647, 869, 1116, 1405, 1721, 2051, 2448, 2895, 3380, 3890, 4475, 5094, 5658, 6215, 6788, 7033, 7283, 7499, 7717, 7920, 8120, 8317, 8509, 8682, 8833, 8973, 9080, 9140, 9198, 9249, 9296, 9327, 9352, 9371, 9379, 9384, 9389, 9391]

INFO: Total Population: 10040000
INFO: R0: 2
INFO: Incubation Period: 5
INFO: Illness Period: 12
X:[0, 1, 2, 3, 4, 5, 6, 7, 8, 9, 10, 11, 12, 13, 14, 15, 16, 17, 18, 19, 20, 21, 22, 23, 24, 25, 26, 27, 28, 29, 30, 31, 32, 33, 34, 35, 36, 37, 38, 39, 40, 41, 42, 43, 44, 45, 46, 47, 48, 49, 50, 51]
YNEW:[32, 8, 13, 16, 18, 29, 37, 40, 49, 54, 56, 80, 99, 116, 222, 247, 289, 316, 330, 397, 447, 485, 510, 585, 619, 564, 557, 573, 253, 278, 231, 198, 178, 191, 211, 174, 173, 155, 154, 97, 63, 55, 55, 42, 22, 18, 21, 6, 3, 1, 3]
YTOT: [32, 40, 53, 69, 87, 116, 153, 193, 242, 296, 352, 432, 531, 647, 869, 1116, 1405, 1721, 2051, 2448, 2895, 3380, 3890, 4475, 5094, 5658, 6215, 6788, 7041, 7319, 7550, 7748, 7926, 8117, 8328, 8502, 8675, 8830, 8984, 9081, 9144, 9199, 9254, 9296, 9318, 9336, 9357, 9363, 9366, 9367, 9370]

INFO: Total Population: 10040000
INFO: R0: 2
INFO: Incubation Period: 5
INFO: Illness Period: 12
X:[0, 1, 2, 3, 4, 5, 6, 7, 8, 9, 10, 11, 12, 13, 14, 15, 16, 17, 18, 19, 20, 21, 22, 23, 24, 25, 26, 27, 28, 29, 30, 31, 32, 33, 34, 35, 36, 37, 38, 39, 40, 41, 42, 43, 44, 45, 46, 47, 48, 49, 50]
YNEW:[32, 8, 13, 16, 18, 29, 37, 40, 49, 54, 56, 80, 99, 116, 222, 247, 289, 316, 330, 397, 447, 485, 510, 585, 619, 564, 557, 573, 251, 250, 234, 234, 207, 225, 218, 198, 172, 142, 139, 127, 64, 70, 49, 46, 29, 32, 16, 15, 5, 4]
YTOT: [32, 40, 53, 69, 87, 116, 153, 193, 242, 296, 352, 432, 531, 647, 869, 1116, 1405, 1721, 2051, 2448, 2895, 3380, 3890, 4475, 5094, 5658, 6215, 6788, 7039, 7289, 7523, 7757, 7964, 8189, 8407, 8605, 8777, 8919, 9058, 9185, 9249, 9319, 9368, 9414, 9443, 9475, 9491, 9506, 9511, 9515]

INFO: Total Population: 10040000
INFO: R0: 2
INFO: Incubation Period: 5
INFO: Illness Period: 12
X:[0, 1, 2, 3, 4, 5, 6, 7, 8, 9, 10, 11, 12, 13, 14, 15, 16, 17, 18, 19, 20, 21, 22, 23, 24, 25, 26, 27, 28, 29, 30, 31, 32, 33, 34, 35, 36, 37, 38, 39, 40, 41, 42, 43, 44, 45, 46, 47, 48, 49, 50]
YNEW:[32, 8, 13, 16, 18, 29, 37, 40, 49, 54, 56, 80, 99, 116, 222, 247, 289, 316, 330, 397, 447, 485, 510, 585, 619, 564, 557, 573, 244, 261, 200, 250, 205, 203, 231, 188, 163, 160, 133, 103, 77, 71, 48, 47, 37, 34, 20, 14, 4, 4]
YTOT: [32, 40, 53, 69, 87, 116, 153, 193, 242, 296, 352, 432, 531, 647, 869, 1116, 1405, 1721, 2051, 2448, 2895, 3380, 3890, 4475, 5094, 5658, 6215, 6788, 7032, 7293, 7493, 7743, 7948, 8151, 8382, 8570, 8733, 8893, 9026, 9129, 9206, 9277, 9325, 9372, 9409, 9443, 9463, 9477, 9481, 9485]

INFO: Total Population: 10040000
INFO: R0: 2
INFO: Incubation Period: 5
INFO: Illness Period: 12
X:[0, 1, 2, 3, 4, 5, 6, 7, 8, 9, 10, 11, 12, 13, 14, 15, 16, 17, 18, 19, 20, 21, 22, 23, 24, 25, 26, 27, 28, 29, 30, 31, 32, 33, 34, 35, 36, 37, 38, 39, 40, 41, 42, 43, 44, 45, 46, 47, 48, 49, 50]
YNEW:[32, 8, 13, 16, 18, 29, 37, 40, 49, 54, 56, 80, 99, 116, 222, 247, 289, 316, 330, 397, 447, 485, 510, 585, 619, 564, 557, 573, 247, 206, 242, 237, 188, 179, 198, 180, 188, 157, 126, 102, 56, 63, 46, 35, 29, 26, 16, 8, 8, 3]
YTOT: [32, 40, 53, 69, 87, 116, 153, 193, 242, 296, 352, 432, 531, 647, 869, 1116, 1405, 1721, 2051, 2448, 2895, 3380, 3890, 4475, 5094, 5658, 6215, 6788, 7035, 7241, 7483, 7720, 7908, 8087, 8285, 8465, 8653, 8810, 8936, 9038, 9094, 9157, 9203, 9238, 9267, 9293, 9309, 9317, 9325, 9328]

INFO: Total Population: 10040000
INFO: R0: 2
INFO: Incubation Period: 5
INFO: Illness Period: 12
X:[0, 1, 2, 3, 4, 5, 6, 7, 8, 9, 10, 11, 12, 13, 14, 15, 16, 17, 18, 19, 20, 21, 22, 23, 24, 25, 26, 27, 28, 29, 30, 31, 32, 33, 34, 35, 36, 37, 38, 39, 40, 41, 42, 43, 44, 45, 46, 47, 48, 49, 50, 51]
YNEW:[32, 8, 13, 16, 18, 29, 37, 40, 49, 54, 56, 80, 99, 116, 222, 247, 289, 316, 330, 397, 447, 485, 510, 585, 619, 564, 557, 573, 247, 217, 213, 226, 186, 210, 208, 225, 183, 140, 139, 115, 67, 42, 53, 42, 29, 31, 17, 14, 6, 2, 1]
YTOT: [32, 40, 53, 69, 87, 116, 153, 193, 242, 296, 352, 432, 531, 647, 869, 1116, 1405, 1721, 2051, 2448, 2895, 3380, 3890, 4475, 5094, 5658, 6215, 6788, 7035, 7252, 7465, 7691, 7877, 8087, 8295, 8520, 8703, 8843, 8982, 9097, 9164, 9206, 9259, 9301, 9330, 9361, 9378, 9392, 9398, 9400, 9401]

INFO: Total Population: 10040000
INFO: R0: 2
INFO: Incubation Period: 5
INFO: Illness Period: 12
X:[0, 1, 2, 3, 4, 5, 6, 7, 8, 9, 10, 11, 12, 13, 14, 15, 16, 17, 18, 19, 20, 21, 22, 23, 24, 25, 26, 27, 28, 29, 30, 31, 32, 33, 34, 35, 36, 37, 38, 39, 40, 41, 42, 43, 44, 45, 46, 47, 48, 49, 50, 51]
YNEW:[32, 8, 13, 16, 18, 29, 37, 40, 49, 54, 56, 80, 99, 116, 222, 247, 289, 316, 330, 397, 447, 485, 510, 585, 619, 564, 557, 573, 262, 243, 276, 199, 220, 198, 172, 204, 178, 145, 149, 105, 65, 58, 38, 34, 39, 34, 16, 9, 7, 4, 2]
YTOT: [32, 40, 53, 69, 87, 116, 153, 193, 242, 296, 352, 432, 531, 647, 869, 1116, 1405, 1721, 2051, 2448, 2895, 3380, 3890, 4475, 5094, 5658, 6215, 6788, 7050, 7293, 7569, 7768, 7988, 8186, 8358, 8562, 8740, 8885, 9034, 9139, 9204, 9262, 9300, 9334, 9373, 9407, 9423, 9432, 9439, 9443, 9445]

INFO: Total Population: 10040000
INFO: R0: 2
INFO: Incubation Period: 5
INFO: Illness Period: 12
X:[0, 1, 2, 3, 4, 5, 6, 7, 8, 9, 10, 11, 12, 13, 14, 15, 16, 17, 18, 19, 20, 21, 22, 23, 24, 25, 26, 27, 28, 29, 30, 31, 32, 33, 34, 35, 36, 37, 38, 39, 40, 41, 42, 43, 44, 45, 46, 47, 48, 49, 50, 51]
YNEW:[32, 8, 13, 16, 18, 29, 37, 40, 49, 54, 56, 80, 99, 116, 222, 247, 289, 316, 330, 397, 447, 485, 510, 585, 619, 564, 557, 573, 241, 245, 230, 213, 198, 191, 214, 178, 160, 150, 137, 104, 65, 54, 47, 38, 32, 31, 17, 19, 5, 1, 1]
YTOT: [32, 40, 53, 69, 87, 116, 153, 193, 242, 296, 352, 432, 531, 647, 869, 1116, 1405, 1721, 2051, 2448, 2895, 3380, 3890, 4475, 5094, 5658, 6215, 6788, 7029, 7274, 7504, 7717, 7915, 8106, 8320, 8498, 8658, 8808, 8945, 9049, 9114, 9168, 9215, 9253, 9285, 9316, 9333, 9352, 9357, 9358, 9359]

INFO: Total Population: 10040000
INFO: R0: 2
INFO: Incubation Period: 5
INFO: Illness Period: 12
X:[0, 1, 2, 3, 4, 5, 6, 7, 8, 9, 10, 11, 12, 13, 14, 15, 16, 17, 18, 19, 20, 21, 22, 23, 24, 25, 26, 27, 28, 29, 30, 31, 32, 33, 34, 35, 36, 37, 38, 39, 40, 41, 42, 43, 44, 45, 46, 47, 48, 49, 50, 51]
YNEW:[32, 8, 13, 16, 18, 29, 37, 40, 49, 54, 56, 80, 99, 116, 222, 247, 289, 316, 330, 397, 447, 485, 510, 585, 619, 564, 557, 573, 219, 237, 250, 231, 214, 198, 182, 192, 181, 157, 130, 107, 70, 58, 46, 46, 28, 31, 21, 16, 9, 9, 2]
YTOT: [32, 40, 53, 69, 87, 116, 153, 193, 242, 296, 352, 432, 531, 647, 869, 1116, 1405, 1721, 2051, 2448, 2895, 3380, 3890, 4475, 5094, 5658, 6215, 6788, 7007, 7244, 7494, 7725, 7939, 8137, 8319, 8511, 8692, 8849, 8979, 9086, 9156, 9214, 9260, 9306, 9334, 9365, 9386, 9402, 9411, 9420, 9422]

INFO: Total Population: 10040000
INFO: R0: 2
INFO: Incubation Period: 5
INFO: Illness Period: 12
X:[0, 1, 2, 3, 4, 5, 6, 7, 8, 9, 10, 11, 12, 13, 14, 15, 16, 17, 18, 19, 20, 21, 22, 23, 24, 25, 26, 27, 28, 29, 30, 31, 32, 33, 34, 35, 36, 37, 38, 39, 40, 41, 42, 43, 44, 45, 46, 47, 48, 49, 50, 51]
YNEW:[32, 8, 13, 16, 18, 29, 37, 40, 49, 54, 56, 80, 99, 116, 222, 247, 289, 316, 330, 397, 447, 485, 510, 585, 619, 564, 557, 573, 252, 234, 232, 227, 178, 178, 225, 201, 171, 177, 159, 101, 68, 64, 55, 36, 25, 20, 17, 9, 6, 3, 2]
YTOT: [32, 40, 53, 69, 87, 116, 153, 193, 242, 296, 352, 432, 531, 647, 869, 1116, 1405, 1721, 2051, 2448, 2895, 3380, 3890, 4475, 5094, 5658, 6215, 6788, 7040, 7274, 7506, 7733, 7911, 8089, 8314, 8515, 8686, 8863, 9022, 9123, 9191, 9255, 9310, 9346, 9371, 9391, 9408, 9417, 9423, 9426, 9428]

INFO: Total Population: 10040000
INFO: R0: 2
INFO: Incubation Period: 5
INFO: Illness Period: 12
X:[0, 1, 2, 3, 4, 5, 6, 7, 8, 9, 10, 11, 12, 13, 14, 15, 16, 17, 18, 19, 20, 21, 22, 23, 24, 25, 26, 27, 28, 29, 30, 31, 32, 33, 34, 35, 36, 37, 38, 39, 40, 41, 42, 43, 44, 45, 46, 47, 48, 49, 50, 51]
YNEW:[32, 8, 13, 16, 18, 29, 37, 40, 49, 54, 56, 80, 99, 116, 222, 247, 289, 316, 330, 397, 447, 485, 510, 585, 619, 564, 557, 573, 240, 266, 217, 231, 196, 192, 229, 169, 182, 147, 126, 109, 71, 56, 54, 36, 35, 18, 15, 7, 8, 1, 1]
YTOT: [32, 40, 53, 69, 87, 116, 153, 193, 242, 296, 352, 432, 531, 647, 869, 1116, 1405, 1721, 2051, 2448, 2895, 3380, 3890, 4475, 5094, 5658, 6215, 6788, 7028, 7294, 7511, 7742, 7938, 8130, 8359, 8528, 8710, 8857, 8983, 9092, 9163, 9219, 9273, 9309, 9344, 9362, 9377, 9384, 9392, 9393, 9394]

INFO: Total Population: 10040000
INFO: R0: 2
INFO: Incubation Period: 5
INFO: Illness Period: 12
X:[0, 1, 2, 3, 4, 5, 6, 7, 8, 9, 10, 11, 12, 13, 14, 15, 16, 17, 18, 19, 20, 21, 22, 23, 24, 25, 26, 27, 28, 29, 30, 31, 32, 33, 34, 35, 36, 37, 38, 39, 40, 41, 42, 43, 44, 45, 46, 47, 48, 49, 50]
YNEW:[32, 8, 13, 16, 18, 29, 37, 40, 49, 54, 56, 80, 99, 116, 222, 247, 289, 316, 330, 397, 447, 485, 510, 585, 619, 564, 557, 573, 248, 249, 230, 194, 201, 187, 202, 198, 180, 150, 140, 88, 80, 55, 61, 41, 24, 31, 17, 10, 6, 4]
YTOT: [32, 40, 53, 69, 87, 116, 153, 193, 242, 296, 352, 432, 531, 647, 869, 1116, 1405, 1721, 2051, 2448, 2895, 3380, 3890, 4475, 5094, 5658, 6215, 6788, 7036, 7285, 7515, 7709, 7910, 8097, 8299, 8497, 8677, 8827, 8967, 9055, 9135, 9190, 9251, 9292, 9316, 9347, 9364, 9374, 9380, 9384]

END