

INFO: Total Population: 446499
INFO: R0: 2
INFO: Incubation Period: 5
INFO: Illness Period: 12
X:[0, 1, 2, 3, 4, 5, 6, 7, 8, 9, 10, 11, 12, 13, 14, 15, 16, 17, 18, 19, 20, 21, 22, 23, 24, 25, 26, 27, 28, 29, 30, 31, 32, 33, 34, 35, 36, 37, 38, 39, 40, 41, 42, 43, 44, 45, 46, 47, 48, 49, 50, 51, 52, 53, 54, 55, 56, 57, 58, 59, 60, 61, 62, 63, 64, 65, 66, 67, 68, 69, 70, 71, 72, 73, 74, 75, 76, 77, 78, 79, 80, 81, 82, 83, 84, 85, 86, 87, 88, 89, 90, 91, 92, 93, 94, 95, 96, 97, 98, 99, 100, 101, 102, 103, 104, 105, 106, 107, 108, 109, 110, 111, 112]
YNEW:[2, 0, 6, 0, 3, 2, 2, 2, 3, 4, 6, 5, 5, 6, 10, 9, 9, 13, 18, 20, 23, 31, 40, 38, 37, 36, 31, 31, 26, 33, 33, 36, 29, 32, 39, 43, 54, 59, 46, 57, 49, 40, 27, 48, 19, 41, 42, 34, 47, 59, 47, 63, 58, 72, 79, 65, 83, 81, 104, 109, 108, 125, 119, 158, 152, 159, 194, 198, 190, 245, 236, 263, 288, 340, 335, 352, 386, 455, 455, 493, 513, 548, 585, 694, 736, 817, 798, 881, 964, 1066, 1106, 1258, 1273, 1365, 1477, 1580, 1698, 1843, 1918, 2068, 1831, 1540, 1339, 1086, 819, 653, 523, 349, 241, 157, 78, 21]
YTOT: [2, 2, 8, 8, 11, 13, 15, 17, 20, 24, 30, 35, 40, 46, 56, 65, 74, 87, 105, 125, 148, 179, 219, 257, 294, 330, 361, 392, 418, 451, 484, 520, 549, 581, 620, 663, 717, 776, 822, 879, 928, 968, 995, 1043, 1062, 1103, 1145, 1179, 1226, 1285, 1332, 1395, 1453, 1525, 1604, 1669, 1752, 1833, 1937, 2046, 2154, 2279, 2398, 2556, 2708, 2867, 3061, 3259, 3449, 3694, 3930, 4193, 4481, 4821, 5156, 5508, 5894, 6349, 6804, 7297, 7810, 8358, 8943, 9637, 10373, 11190, 11988, 12869, 13833, 14899, 16005, 17263, 18536, 19901, 21378, 22958, 24656, 26499, 28417, 30485, 32316, 33856, 35195, 36281, 37100, 37753, 38276, 38625, 38866, 39023, 39101, 39122]

INFO: Total Population: 446499
INFO: R0: 2
INFO: Incubation Period: 5
INFO: Illness Period: 12
X:[0, 1, 2, 3, 4, 5, 6, 7, 8, 9, 10, 11, 12, 13, 14, 15, 16, 17, 18, 19, 20, 21, 22, 23, 24, 25, 26, 27, 28, 29, 30, 31, 32, 33, 34, 35, 36, 37, 38, 39, 40, 41, 42, 43, 44, 45, 46, 47, 48, 49, 50, 51, 52, 53, 54, 55, 56, 57, 58, 59, 60, 61, 62, 63, 64, 65, 66, 67, 68, 69, 70, 71, 72, 73, 74, 75, 76, 77, 78, 79, 80, 81, 82, 83, 84, 85, 86, 87, 88, 89, 90, 91, 92, 93, 94, 95, 96, 97, 98, 99, 100, 101, 102, 103, 104, 105, 106, 107, 108, 109, 110, 111, 112]
YNEW:[2, 0, 6, 0, 3, 2, 2, 2, 3, 4, 6, 5, 5, 6, 10, 9, 9, 13, 18, 20, 23, 31, 40, 38, 37, 36, 31, 31, 26, 33, 33, 36, 29, 32, 39, 43, 54, 59, 46, 57, 49, 40, 40, 39, 37, 35, 33, 27, 52, 52, 60, 51, 59, 49, 70, 84, 95, 84, 100, 106, 107, 134, 132, 143, 157, 155, 172, 213, 221, 241, 233, 246, 278, 294, 330, 392, 392, 417, 449, 500, 495, 538, 615, 669, 759, 764, 796, 908, 933, 1027, 1119, 1209, 1276, 1374, 1468, 1550, 1731, 1846, 1992, 2028, 1751, 1533, 1253, 1100, 850, 645, 531, 400, 254, 140, 81, 22]
YTOT: [2, 2, 8, 8, 11, 13, 15, 17, 20, 24, 30, 35, 40, 46, 56, 65, 74, 87, 105, 125, 148, 179, 219, 257, 294, 330, 361, 392, 418, 451, 484, 520, 549, 581, 620, 663, 717, 776, 822, 879, 928, 968, 1008, 1047, 1084, 1119, 1152, 1179, 1231, 1283, 1343, 1394, 1453, 1502, 1572, 1656, 1751, 1835, 1935, 2041, 2148, 2282, 2414, 2557, 2714, 2869, 3041, 3254, 3475, 3716, 3949, 4195, 4473, 4767, 5097, 5489, 5881, 6298, 6747, 7247, 7742, 8280, 8895, 9564, 10323, 11087, 11883, 12791, 13724, 14751, 15870, 17079, 18355, 19729, 21197, 22747, 24478, 26324, 28316, 30344, 32095, 33628, 34881, 35981, 36831, 37476, 38007, 38407, 38661, 38801, 38882, 38904]

INFO: Total Population: 446499
INFO: R0: 2
INFO: Incubation Period: 5
INFO: Illness Period: 12
X:[0, 1, 2, 3, 4, 5, 6, 7, 8, 9, 10, 11, 12, 13, 14, 15, 16, 17, 18, 19, 20, 21, 22, 23, 24, 25, 26, 27, 28, 29, 30, 31, 32, 33, 34, 35, 36, 37, 38, 39, 40, 41, 42, 43, 44, 45, 46, 47, 48, 49, 50, 51, 52, 53, 54, 55, 56, 57, 58, 59, 60, 61, 62, 63, 64, 65, 66, 67, 68, 69, 70, 71, 72, 73, 74, 75, 76, 77, 78, 79, 80, 81, 82, 83, 84, 85, 86, 87, 88, 89, 90, 91, 92, 93, 94, 95, 96, 97, 98, 99, 100, 101, 102, 103, 104, 105, 106, 107, 108, 109, 110, 111, 112]
YNEW:[2, 0, 6, 0, 3, 2, 2, 2, 3, 4, 6, 5, 5, 6, 10, 9, 9, 13, 18, 20, 23, 31, 40, 38, 37, 36, 31, 31, 26, 33, 33, 36, 29, 32, 39, 43, 54, 59, 46, 57, 49, 40, 48, 41, 40, 28, 20, 29, 49, 55, 55, 61, 45, 65, 72, 79, 77, 95, 100, 91, 107, 114, 136, 133, 166, 160, 163, 180, 197, 218, 277, 251, 278, 317, 325, 354, 377, 402, 448, 499, 534, 548, 586, 615, 685, 776, 803, 879, 964, 989, 1080, 1170, 1231, 1361, 1457, 1514, 1662, 1794, 1908, 2055, 1768, 1536, 1298, 972, 825, 634, 511, 342, 247, 158, 88, 16]
YTOT: [2, 2, 8, 8, 11, 13, 15, 17, 20, 24, 30, 35, 40, 46, 56, 65, 74, 87, 105, 125, 148, 179, 219, 257, 294, 330, 361, 392, 418, 451, 484, 520, 549, 581, 620, 663, 717, 776, 822, 879, 928, 968, 1016, 1057, 1097, 1125, 1145, 1174, 1223, 1278, 1333, 1394, 1439, 1504, 1576, 1655, 1732, 1827, 1927, 2018, 2125, 2239, 2375, 2508, 2674, 2834, 2997, 3177, 3374, 3592, 3869, 4120, 4398, 4715, 5040, 5394, 5771, 6173, 6621, 7120, 7654, 8202, 8788, 9403, 10088, 10864, 11667, 12546, 13510, 14499, 15579, 16749, 17980, 19341, 20798, 22312, 23974, 25768, 27676, 29731, 31499, 33035, 34333, 35305, 36130, 36764, 37275, 37617, 37864, 38022, 38110, 38126]

INFO: Total Population: 446499
INFO: R0: 2
INFO: Incubation Period: 5
INFO: Illness Period: 12
X:[0, 1, 2, 3, 4, 5, 6, 7, 8, 9, 10, 11, 12, 13, 14, 15, 16, 17, 18, 19, 20, 21, 22, 23, 24, 25, 26, 27, 28, 29, 30, 31, 32, 33, 34, 35, 36, 37, 38, 39, 40, 41, 42, 43, 44, 45, 46, 47, 48, 49, 50, 51, 52, 53, 54, 55, 56, 57, 58, 59, 60, 61, 62, 63, 64, 65, 66, 67, 68, 69, 70, 71, 72, 73, 74, 75, 76, 77, 78, 79, 80, 81, 82, 83, 84, 85, 86, 87, 88, 89, 90, 91, 92, 93, 94, 95, 96, 97, 98, 99, 100, 101, 102, 103, 104, 105, 106, 107, 108, 109, 110, 111, 112]
YNEW:[2, 0, 6, 0, 3, 2, 2, 2, 3, 4, 6, 5, 5, 6, 10, 9, 9, 13, 18, 20, 23, 31, 40, 38, 37, 36, 31, 31, 26, 33, 33, 36, 29, 32, 39, 43, 54, 59, 46, 57, 49, 40, 41, 34, 46, 32, 35, 26, 43, 59, 64, 51, 66, 52, 62, 80, 82, 104, 89, 107, 93, 106, 123, 156, 173, 195, 156, 192, 205, 215, 247, 246, 287, 308, 335, 366, 402, 405, 442, 492, 515, 555, 643, 600, 730, 767, 774, 895, 907, 1057, 1159, 1181, 1319, 1359, 1430, 1548, 1642, 1790, 1937, 2066, 1774, 1501, 1275, 1086, 837, 684, 546, 354, 281, 170, 84, 20]
YTOT: [2, 2, 8, 8, 11, 13, 15, 17, 20, 24, 30, 35, 40, 46, 56, 65, 74, 87, 105, 125, 148, 179, 219, 257, 294, 330, 361, 392, 418, 451, 484, 520, 549, 581, 620, 663, 717, 776, 822, 879, 928, 968, 1009, 1043, 1089, 1121, 1156, 1182, 1225, 1284, 1348, 1399, 1465, 1517, 1579, 1659, 1741, 1845, 1934, 2041, 2134, 2240, 2363, 2519, 2692, 2887, 3043, 3235, 3440, 3655, 3902, 4148, 4435, 4743, 5078, 5444, 5846, 6251, 6693, 7185, 7700, 8255, 8898, 9498, 10228, 10995, 11769, 12664, 13571, 14628, 15787, 16968, 18287, 19646, 21076, 22624, 24266, 26056, 27993, 30059, 31833, 33334, 34609, 35695, 36532, 37216, 37762, 38116, 38397, 38567, 38651, 38671]

INFO: Total Population: 446499
INFO: R0: 2
INFO: Incubation Period: 5
INFO: Illness Period: 12
X:[0, 1, 2, 3, 4, 5, 6, 7, 8, 9, 10, 11, 12, 13, 14, 15, 16, 17, 18, 19, 20, 21, 22, 23, 24, 25, 26, 27, 28, 29, 30, 31, 32, 33, 34, 35, 36, 37, 38, 39, 40, 41, 42, 43, 44, 45, 46, 47, 48, 49, 50, 51, 52, 53, 54, 55, 56, 57, 58, 59, 60, 61, 62, 63, 64, 65, 66, 67, 68, 69, 70, 71, 72, 73, 74, 75, 76, 77, 78, 79, 80, 81, 82, 83, 84, 85, 86, 87, 88, 89, 90, 91, 92, 93, 94, 95, 96, 97, 98, 99, 100, 101, 102, 103, 104, 105, 106, 107, 108, 109, 110, 111, 112]
YNEW:[2, 0, 6, 0, 3, 2, 2, 2, 3, 4, 6, 5, 5, 6, 10, 9, 9, 13, 18, 20, 23, 31, 40, 38, 37, 36, 31, 31, 26, 33, 33, 36, 29, 32, 39, 43, 54, 59, 46, 57, 49, 40, 49, 46, 30, 33, 27, 37, 50, 59, 51, 55, 57, 64, 78, 72, 73, 94, 99, 98, 124, 114, 130, 152, 156, 169, 174, 199, 204, 225, 222, 263, 319, 332, 312, 326, 385, 425, 459, 511, 523, 531, 645, 652, 722, 752, 860, 879, 981, 1049, 1088, 1169, 1269, 1420, 1505, 1587, 1698, 1862, 1965, 2003, 1768, 1506, 1280, 1092, 874, 658, 567, 385, 247, 173, 79, 15]
YTOT: [2, 2, 8, 8, 11, 13, 15, 17, 20, 24, 30, 35, 40, 46, 56, 65, 74, 87, 105, 125, 148, 179, 219, 257, 294, 330, 361, 392, 418, 451, 484, 520, 549, 581, 620, 663, 717, 776, 822, 879, 928, 968, 1017, 1063, 1093, 1126, 1153, 1190, 1240, 1299, 1350, 1405, 1462, 1526, 1604, 1676, 1749, 1843, 1942, 2040, 2164, 2278, 2408, 2560, 2716, 2885, 3059, 3258, 3462, 3687, 3909, 4172, 4491, 4823, 5135, 5461, 5846, 6271, 6730, 7241, 7764, 8295, 8940, 9592, 10314, 11066, 11926, 12805, 13786, 14835, 15923, 17092, 18361, 19781, 21286, 22873, 24571, 26433, 28398, 30401, 32169, 33675, 34955, 36047, 36921, 37579, 38146, 38531, 38778, 38951, 39030, 39045]

INFO: Total Population: 446499
INFO: R0: 2
INFO: Incubation Period: 5
INFO: Illness Period: 12
X:[0, 1, 2, 3, 4, 5, 6, 7, 8, 9, 10, 11, 12, 13, 14, 15, 16, 17, 18, 19, 20, 21, 22, 23, 24, 25, 26, 27, 28, 29, 30, 31, 32, 33, 34, 35, 36, 37, 38, 39, 40, 41, 42, 43, 44, 45, 46, 47, 48, 49, 50, 51, 52, 53, 54, 55, 56, 57, 58, 59, 60, 61, 62, 63, 64, 65, 66, 67, 68, 69, 70, 71, 72, 73, 74, 75, 76, 77, 78, 79, 80, 81, 82, 83, 84, 85, 86, 87, 88, 89, 90, 91, 92, 93, 94, 95, 96, 97, 98, 99, 100, 101, 102, 103, 104, 105, 106, 107, 108, 109, 110, 111, 112]
YNEW:[2, 0, 6, 0, 3, 2, 2, 2, 3, 4, 6, 5, 5, 6, 10, 9, 9, 13, 18, 20, 23, 31, 40, 38, 37, 36, 31, 31, 26, 33, 33, 36, 29, 32, 39, 43, 54, 59, 46, 57, 49, 40, 41, 46, 40, 22, 38, 42, 59, 55, 51, 48, 64, 74, 78, 71, 81, 72, 105, 109, 128, 143, 144, 143, 150, 150, 197, 196, 213, 241, 271, 276, 293, 302, 365, 350, 425, 421, 440, 466, 549, 602, 619, 698, 720, 788, 882, 956, 931, 1000, 1132, 1198, 1349, 1408, 1557, 1611, 1708, 1782, 1983, 2137, 1869, 1560, 1340, 1037, 930, 693, 543, 396, 269, 163, 89, 21]
YTOT: [2, 2, 8, 8, 11, 13, 15, 17, 20, 24, 30, 35, 40, 46, 56, 65, 74, 87, 105, 125, 148, 179, 219, 257, 294, 330, 361, 392, 418, 451, 484, 520, 549, 581, 620, 663, 717, 776, 822, 879, 928, 968, 1009, 1055, 1095, 1117, 1155, 1197, 1256, 1311, 1362, 1410, 1474, 1548, 1626, 1697, 1778, 1850, 1955, 2064, 2192, 2335, 2479, 2622, 2772, 2922, 3119, 3315, 3528, 3769, 4040, 4316, 4609, 4911, 5276, 5626, 6051, 6472, 6912, 7378, 7927, 8529, 9148, 9846, 10566, 11354, 12236, 13192, 14123, 15123, 16255, 17453, 18802, 20210, 21767, 23378, 25086, 26868, 28851, 30988, 32857, 34417, 35757, 36794, 37724, 38417, 38960, 39356, 39625, 39788, 39877, 39898]

INFO: Total Population: 446499
INFO: R0: 2
INFO: Incubation Period: 5
INFO: Illness Period: 12
X:[0, 1, 2, 3, 4, 5, 6, 7, 8, 9, 10, 11, 12, 13, 14, 15, 16, 17, 18, 19, 20, 21, 22, 23, 24, 25, 26, 27, 28, 29, 30, 31, 32, 33, 34, 35, 36, 37, 38, 39, 40, 41, 42, 43, 44, 45, 46, 47, 48, 49, 50, 51, 52, 53, 54, 55, 56, 57, 58, 59, 60, 61, 62, 63, 64, 65, 66, 67, 68, 69, 70, 71, 72, 73, 74, 75, 76, 77, 78, 79, 80, 81, 82, 83, 84, 85, 86, 87, 88, 89, 90, 91, 92, 93, 94, 95, 96, 97, 98, 99, 100, 101, 102, 103, 104, 105, 106, 107, 108, 109, 110, 111, 112]
YNEW:[2, 0, 6, 0, 3, 2, 2, 2, 3, 4, 6, 5, 5, 6, 10, 9, 9, 13, 18, 20, 23, 31, 40, 38, 37, 36, 31, 31, 26, 33, 33, 36, 29, 32, 39, 43, 54, 59, 46, 57, 49, 40, 39, 41, 47, 34, 26, 20, 45, 53, 56, 63, 58, 51, 79, 68, 86, 97, 81, 109, 110, 119, 133, 122, 144, 170, 184, 188, 198, 196, 251, 271, 282, 283, 299, 329, 404, 414, 446, 480, 458, 531, 587, 670, 703, 728, 792, 851, 892, 956, 1089, 1168, 1256, 1324, 1402, 1446, 1647, 1751, 1907, 1941, 1742, 1436, 1292, 1076, 814, 682, 508, 373, 241, 166, 98, 17]
YTOT: [2, 2, 8, 8, 11, 13, 15, 17, 20, 24, 30, 35, 40, 46, 56, 65, 74, 87, 105, 125, 148, 179, 219, 257, 294, 330, 361, 392, 418, 451, 484, 520, 549, 581, 620, 663, 717, 776, 822, 879, 928, 968, 1007, 1048, 1095, 1129, 1155, 1175, 1220, 1273, 1329, 1392, 1450, 1501, 1580, 1648, 1734, 1831, 1912, 2021, 2131, 2250, 2383, 2505, 2649, 2819, 3003, 3191, 3389, 3585, 3836, 4107, 4389, 4672, 4971, 5300, 5704, 6118, 6564, 7044, 7502, 8033, 8620, 9290, 9993, 10721, 11513, 12364, 13256, 14212, 15301, 16469, 17725, 19049, 20451, 21897, 23544, 25295, 27202, 29143, 30885, 32321, 33613, 34689, 35503, 36185, 36693, 37066, 37307, 37473, 37571, 37588]

INFO: Total Population: 446499
INFO: R0: 2
INFO: Incubation Period: 5
INFO: Illness Period: 12
X:[0, 1, 2, 3, 4, 5, 6, 7, 8, 9, 10, 11, 12, 13, 14, 15, 16, 17, 18, 19, 20, 21, 22, 23, 24, 25, 26, 27, 28, 29, 30, 31, 32, 33, 34, 35, 36, 37, 38, 39, 40, 41, 42, 43, 44, 45, 46, 47, 48, 49, 50, 51, 52, 53, 54, 55, 56, 57, 58, 59, 60, 61, 62, 63, 64, 65, 66, 67, 68, 69, 70, 71, 72, 73, 74, 75, 76, 77, 78, 79, 80, 81, 82, 83, 84, 85, 86, 87, 88, 89, 90, 91, 92, 93, 94, 95, 96, 97, 98, 99, 100, 101, 102, 103, 104, 105, 106, 107, 108, 109, 110, 111, 112]
YNEW:[2, 0, 6, 0, 3, 2, 2, 2, 3, 4, 6, 5, 5, 6, 10, 9, 9, 13, 18, 20, 23, 31, 40, 38, 37, 36, 31, 31, 26, 33, 33, 36, 29, 32, 39, 43, 54, 59, 46, 57, 49, 40, 43, 36, 43, 24, 42, 44, 42, 68, 56, 51, 72, 60, 83, 79, 86, 91, 88, 110, 122, 139, 135, 131, 171, 171, 191, 209, 228, 231, 276, 290, 293, 326, 348, 392, 414, 427, 456, 519, 535, 629, 643, 670, 758, 798, 895, 917, 1021, 1058, 1220, 1255, 1312, 1460, 1557, 1652, 1762, 1881, 2005, 2156, 1893, 1585, 1312, 1138, 970, 709, 587, 394, 267, 147, 82, 27]
YTOT: [2, 2, 8, 8, 11, 13, 15, 17, 20, 24, 30, 35, 40, 46, 56, 65, 74, 87, 105, 125, 148, 179, 219, 257, 294, 330, 361, 392, 418, 451, 484, 520, 549, 581, 620, 663, 717, 776, 822, 879, 928, 968, 1011, 1047, 1090, 1114, 1156, 1200, 1242, 1310, 1366, 1417, 1489, 1549, 1632, 1711, 1797, 1888, 1976, 2086, 2208, 2347, 2482, 2613, 2784, 2955, 3146, 3355, 3583, 3814, 4090, 4380, 4673, 4999, 5347, 5739, 6153, 6580, 7036, 7555, 8090, 8719, 9362, 10032, 10790, 11588, 12483, 13400, 14421, 15479, 16699, 17954, 19266, 20726, 22283, 23935, 25697, 27578, 29583, 31739, 33632, 35217, 36529, 37667, 38637, 39346, 39933, 40327, 40594, 40741, 40823, 40850]

INFO: Total Population: 446499
INFO: R0: 2
INFO: Incubation Period: 5
INFO: Illness Period: 12
X:[0, 1, 2, 3, 4, 5, 6, 7, 8, 9, 10, 11, 12, 13, 14, 15, 16, 17, 18, 19, 20, 21, 22, 23, 24, 25, 26, 27, 28, 29, 30, 31, 32, 33, 34, 35, 36, 37, 38, 39, 40, 41, 42, 43, 44, 45, 46, 47, 48, 49, 50, 51, 52, 53, 54, 55, 56, 57, 58, 59, 60, 61, 62, 63, 64, 65, 66, 67, 68, 69, 70, 71, 72, 73, 74, 75, 76, 77, 78, 79, 80, 81, 82, 83, 84, 85, 86, 87, 88, 89, 90, 91, 92, 93, 94, 95, 96, 97, 98, 99, 100, 101, 102, 103, 104, 105, 106, 107, 108, 109, 110, 111, 112]
YNEW:[2, 0, 6, 0, 3, 2, 2, 2, 3, 4, 6, 5, 5, 6, 10, 9, 9, 13, 18, 20, 23, 31, 40, 38, 37, 36, 31, 31, 26, 33, 33, 36, 29, 32, 39, 43, 54, 59, 46, 57, 49, 40, 37, 44, 37, 34, 34, 25, 48, 63, 60, 54, 61, 68, 65, 63, 89, 86, 99, 101, 117, 114, 123, 140, 158, 159, 199, 194, 226, 233, 237, 241, 295, 307, 339, 346, 386, 416, 458, 469, 540, 575, 605, 628, 721, 744, 849, 834, 948, 1071, 1128, 1182, 1216, 1397, 1456, 1619, 1710, 1787, 1846, 2084, 1770, 1493, 1298, 1069, 878, 733, 505, 353, 235, 160, 70, 11]
YTOT: [2, 2, 8, 8, 11, 13, 15, 17, 20, 24, 30, 35, 40, 46, 56, 65, 74, 87, 105, 125, 148, 179, 219, 257, 294, 330, 361, 392, 418, 451, 484, 520, 549, 581, 620, 663, 717, 776, 822, 879, 928, 968, 1005, 1049, 1086, 1120, 1154, 1179, 1227, 1290, 1350, 1404, 1465, 1533, 1598, 1661, 1750, 1836, 1935, 2036, 2153, 2267, 2390, 2530, 2688, 2847, 3046, 3240, 3466, 3699, 3936, 4177, 4472, 4779, 5118, 5464, 5850, 6266, 6724, 7193, 7733, 8308, 8913, 9541, 10262, 11006, 11855, 12689, 13637, 14708, 15836, 17018, 18234, 19631, 21087, 22706, 24416, 26203, 28049, 30133, 31903, 33396, 34694, 35763, 36641, 37374, 37879, 38232, 38467, 38627, 38697, 38708]

INFO: Total Population: 446499
INFO: R0: 2
INFO: Incubation Period: 5
INFO: Illness Period: 12
X:[0, 1, 2, 3, 4, 5, 6, 7, 8, 9, 10, 11, 12, 13, 14, 15, 16, 17, 18, 19, 20, 21, 22, 23, 24, 25, 26, 27, 28, 29, 30, 31, 32, 33, 34, 35, 36, 37, 38, 39, 40, 41, 42, 43, 44, 45, 46, 47, 48, 49, 50, 51, 52, 53, 54, 55, 56, 57, 58, 59, 60, 61, 62, 63, 64, 65, 66, 67, 68, 69, 70, 71, 72, 73, 74, 75, 76, 77, 78, 79, 80, 81, 82, 83, 84, 85, 86, 87, 88, 89, 90, 91, 92, 93, 94, 95, 96, 97, 98, 99, 100, 101, 102, 103, 104, 105, 106, 107, 108, 109, 110, 111, 112]
YNEW:[2, 0, 6, 0, 3, 2, 2, 2, 3, 4, 6, 5, 5, 6, 10, 9, 9, 13, 18, 20, 23, 31, 40, 38, 37, 36, 31, 31, 26, 33, 33, 36, 29, 32, 39, 43, 54, 59, 46, 57, 49, 40, 44, 36, 39, 29, 34, 37, 51, 52, 64, 51, 58, 53, 59, 79, 99, 101, 97, 98, 91, 119, 129, 166, 175, 156, 192, 175, 205, 253, 269, 260, 273, 327, 375, 370, 382, 411, 470, 507, 534, 572, 589, 654, 702, 831, 867, 918, 916, 1035, 1177, 1285, 1287, 1371, 1464, 1625, 1755, 1874, 1984, 2090, 1786, 1528, 1344, 1062, 881, 671, 488, 383, 258, 154, 71, 27]
YTOT: [2, 2, 8, 8, 11, 13, 15, 17, 20, 24, 30, 35, 40, 46, 56, 65, 74, 87, 105, 125, 148, 179, 219, 257, 294, 330, 361, 392, 418, 451, 484, 520, 549, 581, 620, 663, 717, 776, 822, 879, 928, 968, 1012, 1048, 1087, 1116, 1150, 1187, 1238, 1290, 1354, 1405, 1463, 1516, 1575, 1654, 1753, 1854, 1951, 2049, 2140, 2259, 2388, 2554, 2729, 2885, 3077, 3252, 3457, 3710, 3979, 4239, 4512, 4839, 5214, 5584, 5966, 6377, 6847, 7354, 7888, 8460, 9049, 9703, 10405, 11236, 12103, 13021, 13937, 14972, 16149, 17434, 18721, 20092, 21556, 23181, 24936, 26810, 28794, 30884, 32670, 34198, 35542, 36604, 37485, 38156, 38644, 39027, 39285, 39439, 39510, 39537]

END