

INFO: Total Population: 446499
INFO: R0: 2
INFO: Incubation Period: 5
INFO: Illness Period: 12
X:[0, 1, 2, 3, 4, 5, 6, 7, 8, 9, 10, 11, 12, 13, 14, 15, 16, 17, 18, 19, 20, 21, 22, 23, 24, 25, 26, 27, 28, 29, 30, 31, 32, 33, 34, 35, 36, 37, 38, 39, 40, 41, 42, 43, 44, 45, 46, 47, 48, 49, 50, 51, 52, 53, 54, 55, 56, 57, 58, 59, 60, 61, 62, 63, 64, 65, 66, 67, 68, 69, 70, 71, 72, 73, 74, 75, 76, 77, 78, 79, 80, 81, 82, 83, 84, 85, 86, 87, 88, 89, 90, 91, 92, 93, 94, 95, 96, 97, 98, 99, 100, 101, 102, 103, 104, 105, 106, 107, 108, 109, 110, 111]
YNEW:[2, 0, 6, 0, 3, 2, 2, 2, 3, 4, 6, 5, 5, 6, 10, 9, 9, 13, 18, 20, 23, 31, 40, 38, 37, 36, 31, 31, 26, 33, 33, 36, 29, 32, 39, 43, 54, 59, 46, 57, 49, 40, 42, 39, 42, 31, 40, 28, 50, 40, 41, 47, 47, 48, 38, 47, 37, 56, 44, 58, 52, 65, 57, 65, 59, 56, 55, 63, 61, 63, 64, 85, 83, 69, 65, 99, 83, 81, 81, 88, 84, 86, 109, 102, 93, 104, 113, 123, 120, 120, 121, 105, 154, 118, 145, 151, 134, 142, 157, 168, 126, 102, 85, 92, 58, 50, 36, 26, 13, 14, 5]
YTOT: [2, 2, 8, 8, 11, 13, 15, 17, 20, 24, 30, 35, 40, 46, 56, 65, 74, 87, 105, 125, 148, 179, 219, 257, 294, 330, 361, 392, 418, 451, 484, 520, 549, 581, 620, 663, 717, 776, 822, 879, 928, 968, 1010, 1049, 1091, 1122, 1162, 1190, 1240, 1280, 1321, 1368, 1415, 1463, 1501, 1548, 1585, 1641, 1685, 1743, 1795, 1860, 1917, 1982, 2041, 2097, 2152, 2215, 2276, 2339, 2403, 2488, 2571, 2640, 2705, 2804, 2887, 2968, 3049, 3137, 3221, 3307, 3416, 3518, 3611, 3715, 3828, 3951, 4071, 4191, 4312, 4417, 4571, 4689, 4834, 4985, 5119, 5261, 5418, 5586, 5712, 5814, 5899, 5991, 6049, 6099, 6135, 6161, 6174, 6188, 6193]

INFO: Total Population: 446499
INFO: R0: 2
INFO: Incubation Period: 5
INFO: Illness Period: 12
X:[0, 1, 2, 3, 4, 5, 6, 7, 8, 9, 10, 11, 12, 13, 14, 15, 16, 17, 18, 19, 20, 21, 22, 23, 24, 25, 26, 27, 28, 29, 30, 31, 32, 33, 34, 35, 36, 37, 38, 39, 40, 41, 42, 43, 44, 45, 46, 47, 48, 49, 50, 51, 52, 53, 54, 55, 56, 57, 58, 59, 60, 61, 62, 63, 64, 65, 66, 67, 68, 69, 70, 71, 72, 73, 74, 75, 76, 77, 78, 79, 80, 81, 82, 83, 84, 85, 86, 87, 88, 89, 90, 91, 92, 93, 94, 95, 96, 97, 98, 99, 100, 101, 102, 103, 104, 105, 106, 107, 108, 109, 110, 111, 112]
YNEW:[2, 0, 6, 0, 3, 2, 2, 2, 3, 4, 6, 5, 5, 6, 10, 9, 9, 13, 18, 20, 23, 31, 40, 38, 37, 36, 31, 31, 26, 33, 33, 36, 29, 32, 39, 43, 54, 59, 46, 57, 49, 40, 57, 47, 43, 24, 34, 39, 49, 43, 39, 59, 42, 45, 52, 48, 43, 54, 53, 61, 48, 47, 61, 59, 70, 57, 59, 62, 61, 104, 73, 81, 65, 59, 94, 88, 88, 100, 95, 90, 99, 104, 94, 112, 122, 119, 95, 102, 127, 135, 133, 133, 136, 126, 126, 132, 159, 137, 164, 149, 120, 132, 81, 78, 71, 42, 44, 30, 13, 15, 1, 1]
YTOT: [2, 2, 8, 8, 11, 13, 15, 17, 20, 24, 30, 35, 40, 46, 56, 65, 74, 87, 105, 125, 148, 179, 219, 257, 294, 330, 361, 392, 418, 451, 484, 520, 549, 581, 620, 663, 717, 776, 822, 879, 928, 968, 1025, 1072, 1115, 1139, 1173, 1212, 1261, 1304, 1343, 1402, 1444, 1489, 1541, 1589, 1632, 1686, 1739, 1800, 1848, 1895, 1956, 2015, 2085, 2142, 2201, 2263, 2324, 2428, 2501, 2582, 2647, 2706, 2800, 2888, 2976, 3076, 3171, 3261, 3360, 3464, 3558, 3670, 3792, 3911, 4006, 4108, 4235, 4370, 4503, 4636, 4772, 4898, 5024, 5156, 5315, 5452, 5616, 5765, 5885, 6017, 6098, 6176, 6247, 6289, 6333, 6363, 6376, 6391, 6392, 6393]

INFO: Total Population: 446499
INFO: R0: 2
INFO: Incubation Period: 5
INFO: Illness Period: 12
X:[0, 1, 2, 3, 4, 5, 6, 7, 8, 9, 10, 11, 12, 13, 14, 15, 16, 17, 18, 19, 20, 21, 22, 23, 24, 25, 26, 27, 28, 29, 30, 31, 32, 33, 34, 35, 36, 37, 38, 39, 40, 41, 42, 43, 44, 45, 46, 47, 48, 49, 50, 51, 52, 53, 54, 55, 56, 57, 58, 59, 60, 61, 62, 63, 64, 65, 66, 67, 68, 69, 70, 71, 72, 73, 74, 75, 76, 77, 78, 79, 80, 81, 82, 83, 84, 85, 86, 87, 88, 89, 90, 91, 92, 93, 94, 95, 96, 97, 98, 99, 100, 101, 102, 103, 104, 105, 106, 107, 108, 109, 110, 111, 112]
YNEW:[2, 0, 6, 0, 3, 2, 2, 2, 3, 4, 6, 5, 5, 6, 10, 9, 9, 13, 18, 20, 23, 31, 40, 38, 37, 36, 31, 31, 26, 33, 33, 36, 29, 32, 39, 43, 54, 59, 46, 57, 49, 40, 41, 40, 35, 34, 36, 29, 44, 41, 41, 45, 47, 44, 31, 43, 45, 52, 52, 54, 53, 47, 53, 57, 58, 59, 57, 66, 55, 63, 56, 69, 99, 82, 72, 74, 68, 92, 83, 103, 75, 74, 92, 87, 110, 112, 107, 114, 108, 109, 120, 100, 116, 122, 129, 119, 126, 141, 153, 168, 104, 101, 72, 75, 55, 64, 29, 27, 9, 11, 6, 1]
YTOT: [2, 2, 8, 8, 11, 13, 15, 17, 20, 24, 30, 35, 40, 46, 56, 65, 74, 87, 105, 125, 148, 179, 219, 257, 294, 330, 361, 392, 418, 451, 484, 520, 549, 581, 620, 663, 717, 776, 822, 879, 928, 968, 1009, 1049, 1084, 1118, 1154, 1183, 1227, 1268, 1309, 1354, 1401, 1445, 1476, 1519, 1564, 1616, 1668, 1722, 1775, 1822, 1875, 1932, 1990, 2049, 2106, 2172, 2227, 2290, 2346, 2415, 2514, 2596, 2668, 2742, 2810, 2902, 2985, 3088, 3163, 3237, 3329, 3416, 3526, 3638, 3745, 3859, 3967, 4076, 4196, 4296, 4412, 4534, 4663, 4782, 4908, 5049, 5202, 5370, 5474, 5575, 5647, 5722, 5777, 5841, 5870, 5897, 5906, 5917, 5923, 5924]

INFO: Total Population: 446499
INFO: R0: 2
INFO: Incubation Period: 5
INFO: Illness Period: 12
X:[0, 1, 2, 3, 4, 5, 6, 7, 8, 9, 10, 11, 12, 13, 14, 15, 16, 17, 18, 19, 20, 21, 22, 23, 24, 25, 26, 27, 28, 29, 30, 31, 32, 33, 34, 35, 36, 37, 38, 39, 40, 41, 42, 43, 44, 45, 46, 47, 48, 49, 50, 51, 52, 53, 54, 55, 56, 57, 58, 59, 60, 61, 62, 63, 64, 65, 66, 67, 68, 69, 70, 71, 72, 73, 74, 75, 76, 77, 78, 79, 80, 81, 82, 83, 84, 85, 86, 87, 88, 89, 90, 91, 92, 93, 94, 95, 96, 97, 98, 99, 100, 101, 102, 103, 104, 105, 106, 107, 108, 109, 110, 111, 112]
YNEW:[2, 0, 6, 0, 3, 2, 2, 2, 3, 4, 6, 5, 5, 6, 10, 9, 9, 13, 18, 20, 23, 31, 40, 38, 37, 36, 31, 31, 26, 33, 33, 36, 29, 32, 39, 43, 54, 59, 46, 57, 49, 40, 44, 45, 31, 32, 28, 35, 46, 43, 43, 43, 33, 38, 41, 47, 49, 45, 39, 53, 51, 54, 55, 46, 56, 61, 44, 66, 60, 65, 58, 72, 70, 76, 69, 83, 61, 88, 88, 82, 92, 86, 88, 105, 102, 89, 101, 107, 94, 107, 113, 123, 116, 119, 116, 124, 118, 140, 137, 151, 118, 99, 82, 78, 52, 33, 32, 20, 16, 14, 4, 2]
YTOT: [2, 2, 8, 8, 11, 13, 15, 17, 20, 24, 30, 35, 40, 46, 56, 65, 74, 87, 105, 125, 148, 179, 219, 257, 294, 330, 361, 392, 418, 451, 484, 520, 549, 581, 620, 663, 717, 776, 822, 879, 928, 968, 1012, 1057, 1088, 1120, 1148, 1183, 1229, 1272, 1315, 1358, 1391, 1429, 1470, 1517, 1566, 1611, 1650, 1703, 1754, 1808, 1863, 1909, 1965, 2026, 2070, 2136, 2196, 2261, 2319, 2391, 2461, 2537, 2606, 2689, 2750, 2838, 2926, 3008, 3100, 3186, 3274, 3379, 3481, 3570, 3671, 3778, 3872, 3979, 4092, 4215, 4331, 4450, 4566, 4690, 4808, 4948, 5085, 5236, 5354, 5453, 5535, 5613, 5665, 5698, 5730, 5750, 5766, 5780, 5784, 5786]

INFO: Total Population: 446499
INFO: R0: 2
INFO: Incubation Period: 5
INFO: Illness Period: 12
X:[0, 1, 2, 3, 4, 5, 6, 7, 8, 9, 10, 11, 12, 13, 14, 15, 16, 17, 18, 19, 20, 21, 22, 23, 24, 25, 26, 27, 28, 29, 30, 31, 32, 33, 34, 35, 36, 37, 38, 39, 40, 41, 42, 43, 44, 45, 46, 47, 48, 49, 50, 51, 52, 53, 54, 55, 56, 57, 58, 59, 60, 61, 62, 63, 64, 65, 66, 67, 68, 69, 70, 71, 72, 73, 74, 75, 76, 77, 78, 79, 80, 81, 82, 83, 84, 85, 86, 87, 88, 89, 90, 91, 92, 93, 94, 95, 96, 97, 98, 99, 100, 101, 102, 103, 104, 105, 106, 107, 108, 109, 110, 111, 112]
YNEW:[2, 0, 6, 0, 3, 2, 2, 2, 3, 4, 6, 5, 5, 6, 10, 9, 9, 13, 18, 20, 23, 31, 40, 38, 37, 36, 31, 31, 26, 33, 33, 36, 29, 32, 39, 43, 54, 59, 46, 57, 49, 40, 38, 35, 40, 41, 32, 25, 34, 42, 46, 39, 39, 36, 42, 37, 47, 43, 46, 50, 55, 43, 48, 52, 51, 57, 51, 64, 63, 49, 59, 67, 79, 66, 71, 72, 65, 73, 84, 72, 91, 78, 77, 94, 79, 109, 101, 96, 92, 108, 114, 127, 123, 107, 129, 108, 124, 149, 124, 123, 100, 105, 79, 82, 59, 57, 36, 15, 16, 7, 5, 2]
YTOT: [2, 2, 8, 8, 11, 13, 15, 17, 20, 24, 30, 35, 40, 46, 56, 65, 74, 87, 105, 125, 148, 179, 219, 257, 294, 330, 361, 392, 418, 451, 484, 520, 549, 581, 620, 663, 717, 776, 822, 879, 928, 968, 1006, 1041, 1081, 1122, 1154, 1179, 1213, 1255, 1301, 1340, 1379, 1415, 1457, 1494, 1541, 1584, 1630, 1680, 1735, 1778, 1826, 1878, 1929, 1986, 2037, 2101, 2164, 2213, 2272, 2339, 2418, 2484, 2555, 2627, 2692, 2765, 2849, 2921, 3012, 3090, 3167, 3261, 3340, 3449, 3550, 3646, 3738, 3846, 3960, 4087, 4210, 4317, 4446, 4554, 4678, 4827, 4951, 5074, 5174, 5279, 5358, 5440, 5499, 5556, 5592, 5607, 5623, 5630, 5635, 5637]

INFO: Total Population: 446499
INFO: R0: 2
INFO: Incubation Period: 5
INFO: Illness Period: 12
X:[0, 1, 2, 3, 4, 5, 6, 7, 8, 9, 10, 11, 12, 13, 14, 15, 16, 17, 18, 19, 20, 21, 22, 23, 24, 25, 26, 27, 28, 29, 30, 31, 32, 33, 34, 35, 36, 37, 38, 39, 40, 41, 42, 43, 44, 45, 46, 47, 48, 49, 50, 51, 52, 53, 54, 55, 56, 57, 58, 59, 60, 61, 62, 63, 64, 65, 66, 67, 68, 69, 70, 71, 72, 73, 74, 75, 76, 77, 78, 79, 80, 81, 82, 83, 84, 85, 86, 87, 88, 89, 90, 91, 92, 93, 94, 95, 96, 97, 98, 99, 100, 101, 102, 103, 104, 105, 106, 107, 108, 109, 110, 111, 112]
YNEW:[2, 0, 6, 0, 3, 2, 2, 2, 3, 4, 6, 5, 5, 6, 10, 9, 9, 13, 18, 20, 23, 31, 40, 38, 37, 36, 31, 31, 26, 33, 33, 36, 29, 32, 39, 43, 54, 59, 46, 57, 49, 40, 40, 45, 35, 28, 28, 29, 48, 51, 27, 40, 35, 44, 45, 34, 50, 41, 62, 56, 46, 40, 50, 62, 53, 60, 62, 63, 62, 65, 69, 68, 59, 66, 81, 56, 86, 81, 92, 94, 77, 85, 112, 78, 100, 101, 101, 99, 99, 117, 114, 116, 141, 114, 126, 126, 129, 130, 132, 149, 125, 110, 101, 71, 54, 35, 34, 22, 11, 8, 5, 1]
YTOT: [2, 2, 8, 8, 11, 13, 15, 17, 20, 24, 30, 35, 40, 46, 56, 65, 74, 87, 105, 125, 148, 179, 219, 257, 294, 330, 361, 392, 418, 451, 484, 520, 549, 581, 620, 663, 717, 776, 822, 879, 928, 968, 1008, 1053, 1088, 1116, 1144, 1173, 1221, 1272, 1299, 1339, 1374, 1418, 1463, 1497, 1547, 1588, 1650, 1706, 1752, 1792, 1842, 1904, 1957, 2017, 2079, 2142, 2204, 2269, 2338, 2406, 2465, 2531, 2612, 2668, 2754, 2835, 2927, 3021, 3098, 3183, 3295, 3373, 3473, 3574, 3675, 3774, 3873, 3990, 4104, 4220, 4361, 4475, 4601, 4727, 4856, 4986, 5118, 5267, 5392, 5502, 5603, 5674, 5728, 5763, 5797, 5819, 5830, 5838, 5843, 5844]

INFO: Total Population: 446499
INFO: R0: 2
INFO: Incubation Period: 5
INFO: Illness Period: 12
X:[0, 1, 2, 3, 4, 5, 6, 7, 8, 9, 10, 11, 12, 13, 14, 15, 16, 17, 18, 19, 20, 21, 22, 23, 24, 25, 26, 27, 28, 29, 30, 31, 32, 33, 34, 35, 36, 37, 38, 39, 40, 41, 42, 43, 44, 45, 46, 47, 48, 49, 50, 51, 52, 53, 54, 55, 56, 57, 58, 59, 60, 61, 62, 63, 64, 65, 66, 67, 68, 69, 70, 71, 72, 73, 74, 75, 76, 77, 78, 79, 80, 81, 82, 83, 84, 85, 86, 87, 88, 89, 90, 91, 92, 93, 94, 95, 96, 97, 98, 99, 100, 101, 102, 103, 104, 105, 106, 107, 108, 109, 110, 111, 112]
YNEW:[2, 0, 6, 0, 3, 2, 2, 2, 3, 4, 6, 5, 5, 6, 10, 9, 9, 13, 18, 20, 23, 31, 40, 38, 37, 36, 31, 31, 26, 33, 33, 36, 29, 32, 39, 43, 54, 59, 46, 57, 49, 40, 46, 37, 40, 43, 34, 23, 46, 46, 40, 43, 41, 49, 38, 40, 58, 49, 62, 45, 55, 46, 52, 59, 66, 68, 60, 60, 75, 64, 82, 77, 64, 83, 78, 74, 90, 87, 88, 100, 90, 89, 86, 107, 111, 114, 108, 128, 97, 115, 130, 108, 133, 127, 135, 135, 122, 146, 155, 158, 136, 127, 87, 53, 59, 54, 34, 20, 15, 8, 7, 1]
YTOT: [2, 2, 8, 8, 11, 13, 15, 17, 20, 24, 30, 35, 40, 46, 56, 65, 74, 87, 105, 125, 148, 179, 219, 257, 294, 330, 361, 392, 418, 451, 484, 520, 549, 581, 620, 663, 717, 776, 822, 879, 928, 968, 1014, 1051, 1091, 1134, 1168, 1191, 1237, 1283, 1323, 1366, 1407, 1456, 1494, 1534, 1592, 1641, 1703, 1748, 1803, 1849, 1901, 1960, 2026, 2094, 2154, 2214, 2289, 2353, 2435, 2512, 2576, 2659, 2737, 2811, 2901, 2988, 3076, 3176, 3266, 3355, 3441, 3548, 3659, 3773, 3881, 4009, 4106, 4221, 4351, 4459, 4592, 4719, 4854, 4989, 5111, 5257, 5412, 5570, 5706, 5833, 5920, 5973, 6032, 6086, 6120, 6140, 6155, 6163, 6170, 6171]

INFO: Total Population: 446499
INFO: R0: 2
INFO: Incubation Period: 5
INFO: Illness Period: 12
X:[0, 1, 2, 3, 4, 5, 6, 7, 8, 9, 10, 11, 12, 13, 14, 15, 16, 17, 18, 19, 20, 21, 22, 23, 24, 25, 26, 27, 28, 29, 30, 31, 32, 33, 34, 35, 36, 37, 38, 39, 40, 41, 42, 43, 44, 45, 46, 47, 48, 49, 50, 51, 52, 53, 54, 55, 56, 57, 58, 59, 60, 61, 62, 63, 64, 65, 66, 67, 68, 69, 70, 71, 72, 73, 74, 75, 76, 77, 78, 79, 80, 81, 82, 83, 84, 85, 86, 87, 88, 89, 90, 91, 92, 93, 94, 95, 96, 97, 98, 99, 100, 101, 102, 103, 104, 105, 106, 107, 108, 109, 110, 111, 112]
YNEW:[2, 0, 6, 0, 3, 2, 2, 2, 3, 4, 6, 5, 5, 6, 10, 9, 9, 13, 18, 20, 23, 31, 40, 38, 37, 36, 31, 31, 26, 33, 33, 36, 29, 32, 39, 43, 54, 59, 46, 57, 49, 40, 39, 46, 39, 20, 36, 36, 48, 46, 45, 33, 33, 40, 47, 49, 48, 43, 46, 52, 59, 60, 47, 56, 65, 38, 70, 67, 73, 74, 72, 65, 85, 79, 63, 73, 76, 94, 92, 74, 88, 87, 89, 78, 109, 109, 102, 108, 110, 100, 107, 115, 132, 134, 137, 140, 150, 146, 128, 166, 134, 95, 92, 70, 58, 34, 29, 22, 19, 13, 7, 1]
YTOT: [2, 2, 8, 8, 11, 13, 15, 17, 20, 24, 30, 35, 40, 46, 56, 65, 74, 87, 105, 125, 148, 179, 219, 257, 294, 330, 361, 392, 418, 451, 484, 520, 549, 581, 620, 663, 717, 776, 822, 879, 928, 968, 1007, 1053, 1092, 1112, 1148, 1184, 1232, 1278, 1323, 1356, 1389, 1429, 1476, 1525, 1573, 1616, 1662, 1714, 1773, 1833, 1880, 1936, 2001, 2039, 2109, 2176, 2249, 2323, 2395, 2460, 2545, 2624, 2687, 2760, 2836, 2930, 3022, 3096, 3184, 3271, 3360, 3438, 3547, 3656, 3758, 3866, 3976, 4076, 4183, 4298, 4430, 4564, 4701, 4841, 4991, 5137, 5265, 5431, 5565, 5660, 5752, 5822, 5880, 5914, 5943, 5965, 5984, 5997, 6004, 6005]

INFO: Total Population: 446499
INFO: R0: 2
INFO: Incubation Period: 5
INFO: Illness Period: 12
X:[0, 1, 2, 3, 4, 5, 6, 7, 8, 9, 10, 11, 12, 13, 14, 15, 16, 17, 18, 19, 20, 21, 22, 23, 24, 25, 26, 27, 28, 29, 30, 31, 32, 33, 34, 35, 36, 37, 38, 39, 40, 41, 42, 43, 44, 45, 46, 47, 48, 49, 50, 51, 52, 53, 54, 55, 56, 57, 58, 59, 60, 61, 62, 63, 64, 65, 66, 67, 68, 69, 70, 71, 72, 73, 74, 75, 76, 77, 78, 79, 80, 81, 82, 83, 84, 85, 86, 87, 88, 89, 90, 91, 92, 93, 94, 95, 96, 97, 98, 99, 100, 101, 102, 103, 104, 105, 106, 107, 108, 109, 110, 111, 112]
YNEW:[2, 0, 6, 0, 3, 2, 2, 2, 3, 4, 6, 5, 5, 6, 10, 9, 9, 13, 18, 20, 23, 31, 40, 38, 37, 36, 31, 31, 26, 33, 33, 36, 29, 32, 39, 43, 54, 59, 46, 57, 49, 40, 41, 36, 44, 36, 33, 31, 34, 49, 62, 35, 38, 40, 35, 44, 49, 42, 47, 59, 58, 46, 49, 49, 61, 67, 59, 54, 60, 67, 88, 62, 73, 62, 68, 79, 76, 88, 66, 75, 85, 93, 95, 93, 80, 92, 96, 115, 110, 113, 111, 114, 109, 115, 116, 128, 124, 117, 145, 143, 106, 94, 84, 66, 54, 47, 41, 20, 10, 9, 5, 1]
YTOT: [2, 2, 8, 8, 11, 13, 15, 17, 20, 24, 30, 35, 40, 46, 56, 65, 74, 87, 105, 125, 148, 179, 219, 257, 294, 330, 361, 392, 418, 451, 484, 520, 549, 581, 620, 663, 717, 776, 822, 879, 928, 968, 1009, 1045, 1089, 1125, 1158, 1189, 1223, 1272, 1334, 1369, 1407, 1447, 1482, 1526, 1575, 1617, 1664, 1723, 1781, 1827, 1876, 1925, 1986, 2053, 2112, 2166, 2226, 2293, 2381, 2443, 2516, 2578, 2646, 2725, 2801, 2889, 2955, 3030, 3115, 3208, 3303, 3396, 3476, 3568, 3664, 3779, 3889, 4002, 4113, 4227, 4336, 4451, 4567, 4695, 4819, 4936, 5081, 5224, 5330, 5424, 5508, 5574, 5628, 5675, 5716, 5736, 5746, 5755, 5760, 5761]

INFO: Total Population: 446499
INFO: R0: 2
INFO: Incubation Period: 5
INFO: Illness Period: 12
X:[0, 1, 2, 3, 4, 5, 6, 7, 8, 9, 10, 11, 12, 13, 14, 15, 16, 17, 18, 19, 20, 21, 22, 23, 24, 25, 26, 27, 28, 29, 30, 31, 32, 33, 34, 35, 36, 37, 38, 39, 40, 41, 42, 43, 44, 45, 46, 47, 48, 49, 50, 51, 52, 53, 54, 55, 56, 57, 58, 59, 60, 61, 62, 63, 64, 65, 66, 67, 68, 69, 70, 71, 72, 73, 74, 75, 76, 77, 78, 79, 80, 81, 82, 83, 84, 85, 86, 87, 88, 89, 90, 91, 92, 93, 94, 95, 96, 97, 98, 99, 100, 101, 102, 103, 104, 105, 106, 107, 108, 109, 110, 111, 112]
YNEW:[2, 0, 6, 0, 3, 2, 2, 2, 3, 4, 6, 5, 5, 6, 10, 9, 9, 13, 18, 20, 23, 31, 40, 38, 37, 36, 31, 31, 26, 33, 33, 36, 29, 32, 39, 43, 54, 59, 46, 57, 49, 40, 44, 38, 48, 32, 29, 29, 48, 44, 38, 42, 36, 36, 39, 52, 36, 45, 48, 51, 51, 46, 57, 55, 57, 52, 64, 65, 67, 76, 63, 58, 70, 85, 76, 69, 66, 75, 86, 81, 92, 94, 101, 102, 92, 98, 99, 97, 120, 115, 107, 129, 102, 118, 148, 120, 147, 116, 124, 151, 122, 105, 105, 67, 57, 48, 34, 26, 14, 9, 9, 1]
YTOT: [2, 2, 8, 8, 11, 13, 15, 17, 20, 24, 30, 35, 40, 46, 56, 65, 74, 87, 105, 125, 148, 179, 219, 257, 294, 330, 361, 392, 418, 451, 484, 520, 549, 581, 620, 663, 717, 776, 822, 879, 928, 968, 1012, 1050, 1098, 1130, 1159, 1188, 1236, 1280, 1318, 1360, 1396, 1432, 1471, 1523, 1559, 1604, 1652, 1703, 1754, 1800, 1857, 1912, 1969, 2021, 2085, 2150, 2217, 2293, 2356, 2414, 2484, 2569, 2645, 2714, 2780, 2855, 2941, 3022, 3114, 3208, 3309, 3411, 3503, 3601, 3700, 3797, 3917, 4032, 4139, 4268, 4370, 4488, 4636, 4756, 4903, 5019, 5143, 5294, 5416, 5521, 5626, 5693, 5750, 5798, 5832, 5858, 5872, 5881, 5890, 5891]

END