

INFO: Total Population: 870044
INFO: R0: 2
INFO: Incubation Period: 5
INFO: Illness Period: 7
X:[0, 1, 2, 3, 4, 5, 6, 7, 8, 9, 10, 11, 12, 13, 14, 15, 16, 17, 18, 19, 20, 21, 22, 23, 24, 25, 26, 27, 28, 29, 30, 31, 32, 33, 34, 35, 36, 37, 38, 39, 40, 41, 42, 43, 44, 45, 46, 47, 48, 49, 50, 51, 52, 53, 54, 55, 56, 57, 58, 59, 60, 61, 62, 63, 64, 65, 66, 67, 68, 69, 70, 71, 72, 73, 74, 75, 76, 77, 78, 79, 80, 81, 82, 83, 84, 85, 86, 87, 88, 89, 90, 91, 92, 93, 94, 95, 96, 97, 98, 99, 100, 101, 102, 103, 104, 105, 106, 107, 108, 109, 110]
YNEW:[0, 0, 0, 0, 0, 0, 0, 0, 0, 0, 0, 0, 0, 0, 0, 0, 0, 0, 0, 0, 0, 0, 0, 0, 0, 0, 0, 0, 0, 0, 0, 0, 0, 0, 0, 0, 0, 0, 0, 0, 0, 0, 0, 1, 1, 3, 2, 4, 3, 3, 2, 3, 3, 6, 5, 5, 6, 10, 12, 9, 14, 17, 19, 22, 31, 40, 38, 37, 36, 31, 31, 26, 33, 33, 36, 29, 32, 39, 43, 54, 59, 46, 57, 49, 40, 27, 29, 43, 29, 47, 40, 40, 29, 21, 38, 35, 29, 33, 32, 26, 21, 12, 14, 17, 14, 11, 5, 5, 1, 1]
YTOT: [0, 0, 0, 0, 0, 0, 0, 0, 0, 0, 0, 0, 0, 0, 0, 0, 0, 0, 0, 0, 0, 0, 0, 0, 0, 0, 0, 0, 0, 0, 0, 0, 0, 0, 0, 0, 0, 0, 0, 0, 0, 0, 0, 1, 2, 5, 7, 11, 14, 17, 19, 22, 25, 31, 36, 41, 47, 57, 69, 78, 92, 109, 128, 150, 181, 221, 259, 296, 332, 363, 394, 420, 453, 486, 522, 551, 583, 622, 665, 719, 778, 824, 881, 930, 970, 997, 1026, 1069, 1098, 1145, 1185, 1225, 1254, 1275, 1313, 1348, 1377, 1410, 1442, 1468, 1489, 1501, 1515, 1532, 1546, 1557, 1562, 1567, 1568, 1569]

INFO: Total Population: 870044
INFO: R0: 2
INFO: Incubation Period: 5
INFO: Illness Period: 7
X:[0, 1, 2, 3, 4, 5, 6, 7, 8, 9, 10, 11, 12, 13, 14, 15, 16, 17, 18, 19, 20, 21, 22, 23, 24, 25, 26, 27, 28, 29, 30, 31, 32, 33, 34, 35, 36, 37, 38, 39, 40, 41, 42, 43, 44, 45, 46, 47, 48, 49, 50, 51, 52, 53, 54, 55, 56, 57, 58, 59, 60, 61, 62, 63, 64, 65, 66, 67, 68, 69, 70, 71, 72, 73, 74, 75, 76, 77, 78, 79, 80, 81, 82, 83, 84, 85, 86, 87, 88, 89, 90, 91, 92, 93, 94, 95, 96, 97, 98, 99, 100, 101, 102, 103, 104, 105, 106, 107, 108, 109, 110]
YNEW:[0, 0, 0, 0, 0, 0, 0, 0, 0, 0, 0, 0, 0, 0, 0, 0, 0, 0, 0, 0, 0, 0, 0, 0, 0, 0, 0, 0, 0, 0, 0, 0, 0, 0, 0, 0, 0, 0, 0, 0, 0, 0, 0, 1, 1, 3, 2, 4, 3, 3, 2, 3, 3, 6, 5, 5, 6, 10, 12, 9, 14, 17, 19, 22, 31, 40, 38, 37, 36, 31, 31, 26, 33, 33, 36, 29, 32, 39, 43, 54, 59, 46, 57, 49, 40, 27, 29, 43, 32, 47, 41, 49, 32, 31, 30, 30, 37, 33, 36, 35, 21, 21, 12, 17, 16, 15, 6, 5, 2, 1]
YTOT: [0, 0, 0, 0, 0, 0, 0, 0, 0, 0, 0, 0, 0, 0, 0, 0, 0, 0, 0, 0, 0, 0, 0, 0, 0, 0, 0, 0, 0, 0, 0, 0, 0, 0, 0, 0, 0, 0, 0, 0, 0, 0, 0, 1, 2, 5, 7, 11, 14, 17, 19, 22, 25, 31, 36, 41, 47, 57, 69, 78, 92, 109, 128, 150, 181, 221, 259, 296, 332, 363, 394, 420, 453, 486, 522, 551, 583, 622, 665, 719, 778, 824, 881, 930, 970, 997, 1026, 1069, 1101, 1148, 1189, 1238, 1270, 1301, 1331, 1361, 1398, 1431, 1467, 1502, 1523, 1544, 1556, 1573, 1589, 1604, 1610, 1615, 1617, 1618]

INFO: Total Population: 870044
INFO: R0: 2
INFO: Incubation Period: 5
INFO: Illness Period: 7
X:[0, 1, 2, 3, 4, 5, 6, 7, 8, 9, 10, 11, 12, 13, 14, 15, 16, 17, 18, 19, 20, 21, 22, 23, 24, 25, 26, 27, 28, 29, 30, 31, 32, 33, 34, 35, 36, 37, 38, 39, 40, 41, 42, 43, 44, 45, 46, 47, 48, 49, 50, 51, 52, 53, 54, 55, 56, 57, 58, 59, 60, 61, 62, 63, 64, 65, 66, 67, 68, 69, 70, 71, 72, 73, 74, 75, 76, 77, 78, 79, 80, 81, 82, 83, 84, 85, 86, 87, 88, 89, 90, 91, 92, 93, 94, 95, 96, 97, 98, 99, 100, 101, 102, 103, 104, 105, 106, 107, 108, 109]
YNEW:[0, 0, 0, 0, 0, 0, 0, 0, 0, 0, 0, 0, 0, 0, 0, 0, 0, 0, 0, 0, 0, 0, 0, 0, 0, 0, 0, 0, 0, 0, 0, 0, 0, 0, 0, 0, 0, 0, 0, 0, 0, 0, 0, 1, 1, 3, 2, 4, 3, 3, 2, 3, 3, 6, 5, 5, 6, 10, 12, 9, 14, 17, 19, 22, 31, 40, 38, 37, 36, 31, 31, 26, 33, 33, 36, 29, 32, 39, 43, 54, 59, 46, 57, 49, 40, 27, 29, 43, 38, 30, 32, 45, 31, 40, 37, 31, 35, 22, 32, 25, 15, 15, 23, 20, 16, 11, 8, 3, 2]
YTOT: [0, 0, 0, 0, 0, 0, 0, 0, 0, 0, 0, 0, 0, 0, 0, 0, 0, 0, 0, 0, 0, 0, 0, 0, 0, 0, 0, 0, 0, 0, 0, 0, 0, 0, 0, 0, 0, 0, 0, 0, 0, 0, 0, 1, 2, 5, 7, 11, 14, 17, 19, 22, 25, 31, 36, 41, 47, 57, 69, 78, 92, 109, 128, 150, 181, 221, 259, 296, 332, 363, 394, 420, 453, 486, 522, 551, 583, 622, 665, 719, 778, 824, 881, 930, 970, 997, 1026, 1069, 1107, 1137, 1169, 1214, 1245, 1285, 1322, 1353, 1388, 1410, 1442, 1467, 1482, 1497, 1520, 1540, 1556, 1567, 1575, 1578, 1580]

INFO: Total Population: 870044
INFO: R0: 2
INFO: Incubation Period: 5
INFO: Illness Period: 7
X:[0, 1, 2, 3, 4, 5, 6, 7, 8, 9, 10, 11, 12, 13, 14, 15, 16, 17, 18, 19, 20, 21, 22, 23, 24, 25, 26, 27, 28, 29, 30, 31, 32, 33, 34, 35, 36, 37, 38, 39, 40, 41, 42, 43, 44, 45, 46, 47, 48, 49, 50, 51, 52, 53, 54, 55, 56, 57, 58, 59, 60, 61, 62, 63, 64, 65, 66, 67, 68, 69, 70, 71, 72, 73, 74, 75, 76, 77, 78, 79, 80, 81, 82, 83, 84, 85, 86, 87, 88, 89, 90, 91, 92, 93, 94, 95, 96, 97, 98, 99, 100, 101, 102, 103, 104, 105, 106, 107, 108, 109, 110]
YNEW:[0, 0, 0, 0, 0, 0, 0, 0, 0, 0, 0, 0, 0, 0, 0, 0, 0, 0, 0, 0, 0, 0, 0, 0, 0, 0, 0, 0, 0, 0, 0, 0, 0, 0, 0, 0, 0, 0, 0, 0, 0, 0, 0, 1, 1, 3, 2, 4, 3, 3, 2, 3, 3, 6, 5, 5, 6, 10, 12, 9, 14, 17, 19, 22, 31, 40, 38, 37, 36, 31, 31, 26, 33, 33, 36, 29, 32, 39, 43, 54, 59, 46, 57, 49, 40, 27, 29, 43, 53, 36, 30, 28, 30, 37, 38, 27, 35, 31, 47, 26, 22, 19, 11, 12, 16, 4, 6, 3, 1, 1]
YTOT: [0, 0, 0, 0, 0, 0, 0, 0, 0, 0, 0, 0, 0, 0, 0, 0, 0, 0, 0, 0, 0, 0, 0, 0, 0, 0, 0, 0, 0, 0, 0, 0, 0, 0, 0, 0, 0, 0, 0, 0, 0, 0, 0, 1, 2, 5, 7, 11, 14, 17, 19, 22, 25, 31, 36, 41, 47, 57, 69, 78, 92, 109, 128, 150, 181, 221, 259, 296, 332, 363, 394, 420, 453, 486, 522, 551, 583, 622, 665, 719, 778, 824, 881, 930, 970, 997, 1026, 1069, 1122, 1158, 1188, 1216, 1246, 1283, 1321, 1348, 1383, 1414, 1461, 1487, 1509, 1528, 1539, 1551, 1567, 1571, 1577, 1580, 1581, 1582]

INFO: Total Population: 870044
INFO: R0: 2
INFO: Incubation Period: 5
INFO: Illness Period: 7
X:[0, 1, 2, 3, 4, 5, 6, 7, 8, 9, 10, 11, 12, 13, 14, 15, 16, 17, 18, 19, 20, 21, 22, 23, 24, 25, 26, 27, 28, 29, 30, 31, 32, 33, 34, 35, 36, 37, 38, 39, 40, 41, 42, 43, 44, 45, 46, 47, 48, 49, 50, 51, 52, 53, 54, 55, 56, 57, 58, 59, 60, 61, 62, 63, 64, 65, 66, 67, 68, 69, 70, 71, 72, 73, 74, 75, 76, 77, 78, 79, 80, 81, 82, 83, 84, 85, 86, 87, 88, 89, 90, 91, 92, 93, 94, 95, 96, 97, 98, 99, 100, 101, 102, 103, 104, 105, 106, 107, 108, 109]
YNEW:[0, 0, 0, 0, 0, 0, 0, 0, 0, 0, 0, 0, 0, 0, 0, 0, 0, 0, 0, 0, 0, 0, 0, 0, 0, 0, 0, 0, 0, 0, 0, 0, 0, 0, 0, 0, 0, 0, 0, 0, 0, 0, 0, 1, 1, 3, 2, 4, 3, 3, 2, 3, 3, 6, 5, 5, 6, 10, 12, 9, 14, 17, 19, 22, 31, 40, 38, 37, 36, 31, 31, 26, 33, 33, 36, 29, 32, 39, 43, 54, 59, 46, 57, 49, 40, 27, 29, 43, 37, 36, 46, 29, 41, 17, 38, 36, 31, 34, 30, 31, 16, 14, 13, 19, 9, 10, 6, 4, 2]
YTOT: [0, 0, 0, 0, 0, 0, 0, 0, 0, 0, 0, 0, 0, 0, 0, 0, 0, 0, 0, 0, 0, 0, 0, 0, 0, 0, 0, 0, 0, 0, 0, 0, 0, 0, 0, 0, 0, 0, 0, 0, 0, 0, 0, 1, 2, 5, 7, 11, 14, 17, 19, 22, 25, 31, 36, 41, 47, 57, 69, 78, 92, 109, 128, 150, 181, 221, 259, 296, 332, 363, 394, 420, 453, 486, 522, 551, 583, 622, 665, 719, 778, 824, 881, 930, 970, 997, 1026, 1069, 1106, 1142, 1188, 1217, 1258, 1275, 1313, 1349, 1380, 1414, 1444, 1475, 1491, 1505, 1518, 1537, 1546, 1556, 1562, 1566, 1568]

INFO: Total Population: 870044
INFO: R0: 2
INFO: Incubation Period: 5
INFO: Illness Period: 7
X:[0, 1, 2, 3, 4, 5, 6, 7, 8, 9, 10, 11, 12, 13, 14, 15, 16, 17, 18, 19, 20, 21, 22, 23, 24, 25, 26, 27, 28, 29, 30, 31, 32, 33, 34, 35, 36, 37, 38, 39, 40, 41, 42, 43, 44, 45, 46, 47, 48, 49, 50, 51, 52, 53, 54, 55, 56, 57, 58, 59, 60, 61, 62, 63, 64, 65, 66, 67, 68, 69, 70, 71, 72, 73, 74, 75, 76, 77, 78, 79, 80, 81, 82, 83, 84, 85, 86, 87, 88, 89, 90, 91, 92, 93, 94, 95, 96, 97, 98, 99, 100, 101, 102, 103, 104, 105, 106, 107, 108, 109, 110]
YNEW:[0, 0, 0, 0, 0, 0, 0, 0, 0, 0, 0, 0, 0, 0, 0, 0, 0, 0, 0, 0, 0, 0, 0, 0, 0, 0, 0, 0, 0, 0, 0, 0, 0, 0, 0, 0, 0, 0, 0, 0, 0, 0, 0, 1, 1, 3, 2, 4, 3, 3, 2, 3, 3, 6, 5, 5, 6, 10, 12, 9, 14, 17, 19, 22, 31, 40, 38, 37, 36, 31, 31, 26, 33, 33, 36, 29, 32, 39, 43, 54, 59, 46, 57, 49, 40, 27, 29, 43, 41, 35, 46, 37, 24, 16, 35, 42, 36, 39, 30, 20, 19, 20, 19, 14, 8, 6, 6, 3, 1, 1]
YTOT: [0, 0, 0, 0, 0, 0, 0, 0, 0, 0, 0, 0, 0, 0, 0, 0, 0, 0, 0, 0, 0, 0, 0, 0, 0, 0, 0, 0, 0, 0, 0, 0, 0, 0, 0, 0, 0, 0, 0, 0, 0, 0, 0, 1, 2, 5, 7, 11, 14, 17, 19, 22, 25, 31, 36, 41, 47, 57, 69, 78, 92, 109, 128, 150, 181, 221, 259, 296, 332, 363, 394, 420, 453, 486, 522, 551, 583, 622, 665, 719, 778, 824, 881, 930, 970, 997, 1026, 1069, 1110, 1145, 1191, 1228, 1252, 1268, 1303, 1345, 1381, 1420, 1450, 1470, 1489, 1509, 1528, 1542, 1550, 1556, 1562, 1565, 1566, 1567]

INFO: Total Population: 870044
INFO: R0: 2
INFO: Incubation Period: 5
INFO: Illness Period: 7
X:[0, 1, 2, 3, 4, 5, 6, 7, 8, 9, 10, 11, 12, 13, 14, 15, 16, 17, 18, 19, 20, 21, 22, 23, 24, 25, 26, 27, 28, 29, 30, 31, 32, 33, 34, 35, 36, 37, 38, 39, 40, 41, 42, 43, 44, 45, 46, 47, 48, 49, 50, 51, 52, 53, 54, 55, 56, 57, 58, 59, 60, 61, 62, 63, 64, 65, 66, 67, 68, 69, 70, 71, 72, 73, 74, 75, 76, 77, 78, 79, 80, 81, 82, 83, 84, 85, 86, 87, 88, 89, 90, 91, 92, 93, 94, 95, 96, 97, 98, 99, 100, 101, 102, 103, 104, 105, 106, 107, 108, 109, 110]
YNEW:[0, 0, 0, 0, 0, 0, 0, 0, 0, 0, 0, 0, 0, 0, 0, 0, 0, 0, 0, 0, 0, 0, 0, 0, 0, 0, 0, 0, 0, 0, 0, 0, 0, 0, 0, 0, 0, 0, 0, 0, 0, 0, 0, 1, 1, 3, 2, 4, 3, 3, 2, 3, 3, 6, 5, 5, 6, 10, 12, 9, 14, 17, 19, 22, 31, 40, 38, 37, 36, 31, 31, 26, 33, 33, 36, 29, 32, 39, 43, 54, 59, 46, 57, 49, 40, 27, 29, 43, 38, 45, 44, 37, 32, 24, 31, 28, 41, 44, 37, 26, 21, 16, 17, 19, 16, 9, 7, 3, 1, 1]
YTOT: [0, 0, 0, 0, 0, 0, 0, 0, 0, 0, 0, 0, 0, 0, 0, 0, 0, 0, 0, 0, 0, 0, 0, 0, 0, 0, 0, 0, 0, 0, 0, 0, 0, 0, 0, 0, 0, 0, 0, 0, 0, 0, 0, 1, 2, 5, 7, 11, 14, 17, 19, 22, 25, 31, 36, 41, 47, 57, 69, 78, 92, 109, 128, 150, 181, 221, 259, 296, 332, 363, 394, 420, 453, 486, 522, 551, 583, 622, 665, 719, 778, 824, 881, 930, 970, 997, 1026, 1069, 1107, 1152, 1196, 1233, 1265, 1289, 1320, 1348, 1389, 1433, 1470, 1496, 1517, 1533, 1550, 1569, 1585, 1594, 1601, 1604, 1605, 1606]

INFO: Total Population: 870044
INFO: R0: 2
INFO: Incubation Period: 5
INFO: Illness Period: 7
X:[0, 1, 2, 3, 4, 5, 6, 7, 8, 9, 10, 11, 12, 13, 14, 15, 16, 17, 18, 19, 20, 21, 22, 23, 24, 25, 26, 27, 28, 29, 30, 31, 32, 33, 34, 35, 36, 37, 38, 39, 40, 41, 42, 43, 44, 45, 46, 47, 48, 49, 50, 51, 52, 53, 54, 55, 56, 57, 58, 59, 60, 61, 62, 63, 64, 65, 66, 67, 68, 69, 70, 71, 72, 73, 74, 75, 76, 77, 78, 79, 80, 81, 82, 83, 84, 85, 86, 87, 88, 89, 90, 91, 92, 93, 94, 95, 96, 97, 98, 99, 100, 101, 102, 103, 104, 105, 106, 107, 108, 109]
YNEW:[0, 0, 0, 0, 0, 0, 0, 0, 0, 0, 0, 0, 0, 0, 0, 0, 0, 0, 0, 0, 0, 0, 0, 0, 0, 0, 0, 0, 0, 0, 0, 0, 0, 0, 0, 0, 0, 0, 0, 0, 0, 0, 0, 1, 1, 3, 2, 4, 3, 3, 2, 3, 3, 6, 5, 5, 6, 10, 12, 9, 14, 17, 19, 22, 31, 40, 38, 37, 36, 31, 31, 26, 33, 33, 36, 29, 32, 39, 43, 54, 59, 46, 57, 49, 40, 27, 29, 43, 40, 39, 35, 35, 27, 20, 41, 38, 37, 32, 30, 28, 16, 18, 17, 13, 12, 7, 4, 4, 2]
YTOT: [0, 0, 0, 0, 0, 0, 0, 0, 0, 0, 0, 0, 0, 0, 0, 0, 0, 0, 0, 0, 0, 0, 0, 0, 0, 0, 0, 0, 0, 0, 0, 0, 0, 0, 0, 0, 0, 0, 0, 0, 0, 0, 0, 1, 2, 5, 7, 11, 14, 17, 19, 22, 25, 31, 36, 41, 47, 57, 69, 78, 92, 109, 128, 150, 181, 221, 259, 296, 332, 363, 394, 420, 453, 486, 522, 551, 583, 622, 665, 719, 778, 824, 881, 930, 970, 997, 1026, 1069, 1109, 1148, 1183, 1218, 1245, 1265, 1306, 1344, 1381, 1413, 1443, 1471, 1487, 1505, 1522, 1535, 1547, 1554, 1558, 1562, 1564]

INFO: Total Population: 870044
INFO: R0: 2
INFO: Incubation Period: 5
INFO: Illness Period: 7
X:[0, 1, 2, 3, 4, 5, 6, 7, 8, 9, 10, 11, 12, 13, 14, 15, 16, 17, 18, 19, 20, 21, 22, 23, 24, 25, 26, 27, 28, 29, 30, 31, 32, 33, 34, 35, 36, 37, 38, 39, 40, 41, 42, 43, 44, 45, 46, 47, 48, 49, 50, 51, 52, 53, 54, 55, 56, 57, 58, 59, 60, 61, 62, 63, 64, 65, 66, 67, 68, 69, 70, 71, 72, 73, 74, 75, 76, 77, 78, 79, 80, 81, 82, 83, 84, 85, 86, 87, 88, 89, 90, 91, 92, 93, 94, 95, 96, 97, 98, 99, 100, 101, 102, 103, 104, 105, 106, 107, 108, 109, 110]
YNEW:[0, 0, 0, 0, 0, 0, 0, 0, 0, 0, 0, 0, 0, 0, 0, 0, 0, 0, 0, 0, 0, 0, 0, 0, 0, 0, 0, 0, 0, 0, 0, 0, 0, 0, 0, 0, 0, 0, 0, 0, 0, 0, 0, 1, 1, 3, 2, 4, 3, 3, 2, 3, 3, 6, 5, 5, 6, 10, 12, 9, 14, 17, 19, 22, 31, 40, 38, 37, 36, 31, 31, 26, 33, 33, 36, 29, 32, 39, 43, 54, 59, 46, 57, 49, 40, 27, 29, 43, 42, 41, 34, 25, 32, 16, 48, 37, 26, 30, 24, 21, 21, 19, 17, 13, 15, 4, 2, 4, 3, 2]
YTOT: [0, 0, 0, 0, 0, 0, 0, 0, 0, 0, 0, 0, 0, 0, 0, 0, 0, 0, 0, 0, 0, 0, 0, 0, 0, 0, 0, 0, 0, 0, 0, 0, 0, 0, 0, 0, 0, 0, 0, 0, 0, 0, 0, 1, 2, 5, 7, 11, 14, 17, 19, 22, 25, 31, 36, 41, 47, 57, 69, 78, 92, 109, 128, 150, 181, 221, 259, 296, 332, 363, 394, 420, 453, 486, 522, 551, 583, 622, 665, 719, 778, 824, 881, 930, 970, 997, 1026, 1069, 1111, 1152, 1186, 1211, 1243, 1259, 1307, 1344, 1370, 1400, 1424, 1445, 1466, 1485, 1502, 1515, 1530, 1534, 1536, 1540, 1543, 1545]

INFO: Total Population: 870044
INFO: R0: 2
INFO: Incubation Period: 5
INFO: Illness Period: 7
X:[0, 1, 2, 3, 4, 5, 6, 7, 8, 9, 10, 11, 12, 13, 14, 15, 16, 17, 18, 19, 20, 21, 22, 23, 24, 25, 26, 27, 28, 29, 30, 31, 32, 33, 34, 35, 36, 37, 38, 39, 40, 41, 42, 43, 44, 45, 46, 47, 48, 49, 50, 51, 52, 53, 54, 55, 56, 57, 58, 59, 60, 61, 62, 63, 64, 65, 66, 67, 68, 69, 70, 71, 72, 73, 74, 75, 76, 77, 78, 79, 80, 81, 82, 83, 84, 85, 86, 87, 88, 89, 90, 91, 92, 93, 94, 95, 96, 97, 98, 99, 100, 101, 102, 103, 104, 105, 106, 107, 108, 109, 110]
YNEW:[0, 0, 0, 0, 0, 0, 0, 0, 0, 0, 0, 0, 0, 0, 0, 0, 0, 0, 0, 0, 0, 0, 0, 0, 0, 0, 0, 0, 0, 0, 0, 0, 0, 0, 0, 0, 0, 0, 0, 0, 0, 0, 0, 1, 1, 3, 2, 4, 3, 3, 2, 3, 3, 6, 5, 5, 6, 10, 12, 9, 14, 17, 19, 22, 31, 40, 38, 37, 36, 31, 31, 26, 33, 33, 36, 29, 32, 39, 43, 54, 59, 46, 57, 49, 40, 27, 29, 43, 43, 35, 33, 37, 31, 36, 33, 39, 38, 26, 32, 27, 24, 15, 18, 19, 9, 4, 6, 3, 5, 1]
YTOT: [0, 0, 0, 0, 0, 0, 0, 0, 0, 0, 0, 0, 0, 0, 0, 0, 0, 0, 0, 0, 0, 0, 0, 0, 0, 0, 0, 0, 0, 0, 0, 0, 0, 0, 0, 0, 0, 0, 0, 0, 0, 0, 0, 1, 2, 5, 7, 11, 14, 17, 19, 22, 25, 31, 36, 41, 47, 57, 69, 78, 92, 109, 128, 150, 181, 221, 259, 296, 332, 363, 394, 420, 453, 486, 522, 551, 583, 622, 665, 719, 778, 824, 881, 930, 970, 997, 1026, 1069, 1112, 1147, 1180, 1217, 1248, 1284, 1317, 1356, 1394, 1420, 1452, 1479, 1503, 1518, 1536, 1555, 1564, 1568, 1574, 1577, 1582, 1583]

INFO: Total Population: 870044
INFO: R0: 2
INFO: Incubation Period: 5
INFO: Illness Period: 7
X:[0, 1, 2, 3, 4, 5, 6, 7, 8, 9, 10, 11, 12, 13, 14, 15, 16, 17, 18, 19, 20, 21, 22, 23, 24, 25, 26, 27, 28, 29, 30, 31, 32, 33, 34, 35, 36, 37, 38, 39, 40, 41, 42, 43, 44, 45, 46, 47, 48, 49, 50, 51, 52, 53, 54, 55, 56, 57, 58, 59, 60, 61, 62, 63, 64, 65, 66, 67, 68, 69, 70, 71, 72, 73, 74, 75, 76, 77, 78, 79, 80, 81, 82, 83, 84, 85, 86, 87, 88, 89, 90, 91, 92, 93, 94, 95, 96, 97, 98, 99, 100, 101, 102, 103, 104, 105, 106, 107, 108, 109, 110]
YNEW:[0, 0, 0, 0, 0, 0, 0, 0, 0, 0, 0, 0, 0, 0, 0, 0, 0, 0, 0, 0, 0, 0, 0, 0, 0, 0, 0, 0, 0, 0, 0, 0, 0, 0, 0, 0, 0, 0, 0, 0, 0, 0, 0, 1, 1, 3, 2, 4, 3, 3, 2, 3, 3, 6, 5, 5, 6, 10, 12, 9, 14, 17, 19, 22, 31, 40, 38, 37, 36, 31, 31, 26, 33, 33, 36, 29, 32, 39, 43, 54, 59, 46, 57, 49, 40, 27, 29, 43, 35, 38, 37, 44, 32, 31, 32, 47, 35, 39, 35, 29, 18, 24, 17, 18, 9, 7, 5, 3, 1, 1]
YTOT: [0, 0, 0, 0, 0, 0, 0, 0, 0, 0, 0, 0, 0, 0, 0, 0, 0, 0, 0, 0, 0, 0, 0, 0, 0, 0, 0, 0, 0, 0, 0, 0, 0, 0, 0, 0, 0, 0, 0, 0, 0, 0, 0, 1, 2, 5, 7, 11, 14, 17, 19, 22, 25, 31, 36, 41, 47, 57, 69, 78, 92, 109, 128, 150, 181, 221, 259, 296, 332, 363, 394, 420, 453, 486, 522, 551, 583, 622, 665, 719, 778, 824, 881, 930, 970, 997, 1026, 1069, 1104, 1142, 1179, 1223, 1255, 1286, 1318, 1365, 1400, 1439, 1474, 1503, 1521, 1545, 1562, 1580, 1589, 1596, 1601, 1604, 1605, 1606]

INFO: Total Population: 870044
INFO: R0: 2
INFO: Incubation Period: 5
INFO: Illness Period: 7
X:[0, 1, 2, 3, 4, 5, 6, 7, 8, 9, 10, 11, 12, 13, 14, 15, 16, 17, 18, 19, 20, 21, 22, 23, 24, 25, 26, 27, 28, 29, 30, 31, 32, 33, 34, 35, 36, 37, 38, 39, 40, 41, 42, 43, 44, 45, 46, 47, 48, 49, 50, 51, 52, 53, 54, 55, 56, 57, 58, 59, 60, 61, 62, 63, 64, 65, 66, 67, 68, 69, 70, 71, 72, 73, 74, 75, 76, 77, 78, 79, 80, 81, 82, 83, 84, 85, 86, 87, 88, 89, 90, 91, 92, 93, 94, 95, 96, 97, 98, 99, 100, 101, 102, 103, 104, 105, 106, 107, 108, 109, 110]
YNEW:[0, 0, 0, 0, 0, 0, 0, 0, 0, 0, 0, 0, 0, 0, 0, 0, 0, 0, 0, 0, 0, 0, 0, 0, 0, 0, 0, 0, 0, 0, 0, 0, 0, 0, 0, 0, 0, 0, 0, 0, 0, 0, 0, 1, 1, 3, 2, 4, 3, 3, 2, 3, 3, 6, 5, 5, 6, 10, 12, 9, 14, 17, 19, 22, 31, 40, 38, 37, 36, 31, 31, 26, 33, 33, 36, 29, 32, 39, 43, 54, 59, 46, 57, 49, 40, 27, 29, 43, 43, 48, 31, 34, 31, 19, 45, 41, 42, 37, 37, 22, 19, 14, 17, 6, 10, 7, 6, 5, 2, 1]
YTOT: [0, 0, 0, 0, 0, 0, 0, 0, 0, 0, 0, 0, 0, 0, 0, 0, 0, 0, 0, 0, 0, 0, 0, 0, 0, 0, 0, 0, 0, 0, 0, 0, 0, 0, 0, 0, 0, 0, 0, 0, 0, 0, 0, 1, 2, 5, 7, 11, 14, 17, 19, 22, 25, 31, 36, 41, 47, 57, 69, 78, 92, 109, 128, 150, 181, 221, 259, 296, 332, 363, 394, 420, 453, 486, 522, 551, 583, 622, 665, 719, 778, 824, 881, 930, 970, 997, 1026, 1069, 1112, 1160, 1191, 1225, 1256, 1275, 1320, 1361, 1403, 1440, 1477, 1499, 1518, 1532, 1549, 1555, 1565, 1572, 1578, 1583, 1585, 1586]

INFO: Total Population: 870044
INFO: R0: 2
INFO: Incubation Period: 5
INFO: Illness Period: 7
X:[0, 1, 2, 3, 4, 5, 6, 7, 8, 9, 10, 11, 12, 13, 14, 15, 16, 17, 18, 19, 20, 21, 22, 23, 24, 25, 26, 27, 28, 29, 30, 31, 32, 33, 34, 35, 36, 37, 38, 39, 40, 41, 42, 43, 44, 45, 46, 47, 48, 49, 50, 51, 52, 53, 54, 55, 56, 57, 58, 59, 60, 61, 62, 63, 64, 65, 66, 67, 68, 69, 70, 71, 72, 73, 74, 75, 76, 77, 78, 79, 80, 81, 82, 83, 84, 85, 86, 87, 88, 89, 90, 91, 92, 93, 94, 95, 96, 97, 98, 99, 100, 101, 102, 103, 104, 105, 106, 107, 108, 109, 110, 111]
YNEW:[0, 0, 0, 0, 0, 0, 0, 0, 0, 0, 0, 0, 0, 0, 0, 0, 0, 0, 0, 0, 0, 0, 0, 0, 0, 0, 0, 0, 0, 0, 0, 0, 0, 0, 0, 0, 0, 0, 0, 0, 0, 0, 0, 1, 1, 3, 2, 4, 3, 3, 2, 3, 3, 6, 5, 5, 6, 10, 12, 9, 14, 17, 19, 22, 31, 40, 38, 37, 36, 31, 31, 26, 33, 33, 36, 29, 32, 39, 43, 54, 59, 46, 57, 49, 40, 27, 29, 43, 45, 33, 46, 38, 27, 45, 34, 38, 38, 23, 40, 40, 22, 15, 22, 12, 13, 6, 6, 3, 3, 1, 1]
YTOT: [0, 0, 0, 0, 0, 0, 0, 0, 0, 0, 0, 0, 0, 0, 0, 0, 0, 0, 0, 0, 0, 0, 0, 0, 0, 0, 0, 0, 0, 0, 0, 0, 0, 0, 0, 0, 0, 0, 0, 0, 0, 0, 0, 1, 2, 5, 7, 11, 14, 17, 19, 22, 25, 31, 36, 41, 47, 57, 69, 78, 92, 109, 128, 150, 181, 221, 259, 296, 332, 363, 394, 420, 453, 486, 522, 551, 583, 622, 665, 719, 778, 824, 881, 930, 970, 997, 1026, 1069, 1114, 1147, 1193, 1231, 1258, 1303, 1337, 1375, 1413, 1436, 1476, 1516, 1538, 1553, 1575, 1587, 1600, 1606, 1612, 1615, 1618, 1619, 1620]

INFO: Total Population: 870044
INFO: R0: 2
INFO: Incubation Period: 5
INFO: Illness Period: 7
X:[0, 1, 2, 3, 4, 5, 6, 7, 8, 9, 10, 11, 12, 13, 14, 15, 16, 17, 18, 19, 20, 21, 22, 23, 24, 25, 26, 27, 28, 29, 30, 31, 32, 33, 34, 35, 36, 37, 38, 39, 40, 41, 42, 43, 44, 45, 46, 47, 48, 49, 50, 51, 52, 53, 54, 55, 56, 57, 58, 59, 60, 61, 62, 63, 64, 65, 66, 67, 68, 69, 70, 71, 72, 73, 74, 75, 76, 77, 78, 79, 80, 81, 82, 83, 84, 85, 86, 87, 88, 89, 90, 91, 92, 93, 94, 95, 96, 97, 98, 99, 100, 101, 102, 103, 104, 105, 106, 107, 108, 109, 110]
YNEW:[0, 0, 0, 0, 0, 0, 0, 0, 0, 0, 0, 0, 0, 0, 0, 0, 0, 0, 0, 0, 0, 0, 0, 0, 0, 0, 0, 0, 0, 0, 0, 0, 0, 0, 0, 0, 0, 0, 0, 0, 0, 0, 0, 1, 1, 3, 2, 4, 3, 3, 2, 3, 3, 6, 5, 5, 6, 10, 12, 9, 14, 17, 19, 22, 31, 40, 38, 37, 36, 31, 31, 26, 33, 33, 36, 29, 32, 39, 43, 54, 59, 46, 57, 49, 40, 27, 29, 43, 30, 47, 32, 35, 35, 32, 34, 35, 35, 31, 29, 38, 20, 23, 18, 13, 10, 8, 9, 5, 5, 1]
YTOT: [0, 0, 0, 0, 0, 0, 0, 0, 0, 0, 0, 0, 0, 0, 0, 0, 0, 0, 0, 0, 0, 0, 0, 0, 0, 0, 0, 0, 0, 0, 0, 0, 0, 0, 0, 0, 0, 0, 0, 0, 0, 0, 0, 1, 2, 5, 7, 11, 14, 17, 19, 22, 25, 31, 36, 41, 47, 57, 69, 78, 92, 109, 128, 150, 181, 221, 259, 296, 332, 363, 394, 420, 453, 486, 522, 551, 583, 622, 665, 719, 778, 824, 881, 930, 970, 997, 1026, 1069, 1099, 1146, 1178, 1213, 1248, 1280, 1314, 1349, 1384, 1415, 1444, 1482, 1502, 1525, 1543, 1556, 1566, 1574, 1583, 1588, 1593, 1594]

INFO: Total Population: 870044
INFO: R0: 2
INFO: Incubation Period: 5
INFO: Illness Period: 7
X:[0, 1, 2, 3, 4, 5, 6, 7, 8, 9, 10, 11, 12, 13, 14, 15, 16, 17, 18, 19, 20, 21, 22, 23, 24, 25, 26, 27, 28, 29, 30, 31, 32, 33, 34, 35, 36, 37, 38, 39, 40, 41, 42, 43, 44, 45, 46, 47, 48, 49, 50, 51, 52, 53, 54, 55, 56, 57, 58, 59, 60, 61, 62, 63, 64, 65, 66, 67, 68, 69, 70, 71, 72, 73, 74, 75, 76, 77, 78, 79, 80, 81, 82, 83, 84, 85, 86, 87, 88, 89, 90, 91, 92, 93, 94, 95, 96, 97, 98, 99, 100, 101, 102, 103, 104, 105, 106, 107, 108, 109, 110, 111]
YNEW:[0, 0, 0, 0, 0, 0, 0, 0, 0, 0, 0, 0, 0, 0, 0, 0, 0, 0, 0, 0, 0, 0, 0, 0, 0, 0, 0, 0, 0, 0, 0, 0, 0, 0, 0, 0, 0, 0, 0, 0, 0, 0, 0, 1, 1, 3, 2, 4, 3, 3, 2, 3, 3, 6, 5, 5, 6, 10, 12, 9, 14, 17, 19, 22, 31, 40, 38, 37, 36, 31, 31, 26, 33, 33, 36, 29, 32, 39, 43, 54, 59, 46, 57, 49, 40, 27, 29, 43, 45, 33, 29, 42, 31, 28, 27, 32, 41, 19, 38, 22, 29, 17, 17, 13, 9, 11, 6, 3, 2, 1, 1]
YTOT: [0, 0, 0, 0, 0, 0, 0, 0, 0, 0, 0, 0, 0, 0, 0, 0, 0, 0, 0, 0, 0, 0, 0, 0, 0, 0, 0, 0, 0, 0, 0, 0, 0, 0, 0, 0, 0, 0, 0, 0, 0, 0, 0, 1, 2, 5, 7, 11, 14, 17, 19, 22, 25, 31, 36, 41, 47, 57, 69, 78, 92, 109, 128, 150, 181, 221, 259, 296, 332, 363, 394, 420, 453, 486, 522, 551, 583, 622, 665, 719, 778, 824, 881, 930, 970, 997, 1026, 1069, 1114, 1147, 1176, 1218, 1249, 1277, 1304, 1336, 1377, 1396, 1434, 1456, 1485, 1502, 1519, 1532, 1541, 1552, 1558, 1561, 1563, 1564, 1565]

INFO: Total Population: 870044
INFO: R0: 2
INFO: Incubation Period: 5
INFO: Illness Period: 7
X:[0, 1, 2, 3, 4, 5, 6, 7, 8, 9, 10, 11, 12, 13, 14, 15, 16, 17, 18, 19, 20, 21, 22, 23, 24, 25, 26, 27, 28, 29, 30, 31, 32, 33, 34, 35, 36, 37, 38, 39, 40, 41, 42, 43, 44, 45, 46, 47, 48, 49, 50, 51, 52, 53, 54, 55, 56, 57, 58, 59, 60, 61, 62, 63, 64, 65, 66, 67, 68, 69, 70, 71, 72, 73, 74, 75, 76, 77, 78, 79, 80, 81, 82, 83, 84, 85, 86, 87, 88, 89, 90, 91, 92, 93, 94, 95, 96, 97, 98, 99, 100, 101, 102, 103, 104, 105, 106, 107, 108, 109]
YNEW:[0, 0, 0, 0, 0, 0, 0, 0, 0, 0, 0, 0, 0, 0, 0, 0, 0, 0, 0, 0, 0, 0, 0, 0, 0, 0, 0, 0, 0, 0, 0, 0, 0, 0, 0, 0, 0, 0, 0, 0, 0, 0, 0, 1, 1, 3, 2, 4, 3, 3, 2, 3, 3, 6, 5, 5, 6, 10, 12, 9, 14, 17, 19, 22, 31, 40, 38, 37, 36, 31, 31, 26, 33, 33, 36, 29, 32, 39, 43, 54, 59, 46, 57, 49, 40, 27, 29, 43, 45, 31, 31, 32, 38, 32, 41, 32, 27, 36, 37, 21, 14, 17, 17, 17, 14, 14, 5, 4, 1]
YTOT: [0, 0, 0, 0, 0, 0, 0, 0, 0, 0, 0, 0, 0, 0, 0, 0, 0, 0, 0, 0, 0, 0, 0, 0, 0, 0, 0, 0, 0, 0, 0, 0, 0, 0, 0, 0, 0, 0, 0, 0, 0, 0, 0, 1, 2, 5, 7, 11, 14, 17, 19, 22, 25, 31, 36, 41, 47, 57, 69, 78, 92, 109, 128, 150, 181, 221, 259, 296, 332, 363, 394, 420, 453, 486, 522, 551, 583, 622, 665, 719, 778, 824, 881, 930, 970, 997, 1026, 1069, 1114, 1145, 1176, 1208, 1246, 1278, 1319, 1351, 1378, 1414, 1451, 1472, 1486, 1503, 1520, 1537, 1551, 1565, 1570, 1574, 1575]

INFO: Total Population: 870044
INFO: R0: 2
INFO: Incubation Period: 5
INFO: Illness Period: 7
X:[0, 1, 2, 3, 4, 5, 6, 7, 8, 9, 10, 11, 12, 13, 14, 15, 16, 17, 18, 19, 20, 21, 22, 23, 24, 25, 26, 27, 28, 29, 30, 31, 32, 33, 34, 35, 36, 37, 38, 39, 40, 41, 42, 43, 44, 45, 46, 47, 48, 49, 50, 51, 52, 53, 54, 55, 56, 57, 58, 59, 60, 61, 62, 63, 64, 65, 66, 67, 68, 69, 70, 71, 72, 73, 74, 75, 76, 77, 78, 79, 80, 81, 82, 83, 84, 85, 86, 87, 88, 89, 90, 91, 92, 93, 94, 95, 96, 97, 98, 99, 100, 101, 102, 103, 104, 105, 106, 107, 108, 109, 110]
YNEW:[0, 0, 0, 0, 0, 0, 0, 0, 0, 0, 0, 0, 0, 0, 0, 0, 0, 0, 0, 0, 0, 0, 0, 0, 0, 0, 0, 0, 0, 0, 0, 0, 0, 0, 0, 0, 0, 0, 0, 0, 0, 0, 0, 1, 1, 3, 2, 4, 3, 3, 2, 3, 3, 6, 5, 5, 6, 10, 12, 9, 14, 17, 19, 22, 31, 40, 38, 37, 36, 31, 31, 26, 33, 33, 36, 29, 32, 39, 43, 54, 59, 46, 57, 49, 40, 27, 29, 43, 34, 45, 37, 29, 32, 27, 35, 33, 37, 27, 28, 30, 35, 22, 16, 9, 10, 5, 4, 1, 2, 1]
YTOT: [0, 0, 0, 0, 0, 0, 0, 0, 0, 0, 0, 0, 0, 0, 0, 0, 0, 0, 0, 0, 0, 0, 0, 0, 0, 0, 0, 0, 0, 0, 0, 0, 0, 0, 0, 0, 0, 0, 0, 0, 0, 0, 0, 1, 2, 5, 7, 11, 14, 17, 19, 22, 25, 31, 36, 41, 47, 57, 69, 78, 92, 109, 128, 150, 181, 221, 259, 296, 332, 363, 394, 420, 453, 486, 522, 551, 583, 622, 665, 719, 778, 824, 881, 930, 970, 997, 1026, 1069, 1103, 1148, 1185, 1214, 1246, 1273, 1308, 1341, 1378, 1405, 1433, 1463, 1498, 1520, 1536, 1545, 1555, 1560, 1564, 1565, 1567, 1568]

INFO: Total Population: 870044
INFO: R0: 2
INFO: Incubation Period: 5
INFO: Illness Period: 7
X:[0, 1, 2, 3, 4, 5, 6, 7, 8, 9, 10, 11, 12, 13, 14, 15, 16, 17, 18, 19, 20, 21, 22, 23, 24, 25, 26, 27, 28, 29, 30, 31, 32, 33, 34, 35, 36, 37, 38, 39, 40, 41, 42, 43, 44, 45, 46, 47, 48, 49, 50, 51, 52, 53, 54, 55, 56, 57, 58, 59, 60, 61, 62, 63, 64, 65, 66, 67, 68, 69, 70, 71, 72, 73, 74, 75, 76, 77, 78, 79, 80, 81, 82, 83, 84, 85, 86, 87, 88, 89, 90, 91, 92, 93, 94, 95, 96, 97, 98, 99, 100, 101, 102, 103, 104, 105, 106, 107, 108]
YNEW:[0, 0, 0, 0, 0, 0, 0, 0, 0, 0, 0, 0, 0, 0, 0, 0, 0, 0, 0, 0, 0, 0, 0, 0, 0, 0, 0, 0, 0, 0, 0, 0, 0, 0, 0, 0, 0, 0, 0, 0, 0, 0, 0, 1, 1, 3, 2, 4, 3, 3, 2, 3, 3, 6, 5, 5, 6, 10, 12, 9, 14, 17, 19, 22, 31, 40, 38, 37, 36, 31, 31, 26, 33, 33, 36, 29, 32, 39, 43, 54, 59, 46, 57, 49, 40, 27, 29, 43, 41, 37, 40, 28, 28, 25, 36, 35, 34, 36, 34, 23, 19, 14, 11, 12, 16, 7, 10, 4]
YTOT: [0, 0, 0, 0, 0, 0, 0, 0, 0, 0, 0, 0, 0, 0, 0, 0, 0, 0, 0, 0, 0, 0, 0, 0, 0, 0, 0, 0, 0, 0, 0, 0, 0, 0, 0, 0, 0, 0, 0, 0, 0, 0, 0, 1, 2, 5, 7, 11, 14, 17, 19, 22, 25, 31, 36, 41, 47, 57, 69, 78, 92, 109, 128, 150, 181, 221, 259, 296, 332, 363, 394, 420, 453, 486, 522, 551, 583, 622, 665, 719, 778, 824, 881, 930, 970, 997, 1026, 1069, 1110, 1147, 1187, 1215, 1243, 1268, 1304, 1339, 1373, 1409, 1443, 1466, 1485, 1499, 1510, 1522, 1538, 1545, 1555, 1559]

INFO: Total Population: 870044
INFO: R0: 2
INFO: Incubation Period: 5
INFO: Illness Period: 7
X:[0, 1, 2, 3, 4, 5, 6, 7, 8, 9, 10, 11, 12, 13, 14, 15, 16, 17, 18, 19, 20, 21, 22, 23, 24, 25, 26, 27, 28, 29, 30, 31, 32, 33, 34, 35, 36, 37, 38, 39, 40, 41, 42, 43, 44, 45, 46, 47, 48, 49, 50, 51, 52, 53, 54, 55, 56, 57, 58, 59, 60, 61, 62, 63, 64, 65, 66, 67, 68, 69, 70, 71, 72, 73, 74, 75, 76, 77, 78, 79, 80, 81, 82, 83, 84, 85, 86, 87, 88, 89, 90, 91, 92, 93, 94, 95, 96, 97, 98, 99, 100, 101, 102, 103, 104, 105, 106, 107, 108, 109]
YNEW:[0, 0, 0, 0, 0, 0, 0, 0, 0, 0, 0, 0, 0, 0, 0, 0, 0, 0, 0, 0, 0, 0, 0, 0, 0, 0, 0, 0, 0, 0, 0, 0, 0, 0, 0, 0, 0, 0, 0, 0, 0, 0, 0, 1, 1, 3, 2, 4, 3, 3, 2, 3, 3, 6, 5, 5, 6, 10, 12, 9, 14, 17, 19, 22, 31, 40, 38, 37, 36, 31, 31, 26, 33, 33, 36, 29, 32, 39, 43, 54, 59, 46, 57, 49, 40, 27, 29, 43, 44, 35, 35, 41, 34, 18, 40, 38, 40, 32, 23, 23, 23, 17, 19, 10, 15, 3, 8, 2, 2]
YTOT: [0, 0, 0, 0, 0, 0, 0, 0, 0, 0, 0, 0, 0, 0, 0, 0, 0, 0, 0, 0, 0, 0, 0, 0, 0, 0, 0, 0, 0, 0, 0, 0, 0, 0, 0, 0, 0, 0, 0, 0, 0, 0, 0, 1, 2, 5, 7, 11, 14, 17, 19, 22, 25, 31, 36, 41, 47, 57, 69, 78, 92, 109, 128, 150, 181, 221, 259, 296, 332, 363, 394, 420, 453, 486, 522, 551, 583, 622, 665, 719, 778, 824, 881, 930, 970, 997, 1026, 1069, 1113, 1148, 1183, 1224, 1258, 1276, 1316, 1354, 1394, 1426, 1449, 1472, 1495, 1512, 1531, 1541, 1556, 1559, 1567, 1569, 1571]

INFO: Total Population: 870044
INFO: R0: 2
INFO: Incubation Period: 5
INFO: Illness Period: 7
X:[0, 1, 2, 3, 4, 5, 6, 7, 8, 9, 10, 11, 12, 13, 14, 15, 16, 17, 18, 19, 20, 21, 22, 23, 24, 25, 26, 27, 28, 29, 30, 31, 32, 33, 34, 35, 36, 37, 38, 39, 40, 41, 42, 43, 44, 45, 46, 47, 48, 49, 50, 51, 52, 53, 54, 55, 56, 57, 58, 59, 60, 61, 62, 63, 64, 65, 66, 67, 68, 69, 70, 71, 72, 73, 74, 75, 76, 77, 78, 79, 80, 81, 82, 83, 84, 85, 86, 87, 88, 89, 90, 91, 92, 93, 94, 95, 96, 97, 98, 99, 100, 101, 102, 103, 104, 105, 106, 107, 108, 109]
YNEW:[0, 0, 0, 0, 0, 0, 0, 0, 0, 0, 0, 0, 0, 0, 0, 0, 0, 0, 0, 0, 0, 0, 0, 0, 0, 0, 0, 0, 0, 0, 0, 0, 0, 0, 0, 0, 0, 0, 0, 0, 0, 0, 0, 1, 1, 3, 2, 4, 3, 3, 2, 3, 3, 6, 5, 5, 6, 10, 12, 9, 14, 17, 19, 22, 31, 40, 38, 37, 36, 31, 31, 26, 33, 33, 36, 29, 32, 39, 43, 54, 59, 46, 57, 49, 40, 27, 29, 43, 43, 46, 39, 31, 32, 21, 26, 29, 42, 37, 30, 29, 27, 17, 18, 11, 9, 9, 3, 4, 1]
YTOT: [0, 0, 0, 0, 0, 0, 0, 0, 0, 0, 0, 0, 0, 0, 0, 0, 0, 0, 0, 0, 0, 0, 0, 0, 0, 0, 0, 0, 0, 0, 0, 0, 0, 0, 0, 0, 0, 0, 0, 0, 0, 0, 0, 1, 2, 5, 7, 11, 14, 17, 19, 22, 25, 31, 36, 41, 47, 57, 69, 78, 92, 109, 128, 150, 181, 221, 259, 296, 332, 363, 394, 420, 453, 486, 522, 551, 583, 622, 665, 719, 778, 824, 881, 930, 970, 997, 1026, 1069, 1112, 1158, 1197, 1228, 1260, 1281, 1307, 1336, 1378, 1415, 1445, 1474, 1501, 1518, 1536, 1547, 1556, 1565, 1568, 1572, 1573]

END