

INFO: Total Population: 1133247
INFO: R0: 2
INFO: Incubation Period: 5
INFO: Illness Period: 7
X:[0, 1, 2, 3, 4, 5, 6, 7, 8, 9, 10, 11, 12, 13, 14, 15, 16, 17, 18, 19, 20, 21, 22, 23, 24, 25, 26, 27, 28, 29, 30, 31, 32, 33, 34, 35, 36, 37, 38, 39, 40, 41, 42, 43, 44, 45, 46, 47, 48, 49, 50, 51, 52, 53, 54, 55, 56, 57, 58, 59, 60, 61, 62, 63, 64, 65, 66, 67, 68, 69, 70, 71, 72, 73, 74, 75, 76, 77, 78, 79, 80, 81, 82, 83, 84, 85, 86, 87, 88, 89, 90, 91, 92, 93, 94, 95, 96, 97, 98, 99, 100, 101, 102, 103, 104, 105, 106, 107, 108, 109, 110, 111, 112, 113, 114, 115, 116, 117, 118, 119, 120]
YNEW:[0, 0, 0, 0, 0, 0, 0, 0, 0, 0, 0, 0, 0, 0, 0, 0, 0, 0, 0, 0, 0, 0, 0, 0, 0, 0, 0, 0, 0, 0, 0, 0, 0, 0, 0, 0, 0, 0, 0, 0, 0, 0, 0, 0, 1, 1, 2, 2, 2, 1, 1, 5, 5, 4, 4, 5, 3, 3, 3, 4, 6, 8, 11, 15, 19, 20, 20, 15, 13, 20, 23, 25, 28, 35, 35, 34, 31, 27, 24, 24, 22, 18, 16, 26, 23, 21, 20, 25, 19, 18, 25, 22, 17, 17, 17, 14, 11, 14, 16, 21, 20, 23, 21, 12, 13, 13, 11, 14, 10, 14, 14, 14, 16, 20, 9, 2, 10, 2, 5, 6]
YTOT: [0, 0, 0, 0, 0, 0, 0, 0, 0, 0, 0, 0, 0, 0, 0, 0, 0, 0, 0, 0, 0, 0, 0, 0, 0, 0, 0, 0, 0, 0, 0, 0, 0, 0, 0, 0, 0, 0, 0, 0, 0, 0, 0, 0, 1, 2, 4, 6, 8, 9, 10, 15, 20, 24, 28, 33, 36, 39, 42, 46, 52, 60, 71, 86, 105, 125, 145, 160, 173, 193, 216, 241, 269, 304, 339, 373, 404, 431, 455, 479, 501, 519, 535, 561, 584, 605, 625, 650, 669, 687, 712, 734, 751, 768, 785, 799, 810, 824, 840, 861, 881, 904, 925, 937, 950, 963, 974, 988, 998, 1012, 1026, 1040, 1056, 1076, 1085, 1087, 1097, 1099, 1104, 1110]

INFO: Total Population: 1133247
INFO: R0: 2
INFO: Incubation Period: 5
INFO: Illness Period: 7
X:[0, 1, 2, 3, 4, 5, 6, 7, 8, 9, 10, 11, 12, 13, 14, 15, 16, 17, 18, 19, 20, 21, 22, 23, 24, 25, 26, 27, 28, 29, 30, 31, 32, 33, 34, 35, 36, 37, 38, 39, 40, 41, 42, 43, 44, 45, 46, 47, 48, 49, 50, 51, 52, 53, 54, 55, 56, 57, 58, 59, 60, 61, 62, 63, 64, 65, 66, 67, 68, 69, 70, 71, 72, 73, 74, 75, 76, 77, 78, 79, 80, 81, 82, 83, 84, 85, 86, 87, 88, 89, 90, 91, 92, 93, 94, 95, 96, 97, 98, 99, 100, 101, 102, 103, 104, 105, 106, 107, 108, 109, 110, 111, 112, 113, 114, 115, 116, 117, 118, 119, 120, 121, 122]
YNEW:[0, 0, 0, 0, 0, 0, 0, 0, 0, 0, 0, 0, 0, 0, 0, 0, 0, 0, 0, 0, 0, 0, 0, 0, 0, 0, 0, 0, 0, 0, 0, 0, 0, 0, 0, 0, 0, 0, 0, 0, 0, 0, 0, 0, 1, 1, 2, 2, 2, 1, 1, 5, 5, 4, 4, 5, 3, 3, 3, 4, 6, 8, 11, 15, 19, 20, 20, 15, 13, 20, 23, 25, 28, 35, 35, 34, 31, 27, 24, 24, 22, 18, 16, 26, 23, 21, 20, 25, 19, 18, 25, 22, 17, 17, 17, 14, 11, 14, 16, 21, 20, 23, 15, 22, 15, 14, 8, 13, 20, 12, 17, 19, 10, 11, 11, 2, 9, 1, 5, 4, 1, 2]
YTOT: [0, 0, 0, 0, 0, 0, 0, 0, 0, 0, 0, 0, 0, 0, 0, 0, 0, 0, 0, 0, 0, 0, 0, 0, 0, 0, 0, 0, 0, 0, 0, 0, 0, 0, 0, 0, 0, 0, 0, 0, 0, 0, 0, 0, 1, 2, 4, 6, 8, 9, 10, 15, 20, 24, 28, 33, 36, 39, 42, 46, 52, 60, 71, 86, 105, 125, 145, 160, 173, 193, 216, 241, 269, 304, 339, 373, 404, 431, 455, 479, 501, 519, 535, 561, 584, 605, 625, 650, 669, 687, 712, 734, 751, 768, 785, 799, 810, 824, 840, 861, 881, 904, 919, 941, 956, 970, 978, 991, 1011, 1023, 1040, 1059, 1069, 1080, 1091, 1093, 1102, 1103, 1108, 1112, 1113, 1115]

INFO: Total Population: 1133247
INFO: R0: 2
INFO: Incubation Period: 5
INFO: Illness Period: 7
X:[0, 1, 2, 3, 4, 5, 6, 7, 8, 9, 10, 11, 12, 13, 14, 15, 16, 17, 18, 19, 20, 21, 22, 23, 24, 25, 26, 27, 28, 29, 30, 31, 32, 33, 34, 35, 36, 37, 38, 39, 40, 41, 42, 43, 44, 45, 46, 47, 48, 49, 50, 51, 52, 53, 54, 55, 56, 57, 58, 59, 60, 61, 62, 63, 64, 65, 66, 67, 68, 69, 70, 71, 72, 73, 74, 75, 76, 77, 78, 79, 80, 81, 82, 83, 84, 85, 86, 87, 88, 89, 90, 91, 92, 93, 94, 95, 96, 97, 98, 99, 100, 101, 102, 103, 104, 105, 106, 107, 108, 109, 110, 111, 112, 113, 114, 115, 116, 117, 118, 119]
YNEW:[0, 0, 0, 0, 0, 0, 0, 0, 0, 0, 0, 0, 0, 0, 0, 0, 0, 0, 0, 0, 0, 0, 0, 0, 0, 0, 0, 0, 0, 0, 0, 0, 0, 0, 0, 0, 0, 0, 0, 0, 0, 0, 0, 0, 1, 1, 2, 2, 2, 1, 1, 5, 5, 4, 4, 5, 3, 3, 3, 4, 6, 8, 11, 15, 19, 20, 20, 15, 13, 20, 23, 25, 28, 35, 35, 34, 31, 27, 24, 24, 22, 18, 16, 26, 23, 21, 20, 25, 19, 18, 25, 22, 17, 17, 17, 14, 11, 14, 16, 21, 20, 23, 15, 19, 15, 8, 5, 10, 13, 11, 13, 26, 9, 11, 6, 12, 7, 1, 7]
YTOT: [0, 0, 0, 0, 0, 0, 0, 0, 0, 0, 0, 0, 0, 0, 0, 0, 0, 0, 0, 0, 0, 0, 0, 0, 0, 0, 0, 0, 0, 0, 0, 0, 0, 0, 0, 0, 0, 0, 0, 0, 0, 0, 0, 0, 1, 2, 4, 6, 8, 9, 10, 15, 20, 24, 28, 33, 36, 39, 42, 46, 52, 60, 71, 86, 105, 125, 145, 160, 173, 193, 216, 241, 269, 304, 339, 373, 404, 431, 455, 479, 501, 519, 535, 561, 584, 605, 625, 650, 669, 687, 712, 734, 751, 768, 785, 799, 810, 824, 840, 861, 881, 904, 919, 938, 953, 961, 966, 976, 989, 1000, 1013, 1039, 1048, 1059, 1065, 1077, 1084, 1085, 1092]

INFO: Total Population: 1133247
INFO: R0: 2
INFO: Incubation Period: 5
INFO: Illness Period: 7
X:[0, 1, 2, 3, 4, 5, 6, 7, 8, 9, 10, 11, 12, 13, 14, 15, 16, 17, 18, 19, 20, 21, 22, 23, 24, 25, 26, 27, 28, 29, 30, 31, 32, 33, 34, 35, 36, 37, 38, 39, 40, 41, 42, 43, 44, 45, 46, 47, 48, 49, 50, 51, 52, 53, 54, 55, 56, 57, 58, 59, 60, 61, 62, 63, 64, 65, 66, 67, 68, 69, 70, 71, 72, 73, 74, 75, 76, 77, 78, 79, 80, 81, 82, 83, 84, 85, 86, 87, 88, 89, 90, 91, 92, 93, 94, 95, 96, 97, 98, 99, 100, 101, 102, 103, 104, 105, 106, 107, 108, 109, 110, 111, 112, 113, 114, 115, 116, 117, 118, 119, 120, 121, 122]
YNEW:[0, 0, 0, 0, 0, 0, 0, 0, 0, 0, 0, 0, 0, 0, 0, 0, 0, 0, 0, 0, 0, 0, 0, 0, 0, 0, 0, 0, 0, 0, 0, 0, 0, 0, 0, 0, 0, 0, 0, 0, 0, 0, 0, 0, 1, 1, 2, 2, 2, 1, 1, 5, 5, 4, 4, 5, 3, 3, 3, 4, 6, 8, 11, 15, 19, 20, 20, 15, 13, 20, 23, 25, 28, 35, 35, 34, 31, 27, 24, 24, 22, 18, 16, 26, 23, 21, 20, 25, 19, 18, 25, 22, 17, 17, 17, 14, 11, 14, 16, 21, 20, 23, 16, 21, 18, 12, 9, 7, 9, 16, 18, 18, 15, 11, 12, 7, 7, 5, 3, 1, 1, 1]
YTOT: [0, 0, 0, 0, 0, 0, 0, 0, 0, 0, 0, 0, 0, 0, 0, 0, 0, 0, 0, 0, 0, 0, 0, 0, 0, 0, 0, 0, 0, 0, 0, 0, 0, 0, 0, 0, 0, 0, 0, 0, 0, 0, 0, 0, 1, 2, 4, 6, 8, 9, 10, 15, 20, 24, 28, 33, 36, 39, 42, 46, 52, 60, 71, 86, 105, 125, 145, 160, 173, 193, 216, 241, 269, 304, 339, 373, 404, 431, 455, 479, 501, 519, 535, 561, 584, 605, 625, 650, 669, 687, 712, 734, 751, 768, 785, 799, 810, 824, 840, 861, 881, 904, 920, 941, 959, 971, 980, 987, 996, 1012, 1030, 1048, 1063, 1074, 1086, 1093, 1100, 1105, 1108, 1109, 1110, 1111]

INFO: Total Population: 1133247
INFO: R0: 2
INFO: Incubation Period: 5
INFO: Illness Period: 7
X:[0, 1, 2, 3, 4, 5, 6, 7, 8, 9, 10, 11, 12, 13, 14, 15, 16, 17, 18, 19, 20, 21, 22, 23, 24, 25, 26, 27, 28, 29, 30, 31, 32, 33, 34, 35, 36, 37, 38, 39, 40, 41, 42, 43, 44, 45, 46, 47, 48, 49, 50, 51, 52, 53, 54, 55, 56, 57, 58, 59, 60, 61, 62, 63, 64, 65, 66, 67, 68, 69, 70, 71, 72, 73, 74, 75, 76, 77, 78, 79, 80, 81, 82, 83, 84, 85, 86, 87, 88, 89, 90, 91, 92, 93, 94, 95, 96, 97, 98, 99, 100, 101, 102, 103, 104, 105, 106, 107, 108, 109, 110, 111, 112, 113, 114, 115, 116, 117, 118, 119, 120, 121, 122, 123]
YNEW:[0, 0, 0, 0, 0, 0, 0, 0, 0, 0, 0, 0, 0, 0, 0, 0, 0, 0, 0, 0, 0, 0, 0, 0, 0, 0, 0, 0, 0, 0, 0, 0, 0, 0, 0, 0, 0, 0, 0, 0, 0, 0, 0, 0, 1, 1, 2, 2, 2, 1, 1, 5, 5, 4, 4, 5, 3, 3, 3, 4, 6, 8, 11, 15, 19, 20, 20, 15, 13, 20, 23, 25, 28, 35, 35, 34, 31, 27, 24, 24, 22, 18, 16, 26, 23, 21, 20, 25, 19, 18, 25, 22, 17, 17, 17, 14, 11, 14, 16, 21, 20, 23, 18, 12, 21, 11, 10, 16, 8, 12, 15, 13, 17, 12, 11, 9, 9, 8, 3, 5, 2, 2, 1]
YTOT: [0, 0, 0, 0, 0, 0, 0, 0, 0, 0, 0, 0, 0, 0, 0, 0, 0, 0, 0, 0, 0, 0, 0, 0, 0, 0, 0, 0, 0, 0, 0, 0, 0, 0, 0, 0, 0, 0, 0, 0, 0, 0, 0, 0, 1, 2, 4, 6, 8, 9, 10, 15, 20, 24, 28, 33, 36, 39, 42, 46, 52, 60, 71, 86, 105, 125, 145, 160, 173, 193, 216, 241, 269, 304, 339, 373, 404, 431, 455, 479, 501, 519, 535, 561, 584, 605, 625, 650, 669, 687, 712, 734, 751, 768, 785, 799, 810, 824, 840, 861, 881, 904, 922, 934, 955, 966, 976, 992, 1000, 1012, 1027, 1040, 1057, 1069, 1080, 1089, 1098, 1106, 1109, 1114, 1116, 1118, 1119]

INFO: Total Population: 1133247
INFO: R0: 2
INFO: Incubation Period: 5
INFO: Illness Period: 7
X:[0, 1, 2, 3, 4, 5, 6, 7, 8, 9, 10, 11, 12, 13, 14, 15, 16, 17, 18, 19, 20, 21, 22, 23, 24, 25, 26, 27, 28, 29, 30, 31, 32, 33, 34, 35, 36, 37, 38, 39, 40, 41, 42, 43, 44, 45, 46, 47, 48, 49, 50, 51, 52, 53, 54, 55, 56, 57, 58, 59, 60, 61, 62, 63, 64, 65, 66, 67, 68, 69, 70, 71, 72, 73, 74, 75, 76, 77, 78, 79, 80, 81, 82, 83, 84, 85, 86, 87, 88, 89, 90, 91, 92, 93, 94, 95, 96, 97, 98, 99, 100, 101, 102, 103, 104, 105, 106, 107, 108, 109, 110, 111, 112, 113, 114, 115, 116, 117, 118, 119, 120, 121, 122]
YNEW:[0, 0, 0, 0, 0, 0, 0, 0, 0, 0, 0, 0, 0, 0, 0, 0, 0, 0, 0, 0, 0, 0, 0, 0, 0, 0, 0, 0, 0, 0, 0, 0, 0, 0, 0, 0, 0, 0, 0, 0, 0, 0, 0, 0, 1, 1, 2, 2, 2, 1, 1, 5, 5, 4, 4, 5, 3, 3, 3, 4, 6, 8, 11, 15, 19, 20, 20, 15, 13, 20, 23, 25, 28, 35, 35, 34, 31, 27, 24, 24, 22, 18, 16, 26, 23, 21, 20, 25, 19, 18, 25, 22, 17, 17, 17, 14, 11, 14, 16, 21, 20, 23, 19, 17, 16, 10, 13, 10, 16, 19, 10, 21, 9, 7, 13, 7, 7, 4, 2, 3, 1, 1]
YTOT: [0, 0, 0, 0, 0, 0, 0, 0, 0, 0, 0, 0, 0, 0, 0, 0, 0, 0, 0, 0, 0, 0, 0, 0, 0, 0, 0, 0, 0, 0, 0, 0, 0, 0, 0, 0, 0, 0, 0, 0, 0, 0, 0, 0, 1, 2, 4, 6, 8, 9, 10, 15, 20, 24, 28, 33, 36, 39, 42, 46, 52, 60, 71, 86, 105, 125, 145, 160, 173, 193, 216, 241, 269, 304, 339, 373, 404, 431, 455, 479, 501, 519, 535, 561, 584, 605, 625, 650, 669, 687, 712, 734, 751, 768, 785, 799, 810, 824, 840, 861, 881, 904, 923, 940, 956, 966, 979, 989, 1005, 1024, 1034, 1055, 1064, 1071, 1084, 1091, 1098, 1102, 1104, 1107, 1108, 1109]

INFO: Total Population: 1133247
INFO: R0: 2
INFO: Incubation Period: 5
INFO: Illness Period: 7
X:[0, 1, 2, 3, 4, 5, 6, 7, 8, 9, 10, 11, 12, 13, 14, 15, 16, 17, 18, 19, 20, 21, 22, 23, 24, 25, 26, 27, 28, 29, 30, 31, 32, 33, 34, 35, 36, 37, 38, 39, 40, 41, 42, 43, 44, 45, 46, 47, 48, 49, 50, 51, 52, 53, 54, 55, 56, 57, 58, 59, 60, 61, 62, 63, 64, 65, 66, 67, 68, 69, 70, 71, 72, 73, 74, 75, 76, 77, 78, 79, 80, 81, 82, 83, 84, 85, 86, 87, 88, 89, 90, 91, 92, 93, 94, 95, 96, 97, 98, 99, 100, 101, 102, 103, 104, 105, 106, 107, 108, 109, 110, 111, 112, 113, 114, 115, 116, 117, 118, 119, 120, 121]
YNEW:[0, 0, 0, 0, 0, 0, 0, 0, 0, 0, 0, 0, 0, 0, 0, 0, 0, 0, 0, 0, 0, 0, 0, 0, 0, 0, 0, 0, 0, 0, 0, 0, 0, 0, 0, 0, 0, 0, 0, 0, 0, 0, 0, 0, 1, 1, 2, 2, 2, 1, 1, 5, 5, 4, 4, 5, 3, 3, 3, 4, 6, 8, 11, 15, 19, 20, 20, 15, 13, 20, 23, 25, 28, 35, 35, 34, 31, 27, 24, 24, 22, 18, 16, 26, 23, 21, 20, 25, 19, 18, 25, 22, 17, 17, 17, 14, 11, 14, 16, 21, 20, 23, 15, 12, 18, 13, 9, 11, 14, 14, 14, 10, 13, 13, 5, 8, 5, 6, 6, 4, 1]
YTOT: [0, 0, 0, 0, 0, 0, 0, 0, 0, 0, 0, 0, 0, 0, 0, 0, 0, 0, 0, 0, 0, 0, 0, 0, 0, 0, 0, 0, 0, 0, 0, 0, 0, 0, 0, 0, 0, 0, 0, 0, 0, 0, 0, 0, 1, 2, 4, 6, 8, 9, 10, 15, 20, 24, 28, 33, 36, 39, 42, 46, 52, 60, 71, 86, 105, 125, 145, 160, 173, 193, 216, 241, 269, 304, 339, 373, 404, 431, 455, 479, 501, 519, 535, 561, 584, 605, 625, 650, 669, 687, 712, 734, 751, 768, 785, 799, 810, 824, 840, 861, 881, 904, 919, 931, 949, 962, 971, 982, 996, 1010, 1024, 1034, 1047, 1060, 1065, 1073, 1078, 1084, 1090, 1094, 1095]

INFO: Total Population: 1133247
INFO: R0: 2
INFO: Incubation Period: 5
INFO: Illness Period: 7
X:[0, 1, 2, 3, 4, 5, 6, 7, 8, 9, 10, 11, 12, 13, 14, 15, 16, 17, 18, 19, 20, 21, 22, 23, 24, 25, 26, 27, 28, 29, 30, 31, 32, 33, 34, 35, 36, 37, 38, 39, 40, 41, 42, 43, 44, 45, 46, 47, 48, 49, 50, 51, 52, 53, 54, 55, 56, 57, 58, 59, 60, 61, 62, 63, 64, 65, 66, 67, 68, 69, 70, 71, 72, 73, 74, 75, 76, 77, 78, 79, 80, 81, 82, 83, 84, 85, 86, 87, 88, 89, 90, 91, 92, 93, 94, 95, 96, 97, 98, 99, 100, 101, 102, 103, 104, 105, 106, 107, 108, 109, 110, 111, 112, 113, 114, 115, 116, 117, 118, 119, 120, 121, 122, 123]
YNEW:[0, 0, 0, 0, 0, 0, 0, 0, 0, 0, 0, 0, 0, 0, 0, 0, 0, 0, 0, 0, 0, 0, 0, 0, 0, 0, 0, 0, 0, 0, 0, 0, 0, 0, 0, 0, 0, 0, 0, 0, 0, 0, 0, 0, 1, 1, 2, 2, 2, 1, 1, 5, 5, 4, 4, 5, 3, 3, 3, 4, 6, 8, 11, 15, 19, 20, 20, 15, 13, 20, 23, 25, 28, 35, 35, 34, 31, 27, 24, 24, 22, 18, 16, 26, 23, 21, 20, 25, 19, 18, 25, 22, 17, 17, 17, 14, 11, 14, 16, 21, 20, 23, 10, 22, 8, 9, 13, 13, 12, 13, 9, 13, 13, 13, 5, 8, 5, 4, 4, 1, 3, 2, 1]
YTOT: [0, 0, 0, 0, 0, 0, 0, 0, 0, 0, 0, 0, 0, 0, 0, 0, 0, 0, 0, 0, 0, 0, 0, 0, 0, 0, 0, 0, 0, 0, 0, 0, 0, 0, 0, 0, 0, 0, 0, 0, 0, 0, 0, 0, 1, 2, 4, 6, 8, 9, 10, 15, 20, 24, 28, 33, 36, 39, 42, 46, 52, 60, 71, 86, 105, 125, 145, 160, 173, 193, 216, 241, 269, 304, 339, 373, 404, 431, 455, 479, 501, 519, 535, 561, 584, 605, 625, 650, 669, 687, 712, 734, 751, 768, 785, 799, 810, 824, 840, 861, 881, 904, 914, 936, 944, 953, 966, 979, 991, 1004, 1013, 1026, 1039, 1052, 1057, 1065, 1070, 1074, 1078, 1079, 1082, 1084, 1085]

INFO: Total Population: 1133247
INFO: R0: 2
INFO: Incubation Period: 5
INFO: Illness Period: 7
X:[0, 1, 2, 3, 4, 5, 6, 7, 8, 9, 10, 11, 12, 13, 14, 15, 16, 17, 18, 19, 20, 21, 22, 23, 24, 25, 26, 27, 28, 29, 30, 31, 32, 33, 34, 35, 36, 37, 38, 39, 40, 41, 42, 43, 44, 45, 46, 47, 48, 49, 50, 51, 52, 53, 54, 55, 56, 57, 58, 59, 60, 61, 62, 63, 64, 65, 66, 67, 68, 69, 70, 71, 72, 73, 74, 75, 76, 77, 78, 79, 80, 81, 82, 83, 84, 85, 86, 87, 88, 89, 90, 91, 92, 93, 94, 95, 96, 97, 98, 99, 100, 101, 102, 103, 104, 105, 106, 107, 108, 109, 110, 111, 112, 113, 114, 115, 116, 117, 118, 119, 120, 121, 122, 123]
YNEW:[0, 0, 0, 0, 0, 0, 0, 0, 0, 0, 0, 0, 0, 0, 0, 0, 0, 0, 0, 0, 0, 0, 0, 0, 0, 0, 0, 0, 0, 0, 0, 0, 0, 0, 0, 0, 0, 0, 0, 0, 0, 0, 0, 0, 1, 1, 2, 2, 2, 1, 1, 5, 5, 4, 4, 5, 3, 3, 3, 4, 6, 8, 11, 15, 19, 20, 20, 15, 13, 20, 23, 25, 28, 35, 35, 34, 31, 27, 24, 24, 22, 18, 16, 26, 23, 21, 20, 25, 19, 18, 25, 22, 17, 17, 17, 14, 11, 14, 16, 21, 20, 23, 12, 21, 13, 11, 15, 11, 14, 14, 15, 17, 15, 8, 8, 7, 2, 4, 8, 1, 2, 2, 3]
YTOT: [0, 0, 0, 0, 0, 0, 0, 0, 0, 0, 0, 0, 0, 0, 0, 0, 0, 0, 0, 0, 0, 0, 0, 0, 0, 0, 0, 0, 0, 0, 0, 0, 0, 0, 0, 0, 0, 0, 0, 0, 0, 0, 0, 0, 1, 2, 4, 6, 8, 9, 10, 15, 20, 24, 28, 33, 36, 39, 42, 46, 52, 60, 71, 86, 105, 125, 145, 160, 173, 193, 216, 241, 269, 304, 339, 373, 404, 431, 455, 479, 501, 519, 535, 561, 584, 605, 625, 650, 669, 687, 712, 734, 751, 768, 785, 799, 810, 824, 840, 861, 881, 904, 916, 937, 950, 961, 976, 987, 1001, 1015, 1030, 1047, 1062, 1070, 1078, 1085, 1087, 1091, 1099, 1100, 1102, 1104, 1107]

INFO: Total Population: 1133247
INFO: R0: 2
INFO: Incubation Period: 5
INFO: Illness Period: 7
X:[0, 1, 2, 3, 4, 5, 6, 7, 8, 9, 10, 11, 12, 13, 14, 15, 16, 17, 18, 19, 20, 21, 22, 23, 24, 25, 26, 27, 28, 29, 30, 31, 32, 33, 34, 35, 36, 37, 38, 39, 40, 41, 42, 43, 44, 45, 46, 47, 48, 49, 50, 51, 52, 53, 54, 55, 56, 57, 58, 59, 60, 61, 62, 63, 64, 65, 66, 67, 68, 69, 70, 71, 72, 73, 74, 75, 76, 77, 78, 79, 80, 81, 82, 83, 84, 85, 86, 87, 88, 89, 90, 91, 92, 93, 94, 95, 96, 97, 98, 99, 100, 101, 102, 103, 104, 105, 106, 107, 108, 109, 110, 111, 112, 113, 114, 115, 116, 117, 118, 119, 120, 121]
YNEW:[0, 0, 0, 0, 0, 0, 0, 0, 0, 0, 0, 0, 0, 0, 0, 0, 0, 0, 0, 0, 0, 0, 0, 0, 0, 0, 0, 0, 0, 0, 0, 0, 0, 0, 0, 0, 0, 0, 0, 0, 0, 0, 0, 0, 1, 1, 2, 2, 2, 1, 1, 5, 5, 4, 4, 5, 3, 3, 3, 4, 6, 8, 11, 15, 19, 20, 20, 15, 13, 20, 23, 25, 28, 35, 35, 34, 31, 27, 24, 24, 22, 18, 16, 26, 23, 21, 20, 25, 19, 18, 25, 22, 17, 17, 17, 14, 11, 14, 16, 21, 20, 23, 20, 14, 13, 18, 13, 9, 12, 12, 17, 15, 13, 8, 5, 9, 11, 5, 8, 1, 4]
YTOT: [0, 0, 0, 0, 0, 0, 0, 0, 0, 0, 0, 0, 0, 0, 0, 0, 0, 0, 0, 0, 0, 0, 0, 0, 0, 0, 0, 0, 0, 0, 0, 0, 0, 0, 0, 0, 0, 0, 0, 0, 0, 0, 0, 0, 1, 2, 4, 6, 8, 9, 10, 15, 20, 24, 28, 33, 36, 39, 42, 46, 52, 60, 71, 86, 105, 125, 145, 160, 173, 193, 216, 241, 269, 304, 339, 373, 404, 431, 455, 479, 501, 519, 535, 561, 584, 605, 625, 650, 669, 687, 712, 734, 751, 768, 785, 799, 810, 824, 840, 861, 881, 904, 924, 938, 951, 969, 982, 991, 1003, 1015, 1032, 1047, 1060, 1068, 1073, 1082, 1093, 1098, 1106, 1107, 1111]

INFO: Total Population: 1133247
INFO: R0: 2
INFO: Incubation Period: 5
INFO: Illness Period: 7
X:[0, 1, 2, 3, 4, 5, 6, 7, 8, 9, 10, 11, 12, 13, 14, 15, 16, 17, 18, 19, 20, 21, 22, 23, 24, 25, 26, 27, 28, 29, 30, 31, 32, 33, 34, 35, 36, 37, 38, 39, 40, 41, 42, 43, 44, 45, 46, 47, 48, 49, 50, 51, 52, 53, 54, 55, 56, 57, 58, 59, 60, 61, 62, 63, 64, 65, 66, 67, 68, 69, 70, 71, 72, 73, 74, 75, 76, 77, 78, 79, 80, 81, 82, 83, 84, 85, 86, 87, 88, 89, 90, 91, 92, 93, 94, 95, 96, 97, 98, 99, 100, 101, 102, 103, 104, 105, 106, 107, 108, 109, 110, 111, 112, 113, 114, 115, 116, 117, 118, 119, 120, 121, 122, 123]
YNEW:[0, 0, 0, 0, 0, 0, 0, 0, 0, 0, 0, 0, 0, 0, 0, 0, 0, 0, 0, 0, 0, 0, 0, 0, 0, 0, 0, 0, 0, 0, 0, 0, 0, 0, 0, 0, 0, 0, 0, 0, 0, 0, 0, 0, 1, 1, 2, 2, 2, 1, 1, 5, 5, 4, 4, 5, 3, 3, 3, 4, 6, 8, 11, 15, 19, 20, 20, 15, 13, 20, 23, 25, 28, 35, 35, 34, 31, 27, 24, 24, 22, 18, 16, 26, 23, 21, 20, 25, 19, 18, 25, 22, 17, 17, 17, 14, 11, 14, 16, 21, 20, 23, 18, 16, 15, 8, 12, 10, 14, 19, 11, 14, 12, 14, 9, 6, 3, 6, 3, 4, 2, 1, 2]
YTOT: [0, 0, 0, 0, 0, 0, 0, 0, 0, 0, 0, 0, 0, 0, 0, 0, 0, 0, 0, 0, 0, 0, 0, 0, 0, 0, 0, 0, 0, 0, 0, 0, 0, 0, 0, 0, 0, 0, 0, 0, 0, 0, 0, 0, 1, 2, 4, 6, 8, 9, 10, 15, 20, 24, 28, 33, 36, 39, 42, 46, 52, 60, 71, 86, 105, 125, 145, 160, 173, 193, 216, 241, 269, 304, 339, 373, 404, 431, 455, 479, 501, 519, 535, 561, 584, 605, 625, 650, 669, 687, 712, 734, 751, 768, 785, 799, 810, 824, 840, 861, 881, 904, 922, 938, 953, 961, 973, 983, 997, 1016, 1027, 1041, 1053, 1067, 1076, 1082, 1085, 1091, 1094, 1098, 1100, 1101, 1103]

INFO: Total Population: 1133247
INFO: R0: 2
INFO: Incubation Period: 5
INFO: Illness Period: 7
X:[0, 1, 2, 3, 4, 5, 6, 7, 8, 9, 10, 11, 12, 13, 14, 15, 16, 17, 18, 19, 20, 21, 22, 23, 24, 25, 26, 27, 28, 29, 30, 31, 32, 33, 34, 35, 36, 37, 38, 39, 40, 41, 42, 43, 44, 45, 46, 47, 48, 49, 50, 51, 52, 53, 54, 55, 56, 57, 58, 59, 60, 61, 62, 63, 64, 65, 66, 67, 68, 69, 70, 71, 72, 73, 74, 75, 76, 77, 78, 79, 80, 81, 82, 83, 84, 85, 86, 87, 88, 89, 90, 91, 92, 93, 94, 95, 96, 97, 98, 99, 100, 101, 102, 103, 104, 105, 106, 107, 108, 109, 110, 111, 112, 113, 114, 115, 116, 117, 118, 119, 120, 121, 122]
YNEW:[0, 0, 0, 0, 0, 0, 0, 0, 0, 0, 0, 0, 0, 0, 0, 0, 0, 0, 0, 0, 0, 0, 0, 0, 0, 0, 0, 0, 0, 0, 0, 0, 0, 0, 0, 0, 0, 0, 0, 0, 0, 0, 0, 0, 1, 1, 2, 2, 2, 1, 1, 5, 5, 4, 4, 5, 3, 3, 3, 4, 6, 8, 11, 15, 19, 20, 20, 15, 13, 20, 23, 25, 28, 35, 35, 34, 31, 27, 24, 24, 22, 18, 16, 26, 23, 21, 20, 25, 19, 18, 25, 22, 17, 17, 17, 14, 11, 14, 16, 21, 20, 23, 19, 14, 14, 14, 11, 9, 8, 14, 20, 12, 12, 9, 8, 8, 8, 5, 4, 2, 1, 1]
YTOT: [0, 0, 0, 0, 0, 0, 0, 0, 0, 0, 0, 0, 0, 0, 0, 0, 0, 0, 0, 0, 0, 0, 0, 0, 0, 0, 0, 0, 0, 0, 0, 0, 0, 0, 0, 0, 0, 0, 0, 0, 0, 0, 0, 0, 1, 2, 4, 6, 8, 9, 10, 15, 20, 24, 28, 33, 36, 39, 42, 46, 52, 60, 71, 86, 105, 125, 145, 160, 173, 193, 216, 241, 269, 304, 339, 373, 404, 431, 455, 479, 501, 519, 535, 561, 584, 605, 625, 650, 669, 687, 712, 734, 751, 768, 785, 799, 810, 824, 840, 861, 881, 904, 923, 937, 951, 965, 976, 985, 993, 1007, 1027, 1039, 1051, 1060, 1068, 1076, 1084, 1089, 1093, 1095, 1096, 1097]

INFO: Total Population: 1133247
INFO: R0: 2
INFO: Incubation Period: 5
INFO: Illness Period: 7
X:[0, 1, 2, 3, 4, 5, 6, 7, 8, 9, 10, 11, 12, 13, 14, 15, 16, 17, 18, 19, 20, 21, 22, 23, 24, 25, 26, 27, 28, 29, 30, 31, 32, 33, 34, 35, 36, 37, 38, 39, 40, 41, 42, 43, 44, 45, 46, 47, 48, 49, 50, 51, 52, 53, 54, 55, 56, 57, 58, 59, 60, 61, 62, 63, 64, 65, 66, 67, 68, 69, 70, 71, 72, 73, 74, 75, 76, 77, 78, 79, 80, 81, 82, 83, 84, 85, 86, 87, 88, 89, 90, 91, 92, 93, 94, 95, 96, 97, 98, 99, 100, 101, 102, 103, 104, 105, 106, 107, 108, 109, 110, 111, 112, 113, 114, 115, 116, 117, 118, 119, 120, 121, 122, 123]
YNEW:[0, 0, 0, 0, 0, 0, 0, 0, 0, 0, 0, 0, 0, 0, 0, 0, 0, 0, 0, 0, 0, 0, 0, 0, 0, 0, 0, 0, 0, 0, 0, 0, 0, 0, 0, 0, 0, 0, 0, 0, 0, 0, 0, 0, 1, 1, 2, 2, 2, 1, 1, 5, 5, 4, 4, 5, 3, 3, 3, 4, 6, 8, 11, 15, 19, 20, 20, 15, 13, 20, 23, 25, 28, 35, 35, 34, 31, 27, 24, 24, 22, 18, 16, 26, 23, 21, 20, 25, 19, 18, 25, 22, 17, 17, 17, 14, 11, 14, 16, 21, 20, 23, 16, 16, 13, 12, 8, 16, 11, 13, 20, 16, 20, 11, 9, 4, 3, 3, 5, 5, 2, 1, 1]
YTOT: [0, 0, 0, 0, 0, 0, 0, 0, 0, 0, 0, 0, 0, 0, 0, 0, 0, 0, 0, 0, 0, 0, 0, 0, 0, 0, 0, 0, 0, 0, 0, 0, 0, 0, 0, 0, 0, 0, 0, 0, 0, 0, 0, 0, 1, 2, 4, 6, 8, 9, 10, 15, 20, 24, 28, 33, 36, 39, 42, 46, 52, 60, 71, 86, 105, 125, 145, 160, 173, 193, 216, 241, 269, 304, 339, 373, 404, 431, 455, 479, 501, 519, 535, 561, 584, 605, 625, 650, 669, 687, 712, 734, 751, 768, 785, 799, 810, 824, 840, 861, 881, 904, 920, 936, 949, 961, 969, 985, 996, 1009, 1029, 1045, 1065, 1076, 1085, 1089, 1092, 1095, 1100, 1105, 1107, 1108, 1109]

INFO: Total Population: 1133247
INFO: R0: 2
INFO: Incubation Period: 5
INFO: Illness Period: 7
X:[0, 1, 2, 3, 4, 5, 6, 7, 8, 9, 10, 11, 12, 13, 14, 15, 16, 17, 18, 19, 20, 21, 22, 23, 24, 25, 26, 27, 28, 29, 30, 31, 32, 33, 34, 35, 36, 37, 38, 39, 40, 41, 42, 43, 44, 45, 46, 47, 48, 49, 50, 51, 52, 53, 54, 55, 56, 57, 58, 59, 60, 61, 62, 63, 64, 65, 66, 67, 68, 69, 70, 71, 72, 73, 74, 75, 76, 77, 78, 79, 80, 81, 82, 83, 84, 85, 86, 87, 88, 89, 90, 91, 92, 93, 94, 95, 96, 97, 98, 99, 100, 101, 102, 103, 104, 105, 106, 107, 108, 109, 110, 111, 112, 113, 114, 115, 116, 117, 118, 119, 120, 121]
YNEW:[0, 0, 0, 0, 0, 0, 0, 0, 0, 0, 0, 0, 0, 0, 0, 0, 0, 0, 0, 0, 0, 0, 0, 0, 0, 0, 0, 0, 0, 0, 0, 0, 0, 0, 0, 0, 0, 0, 0, 0, 0, 0, 0, 0, 1, 1, 2, 2, 2, 1, 1, 5, 5, 4, 4, 5, 3, 3, 3, 4, 6, 8, 11, 15, 19, 20, 20, 15, 13, 20, 23, 25, 28, 35, 35, 34, 31, 27, 24, 24, 22, 18, 16, 26, 23, 21, 20, 25, 19, 18, 25, 22, 17, 17, 17, 14, 11, 14, 16, 21, 20, 23, 18, 19, 13, 15, 14, 7, 14, 15, 15, 12, 16, 11, 11, 8, 5, 6, 2, 5, 2]
YTOT: [0, 0, 0, 0, 0, 0, 0, 0, 0, 0, 0, 0, 0, 0, 0, 0, 0, 0, 0, 0, 0, 0, 0, 0, 0, 0, 0, 0, 0, 0, 0, 0, 0, 0, 0, 0, 0, 0, 0, 0, 0, 0, 0, 0, 1, 2, 4, 6, 8, 9, 10, 15, 20, 24, 28, 33, 36, 39, 42, 46, 52, 60, 71, 86, 105, 125, 145, 160, 173, 193, 216, 241, 269, 304, 339, 373, 404, 431, 455, 479, 501, 519, 535, 561, 584, 605, 625, 650, 669, 687, 712, 734, 751, 768, 785, 799, 810, 824, 840, 861, 881, 904, 922, 941, 954, 969, 983, 990, 1004, 1019, 1034, 1046, 1062, 1073, 1084, 1092, 1097, 1103, 1105, 1110, 1112]

INFO: Total Population: 1133247
INFO: R0: 2
INFO: Incubation Period: 5
INFO: Illness Period: 7
X:[0, 1, 2, 3, 4, 5, 6, 7, 8, 9, 10, 11, 12, 13, 14, 15, 16, 17, 18, 19, 20, 21, 22, 23, 24, 25, 26, 27, 28, 29, 30, 31, 32, 33, 34, 35, 36, 37, 38, 39, 40, 41, 42, 43, 44, 45, 46, 47, 48, 49, 50, 51, 52, 53, 54, 55, 56, 57, 58, 59, 60, 61, 62, 63, 64, 65, 66, 67, 68, 69, 70, 71, 72, 73, 74, 75, 76, 77, 78, 79, 80, 81, 82, 83, 84, 85, 86, 87, 88, 89, 90, 91, 92, 93, 94, 95, 96, 97, 98, 99, 100, 101, 102, 103, 104, 105, 106, 107, 108, 109, 110, 111, 112, 113, 114, 115, 116, 117, 118, 119, 120, 121, 122, 123, 124]
YNEW:[0, 0, 0, 0, 0, 0, 0, 0, 0, 0, 0, 0, 0, 0, 0, 0, 0, 0, 0, 0, 0, 0, 0, 0, 0, 0, 0, 0, 0, 0, 0, 0, 0, 0, 0, 0, 0, 0, 0, 0, 0, 0, 0, 0, 1, 1, 2, 2, 2, 1, 1, 5, 5, 4, 4, 5, 3, 3, 3, 4, 6, 8, 11, 15, 19, 20, 20, 15, 13, 20, 23, 25, 28, 35, 35, 34, 31, 27, 24, 24, 22, 18, 16, 26, 23, 21, 20, 25, 19, 18, 25, 22, 17, 17, 17, 14, 11, 14, 16, 21, 20, 23, 16, 15, 14, 10, 17, 9, 16, 14, 15, 13, 15, 11, 10, 2, 5, 3, 6, 2, 3, 3, 2, 1]
YTOT: [0, 0, 0, 0, 0, 0, 0, 0, 0, 0, 0, 0, 0, 0, 0, 0, 0, 0, 0, 0, 0, 0, 0, 0, 0, 0, 0, 0, 0, 0, 0, 0, 0, 0, 0, 0, 0, 0, 0, 0, 0, 0, 0, 0, 1, 2, 4, 6, 8, 9, 10, 15, 20, 24, 28, 33, 36, 39, 42, 46, 52, 60, 71, 86, 105, 125, 145, 160, 173, 193, 216, 241, 269, 304, 339, 373, 404, 431, 455, 479, 501, 519, 535, 561, 584, 605, 625, 650, 669, 687, 712, 734, 751, 768, 785, 799, 810, 824, 840, 861, 881, 904, 920, 935, 949, 959, 976, 985, 1001, 1015, 1030, 1043, 1058, 1069, 1079, 1081, 1086, 1089, 1095, 1097, 1100, 1103, 1105, 1106]

INFO: Total Population: 1133247
INFO: R0: 2
INFO: Incubation Period: 5
INFO: Illness Period: 7
X:[0, 1, 2, 3, 4, 5, 6, 7, 8, 9, 10, 11, 12, 13, 14, 15, 16, 17, 18, 19, 20, 21, 22, 23, 24, 25, 26, 27, 28, 29, 30, 31, 32, 33, 34, 35, 36, 37, 38, 39, 40, 41, 42, 43, 44, 45, 46, 47, 48, 49, 50, 51, 52, 53, 54, 55, 56, 57, 58, 59, 60, 61, 62, 63, 64, 65, 66, 67, 68, 69, 70, 71, 72, 73, 74, 75, 76, 77, 78, 79, 80, 81, 82, 83, 84, 85, 86, 87, 88, 89, 90, 91, 92, 93, 94, 95, 96, 97, 98, 99, 100, 101, 102, 103, 104, 105, 106, 107, 108, 109, 110, 111, 112, 113, 114, 115, 116, 117, 118, 119, 120, 121, 122, 123]
YNEW:[0, 0, 0, 0, 0, 0, 0, 0, 0, 0, 0, 0, 0, 0, 0, 0, 0, 0, 0, 0, 0, 0, 0, 0, 0, 0, 0, 0, 0, 0, 0, 0, 0, 0, 0, 0, 0, 0, 0, 0, 0, 0, 0, 0, 1, 1, 2, 2, 2, 1, 1, 5, 5, 4, 4, 5, 3, 3, 3, 4, 6, 8, 11, 15, 19, 20, 20, 15, 13, 20, 23, 25, 28, 35, 35, 34, 31, 27, 24, 24, 22, 18, 16, 26, 23, 21, 20, 25, 19, 18, 25, 22, 17, 17, 17, 14, 11, 14, 16, 21, 20, 23, 13, 21, 12, 12, 10, 10, 23, 17, 16, 12, 10, 12, 7, 7, 6, 3, 3, 2, 4, 1, 1]
YTOT: [0, 0, 0, 0, 0, 0, 0, 0, 0, 0, 0, 0, 0, 0, 0, 0, 0, 0, 0, 0, 0, 0, 0, 0, 0, 0, 0, 0, 0, 0, 0, 0, 0, 0, 0, 0, 0, 0, 0, 0, 0, 0, 0, 0, 1, 2, 4, 6, 8, 9, 10, 15, 20, 24, 28, 33, 36, 39, 42, 46, 52, 60, 71, 86, 105, 125, 145, 160, 173, 193, 216, 241, 269, 304, 339, 373, 404, 431, 455, 479, 501, 519, 535, 561, 584, 605, 625, 650, 669, 687, 712, 734, 751, 768, 785, 799, 810, 824, 840, 861, 881, 904, 917, 938, 950, 962, 972, 982, 1005, 1022, 1038, 1050, 1060, 1072, 1079, 1086, 1092, 1095, 1098, 1100, 1104, 1105, 1106]

INFO: Total Population: 1133247
INFO: R0: 2
INFO: Incubation Period: 5
INFO: Illness Period: 7
X:[0, 1, 2, 3, 4, 5, 6, 7, 8, 9, 10, 11, 12, 13, 14, 15, 16, 17, 18, 19, 20, 21, 22, 23, 24, 25, 26, 27, 28, 29, 30, 31, 32, 33, 34, 35, 36, 37, 38, 39, 40, 41, 42, 43, 44, 45, 46, 47, 48, 49, 50, 51, 52, 53, 54, 55, 56, 57, 58, 59, 60, 61, 62, 63, 64, 65, 66, 67, 68, 69, 70, 71, 72, 73, 74, 75, 76, 77, 78, 79, 80, 81, 82, 83, 84, 85, 86, 87, 88, 89, 90, 91, 92, 93, 94, 95, 96, 97, 98, 99, 100, 101, 102, 103, 104, 105, 106, 107, 108, 109, 110, 111, 112, 113, 114, 115, 116, 117, 118, 119, 120, 121, 122, 123]
YNEW:[0, 0, 0, 0, 0, 0, 0, 0, 0, 0, 0, 0, 0, 0, 0, 0, 0, 0, 0, 0, 0, 0, 0, 0, 0, 0, 0, 0, 0, 0, 0, 0, 0, 0, 0, 0, 0, 0, 0, 0, 0, 0, 0, 0, 1, 1, 2, 2, 2, 1, 1, 5, 5, 4, 4, 5, 3, 3, 3, 4, 6, 8, 11, 15, 19, 20, 20, 15, 13, 20, 23, 25, 28, 35, 35, 34, 31, 27, 24, 24, 22, 18, 16, 26, 23, 21, 20, 25, 19, 18, 25, 22, 17, 17, 17, 14, 11, 14, 16, 21, 20, 23, 17, 11, 15, 9, 8, 12, 10, 16, 20, 14, 17, 8, 4, 5, 10, 4, 4, 4, 1, 1, 1]
YTOT: [0, 0, 0, 0, 0, 0, 0, 0, 0, 0, 0, 0, 0, 0, 0, 0, 0, 0, 0, 0, 0, 0, 0, 0, 0, 0, 0, 0, 0, 0, 0, 0, 0, 0, 0, 0, 0, 0, 0, 0, 0, 0, 0, 0, 1, 2, 4, 6, 8, 9, 10, 15, 20, 24, 28, 33, 36, 39, 42, 46, 52, 60, 71, 86, 105, 125, 145, 160, 173, 193, 216, 241, 269, 304, 339, 373, 404, 431, 455, 479, 501, 519, 535, 561, 584, 605, 625, 650, 669, 687, 712, 734, 751, 768, 785, 799, 810, 824, 840, 861, 881, 904, 921, 932, 947, 956, 964, 976, 986, 1002, 1022, 1036, 1053, 1061, 1065, 1070, 1080, 1084, 1088, 1092, 1093, 1094, 1095]

INFO: Total Population: 1133247
INFO: R0: 2
INFO: Incubation Period: 5
INFO: Illness Period: 7
X:[0, 1, 2, 3, 4, 5, 6, 7, 8, 9, 10, 11, 12, 13, 14, 15, 16, 17, 18, 19, 20, 21, 22, 23, 24, 25, 26, 27, 28, 29, 30, 31, 32, 33, 34, 35, 36, 37, 38, 39, 40, 41, 42, 43, 44, 45, 46, 47, 48, 49, 50, 51, 52, 53, 54, 55, 56, 57, 58, 59, 60, 61, 62, 63, 64, 65, 66, 67, 68, 69, 70, 71, 72, 73, 74, 75, 76, 77, 78, 79, 80, 81, 82, 83, 84, 85, 86, 87, 88, 89, 90, 91, 92, 93, 94, 95, 96, 97, 98, 99, 100, 101, 102, 103, 104, 105, 106, 107, 108, 109, 110, 111, 112, 113, 114, 115, 116, 117, 118, 119, 120, 121, 122, 123]
YNEW:[0, 0, 0, 0, 0, 0, 0, 0, 0, 0, 0, 0, 0, 0, 0, 0, 0, 0, 0, 0, 0, 0, 0, 0, 0, 0, 0, 0, 0, 0, 0, 0, 0, 0, 0, 0, 0, 0, 0, 0, 0, 0, 0, 0, 1, 1, 2, 2, 2, 1, 1, 5, 5, 4, 4, 5, 3, 3, 3, 4, 6, 8, 11, 15, 19, 20, 20, 15, 13, 20, 23, 25, 28, 35, 35, 34, 31, 27, 24, 24, 22, 18, 16, 26, 23, 21, 20, 25, 19, 18, 25, 22, 17, 17, 17, 14, 11, 14, 16, 21, 20, 23, 14, 15, 12, 11, 9, 12, 18, 14, 11, 12, 11, 11, 8, 3, 3, 7, 4, 4, 1, 1, 1]
YTOT: [0, 0, 0, 0, 0, 0, 0, 0, 0, 0, 0, 0, 0, 0, 0, 0, 0, 0, 0, 0, 0, 0, 0, 0, 0, 0, 0, 0, 0, 0, 0, 0, 0, 0, 0, 0, 0, 0, 0, 0, 0, 0, 0, 0, 1, 2, 4, 6, 8, 9, 10, 15, 20, 24, 28, 33, 36, 39, 42, 46, 52, 60, 71, 86, 105, 125, 145, 160, 173, 193, 216, 241, 269, 304, 339, 373, 404, 431, 455, 479, 501, 519, 535, 561, 584, 605, 625, 650, 669, 687, 712, 734, 751, 768, 785, 799, 810, 824, 840, 861, 881, 904, 918, 933, 945, 956, 965, 977, 995, 1009, 1020, 1032, 1043, 1054, 1062, 1065, 1068, 1075, 1079, 1083, 1084, 1085, 1086]

INFO: Total Population: 1133247
INFO: R0: 2
INFO: Incubation Period: 5
INFO: Illness Period: 7
X:[0, 1, 2, 3, 4, 5, 6, 7, 8, 9, 10, 11, 12, 13, 14, 15, 16, 17, 18, 19, 20, 21, 22, 23, 24, 25, 26, 27, 28, 29, 30, 31, 32, 33, 34, 35, 36, 37, 38, 39, 40, 41, 42, 43, 44, 45, 46, 47, 48, 49, 50, 51, 52, 53, 54, 55, 56, 57, 58, 59, 60, 61, 62, 63, 64, 65, 66, 67, 68, 69, 70, 71, 72, 73, 74, 75, 76, 77, 78, 79, 80, 81, 82, 83, 84, 85, 86, 87, 88, 89, 90, 91, 92, 93, 94, 95, 96, 97, 98, 99, 100, 101, 102, 103, 104, 105, 106, 107, 108, 109, 110, 111, 112, 113, 114, 115, 116, 117, 118, 119, 120, 121]
YNEW:[0, 0, 0, 0, 0, 0, 0, 0, 0, 0, 0, 0, 0, 0, 0, 0, 0, 0, 0, 0, 0, 0, 0, 0, 0, 0, 0, 0, 0, 0, 0, 0, 0, 0, 0, 0, 0, 0, 0, 0, 0, 0, 0, 0, 1, 1, 2, 2, 2, 1, 1, 5, 5, 4, 4, 5, 3, 3, 3, 4, 6, 8, 11, 15, 19, 20, 20, 15, 13, 20, 23, 25, 28, 35, 35, 34, 31, 27, 24, 24, 22, 18, 16, 26, 23, 21, 20, 25, 19, 18, 25, 22, 17, 17, 17, 14, 11, 14, 16, 21, 20, 23, 17, 16, 8, 15, 15, 10, 18, 15, 9, 13, 21, 10, 8, 8, 9, 6, 3, 2, 3]
YTOT: [0, 0, 0, 0, 0, 0, 0, 0, 0, 0, 0, 0, 0, 0, 0, 0, 0, 0, 0, 0, 0, 0, 0, 0, 0, 0, 0, 0, 0, 0, 0, 0, 0, 0, 0, 0, 0, 0, 0, 0, 0, 0, 0, 0, 1, 2, 4, 6, 8, 9, 10, 15, 20, 24, 28, 33, 36, 39, 42, 46, 52, 60, 71, 86, 105, 125, 145, 160, 173, 193, 216, 241, 269, 304, 339, 373, 404, 431, 455, 479, 501, 519, 535, 561, 584, 605, 625, 650, 669, 687, 712, 734, 751, 768, 785, 799, 810, 824, 840, 861, 881, 904, 921, 937, 945, 960, 975, 985, 1003, 1018, 1027, 1040, 1061, 1071, 1079, 1087, 1096, 1102, 1105, 1107, 1110]

INFO: Total Population: 1133247
INFO: R0: 2
INFO: Incubation Period: 5
INFO: Illness Period: 7
X:[0, 1, 2, 3, 4, 5, 6, 7, 8, 9, 10, 11, 12, 13, 14, 15, 16, 17, 18, 19, 20, 21, 22, 23, 24, 25, 26, 27, 28, 29, 30, 31, 32, 33, 34, 35, 36, 37, 38, 39, 40, 41, 42, 43, 44, 45, 46, 47, 48, 49, 50, 51, 52, 53, 54, 55, 56, 57, 58, 59, 60, 61, 62, 63, 64, 65, 66, 67, 68, 69, 70, 71, 72, 73, 74, 75, 76, 77, 78, 79, 80, 81, 82, 83, 84, 85, 86, 87, 88, 89, 90, 91, 92, 93, 94, 95, 96, 97, 98, 99, 100, 101, 102, 103, 104, 105, 106, 107, 108, 109, 110, 111, 112, 113, 114, 115, 116, 117, 118, 119, 120, 121, 122]
YNEW:[0, 0, 0, 0, 0, 0, 0, 0, 0, 0, 0, 0, 0, 0, 0, 0, 0, 0, 0, 0, 0, 0, 0, 0, 0, 0, 0, 0, 0, 0, 0, 0, 0, 0, 0, 0, 0, 0, 0, 0, 0, 0, 0, 0, 1, 1, 2, 2, 2, 1, 1, 5, 5, 4, 4, 5, 3, 3, 3, 4, 6, 8, 11, 15, 19, 20, 20, 15, 13, 20, 23, 25, 28, 35, 35, 34, 31, 27, 24, 24, 22, 18, 16, 26, 23, 21, 20, 25, 19, 18, 25, 22, 17, 17, 17, 14, 11, 14, 16, 21, 20, 23, 15, 12, 6, 13, 15, 16, 11, 14, 11, 12, 13, 14, 8, 8, 5, 7, 7, 1, 1, 2]
YTOT: [0, 0, 0, 0, 0, 0, 0, 0, 0, 0, 0, 0, 0, 0, 0, 0, 0, 0, 0, 0, 0, 0, 0, 0, 0, 0, 0, 0, 0, 0, 0, 0, 0, 0, 0, 0, 0, 0, 0, 0, 0, 0, 0, 0, 1, 2, 4, 6, 8, 9, 10, 15, 20, 24, 28, 33, 36, 39, 42, 46, 52, 60, 71, 86, 105, 125, 145, 160, 173, 193, 216, 241, 269, 304, 339, 373, 404, 431, 455, 479, 501, 519, 535, 561, 584, 605, 625, 650, 669, 687, 712, 734, 751, 768, 785, 799, 810, 824, 840, 861, 881, 904, 919, 931, 937, 950, 965, 981, 992, 1006, 1017, 1029, 1042, 1056, 1064, 1072, 1077, 1084, 1091, 1092, 1093, 1095]

END