

INFO: Total Population: 1643700
INFO: R0: 2
INFO: Incubation Period: 5
INFO: Illness Period: 7
X:[0, 1, 2, 3, 4, 5, 6, 7, 8, 9, 10, 11, 12, 13, 14, 15, 16, 17, 18, 19, 20, 21, 22, 23, 24, 25, 26, 27, 28, 29, 30, 31, 32, 33, 34, 35, 36, 37, 38, 39, 40, 41, 42, 43, 44, 45, 46, 47, 48, 49, 50, 51, 52, 53, 54, 55, 56, 57, 58, 59, 60, 61, 62, 63, 64, 65, 66, 67, 68, 69, 70, 71, 72, 73, 74, 75, 76, 77, 78, 79, 80, 81, 82, 83, 84, 85, 86, 87, 88, 89, 90, 91, 92, 93, 94, 95, 96, 97, 98, 99, 100, 101, 102, 103, 104, 105, 106, 107, 108, 109, 110, 111, 112, 113, 114, 115, 116, 117]
YNEW:[0, 0, 0, 0, 0, 0, 0, 0, 0, 0, 0, 0, 0, 0, 0, 0, 0, 0, 0, 0, 0, 0, 0, 0, 0, 0, 0, 0, 0, 0, 0, 0, 0, 0, 0, 0, 0, 0, 0, 0, 0, 0, 0, 0, 0, 0, 0, 1, 0, 1, 0, 1, 1, 3, 4, 6, 5, 5, 7, 11, 22, 22, 16, 14, 18, 30, 34, 30, 25, 25, 30, 33, 40, 59, 52, 43, 43, 40, 38, 44, 44, 41, 41, 27, 42, 44, 48, 51, 53, 43, 44, 42, 51, 52, 48, 42, 49, 41, 39, 31, 32, 37, 28, 38, 59, 33, 44, 15, 19, 17, 23, 12, 7, 6, 3, 2, 1]
YTOT: [0, 0, 0, 0, 0, 0, 0, 0, 0, 0, 0, 0, 0, 0, 0, 0, 0, 0, 0, 0, 0, 0, 0, 0, 0, 0, 0, 0, 0, 0, 0, 0, 0, 0, 0, 0, 0, 0, 0, 0, 0, 0, 0, 0, 0, 0, 0, 1, 1, 2, 2, 3, 4, 7, 11, 17, 22, 27, 34, 45, 67, 89, 105, 119, 137, 167, 201, 231, 256, 281, 311, 344, 384, 443, 495, 538, 581, 621, 659, 703, 747, 788, 829, 856, 898, 942, 990, 1041, 1094, 1137, 1181, 1223, 1274, 1326, 1374, 1416, 1465, 1506, 1545, 1576, 1608, 1645, 1673, 1711, 1770, 1803, 1847, 1862, 1881, 1898, 1921, 1933, 1940, 1946, 1949, 1951, 1952]

INFO: Total Population: 1643700
INFO: R0: 2
INFO: Incubation Period: 5
INFO: Illness Period: 7
X:[0, 1, 2, 3, 4, 5, 6, 7, 8, 9, 10, 11, 12, 13, 14, 15, 16, 17, 18, 19, 20, 21, 22, 23, 24, 25, 26, 27, 28, 29, 30, 31, 32, 33, 34, 35, 36, 37, 38, 39, 40, 41, 42, 43, 44, 45, 46, 47, 48, 49, 50, 51, 52, 53, 54, 55, 56, 57, 58, 59, 60, 61, 62, 63, 64, 65, 66, 67, 68, 69, 70, 71, 72, 73, 74, 75, 76, 77, 78, 79, 80, 81, 82, 83, 84, 85, 86, 87, 88, 89, 90, 91, 92, 93, 94, 95, 96, 97, 98, 99, 100, 101, 102, 103, 104, 105, 106, 107, 108, 109, 110, 111, 112, 113, 114, 115, 116, 117]
YNEW:[0, 0, 0, 0, 0, 0, 0, 0, 0, 0, 0, 0, 0, 0, 0, 0, 0, 0, 0, 0, 0, 0, 0, 0, 0, 0, 0, 0, 0, 0, 0, 0, 0, 0, 0, 0, 0, 0, 0, 0, 0, 0, 0, 0, 0, 0, 0, 1, 0, 1, 0, 1, 1, 3, 4, 6, 5, 5, 7, 11, 22, 22, 16, 14, 18, 30, 34, 30, 25, 25, 30, 33, 40, 59, 52, 43, 43, 40, 38, 44, 44, 41, 41, 27, 42, 44, 48, 51, 53, 43, 44, 42, 51, 52, 48, 42, 32, 45, 38, 36, 31, 22, 30, 30, 43, 36, 36, 34, 19, 21, 14, 11, 9, 8, 6, 2, 3]
YTOT: [0, 0, 0, 0, 0, 0, 0, 0, 0, 0, 0, 0, 0, 0, 0, 0, 0, 0, 0, 0, 0, 0, 0, 0, 0, 0, 0, 0, 0, 0, 0, 0, 0, 0, 0, 0, 0, 0, 0, 0, 0, 0, 0, 0, 0, 0, 0, 1, 1, 2, 2, 3, 4, 7, 11, 17, 22, 27, 34, 45, 67, 89, 105, 119, 137, 167, 201, 231, 256, 281, 311, 344, 384, 443, 495, 538, 581, 621, 659, 703, 747, 788, 829, 856, 898, 942, 990, 1041, 1094, 1137, 1181, 1223, 1274, 1326, 1374, 1416, 1448, 1493, 1531, 1567, 1598, 1620, 1650, 1680, 1723, 1759, 1795, 1829, 1848, 1869, 1883, 1894, 1903, 1911, 1917, 1919, 1922]

INFO: Total Population: 1643700
INFO: R0: 2
INFO: Incubation Period: 5
INFO: Illness Period: 7
X:[0, 1, 2, 3, 4, 5, 6, 7, 8, 9, 10, 11, 12, 13, 14, 15, 16, 17, 18, 19, 20, 21, 22, 23, 24, 25, 26, 27, 28, 29, 30, 31, 32, 33, 34, 35, 36, 37, 38, 39, 40, 41, 42, 43, 44, 45, 46, 47, 48, 49, 50, 51, 52, 53, 54, 55, 56, 57, 58, 59, 60, 61, 62, 63, 64, 65, 66, 67, 68, 69, 70, 71, 72, 73, 74, 75, 76, 77, 78, 79, 80, 81, 82, 83, 84, 85, 86, 87, 88, 89, 90, 91, 92, 93, 94, 95, 96, 97, 98, 99, 100, 101, 102, 103, 104, 105, 106, 107, 108, 109, 110, 111, 112, 113, 114, 115, 116, 117]
YNEW:[0, 0, 0, 0, 0, 0, 0, 0, 0, 0, 0, 0, 0, 0, 0, 0, 0, 0, 0, 0, 0, 0, 0, 0, 0, 0, 0, 0, 0, 0, 0, 0, 0, 0, 0, 0, 0, 0, 0, 0, 0, 0, 0, 0, 0, 0, 0, 1, 0, 1, 0, 1, 1, 3, 4, 6, 5, 5, 7, 11, 22, 22, 16, 14, 18, 30, 34, 30, 25, 25, 30, 33, 40, 59, 52, 43, 43, 40, 38, 44, 44, 41, 41, 27, 42, 44, 48, 51, 53, 43, 44, 42, 51, 52, 48, 42, 40, 36, 34, 46, 30, 37, 37, 39, 34, 39, 37, 23, 19, 13, 18, 16, 9, 10, 6, 2, 5]
YTOT: [0, 0, 0, 0, 0, 0, 0, 0, 0, 0, 0, 0, 0, 0, 0, 0, 0, 0, 0, 0, 0, 0, 0, 0, 0, 0, 0, 0, 0, 0, 0, 0, 0, 0, 0, 0, 0, 0, 0, 0, 0, 0, 0, 0, 0, 0, 0, 1, 1, 2, 2, 3, 4, 7, 11, 17, 22, 27, 34, 45, 67, 89, 105, 119, 137, 167, 201, 231, 256, 281, 311, 344, 384, 443, 495, 538, 581, 621, 659, 703, 747, 788, 829, 856, 898, 942, 990, 1041, 1094, 1137, 1181, 1223, 1274, 1326, 1374, 1416, 1456, 1492, 1526, 1572, 1602, 1639, 1676, 1715, 1749, 1788, 1825, 1848, 1867, 1880, 1898, 1914, 1923, 1933, 1939, 1941, 1946]

INFO: Total Population: 1643700
INFO: R0: 2
INFO: Incubation Period: 5
INFO: Illness Period: 7
X:[0, 1, 2, 3, 4, 5, 6, 7, 8, 9, 10, 11, 12, 13, 14, 15, 16, 17, 18, 19, 20, 21, 22, 23, 24, 25, 26, 27, 28, 29, 30, 31, 32, 33, 34, 35, 36, 37, 38, 39, 40, 41, 42, 43, 44, 45, 46, 47, 48, 49, 50, 51, 52, 53, 54, 55, 56, 57, 58, 59, 60, 61, 62, 63, 64, 65, 66, 67, 68, 69, 70, 71, 72, 73, 74, 75, 76, 77, 78, 79, 80, 81, 82, 83, 84, 85, 86, 87, 88, 89, 90, 91, 92, 93, 94, 95, 96, 97, 98, 99, 100, 101, 102, 103, 104, 105, 106, 107, 108, 109, 110, 111, 112, 113, 114, 115, 116, 117]
YNEW:[0, 0, 0, 0, 0, 0, 0, 0, 0, 0, 0, 0, 0, 0, 0, 0, 0, 0, 0, 0, 0, 0, 0, 0, 0, 0, 0, 0, 0, 0, 0, 0, 0, 0, 0, 0, 0, 0, 0, 0, 0, 0, 0, 0, 0, 0, 0, 1, 0, 1, 0, 1, 1, 3, 4, 6, 5, 5, 7, 11, 22, 22, 16, 14, 18, 30, 34, 30, 25, 25, 30, 33, 40, 59, 52, 43, 43, 40, 38, 44, 44, 41, 41, 27, 42, 44, 48, 51, 53, 43, 44, 42, 51, 52, 48, 42, 28, 50, 35, 28, 33, 34, 26, 45, 35, 39, 33, 19, 15, 20, 22, 16, 6, 9, 5, 1, 1]
YTOT: [0, 0, 0, 0, 0, 0, 0, 0, 0, 0, 0, 0, 0, 0, 0, 0, 0, 0, 0, 0, 0, 0, 0, 0, 0, 0, 0, 0, 0, 0, 0, 0, 0, 0, 0, 0, 0, 0, 0, 0, 0, 0, 0, 0, 0, 0, 0, 1, 1, 2, 2, 3, 4, 7, 11, 17, 22, 27, 34, 45, 67, 89, 105, 119, 137, 167, 201, 231, 256, 281, 311, 344, 384, 443, 495, 538, 581, 621, 659, 703, 747, 788, 829, 856, 898, 942, 990, 1041, 1094, 1137, 1181, 1223, 1274, 1326, 1374, 1416, 1444, 1494, 1529, 1557, 1590, 1624, 1650, 1695, 1730, 1769, 1802, 1821, 1836, 1856, 1878, 1894, 1900, 1909, 1914, 1915, 1916]

INFO: Total Population: 1643700
INFO: R0: 2
INFO: Incubation Period: 5
INFO: Illness Period: 7
X:[0, 1, 2, 3, 4, 5, 6, 7, 8, 9, 10, 11, 12, 13, 14, 15, 16, 17, 18, 19, 20, 21, 22, 23, 24, 25, 26, 27, 28, 29, 30, 31, 32, 33, 34, 35, 36, 37, 38, 39, 40, 41, 42, 43, 44, 45, 46, 47, 48, 49, 50, 51, 52, 53, 54, 55, 56, 57, 58, 59, 60, 61, 62, 63, 64, 65, 66, 67, 68, 69, 70, 71, 72, 73, 74, 75, 76, 77, 78, 79, 80, 81, 82, 83, 84, 85, 86, 87, 88, 89, 90, 91, 92, 93, 94, 95, 96, 97, 98, 99, 100, 101, 102, 103, 104, 105, 106, 107, 108, 109, 110, 111, 112, 113, 114, 115, 116, 117]
YNEW:[0, 0, 0, 0, 0, 0, 0, 0, 0, 0, 0, 0, 0, 0, 0, 0, 0, 0, 0, 0, 0, 0, 0, 0, 0, 0, 0, 0, 0, 0, 0, 0, 0, 0, 0, 0, 0, 0, 0, 0, 0, 0, 0, 0, 0, 0, 0, 1, 0, 1, 0, 1, 1, 3, 4, 6, 5, 5, 7, 11, 22, 22, 16, 14, 18, 30, 34, 30, 25, 25, 30, 33, 40, 59, 52, 43, 43, 40, 38, 44, 44, 41, 41, 27, 42, 44, 48, 51, 53, 43, 44, 42, 51, 52, 48, 42, 50, 45, 33, 24, 31, 28, 42, 35, 44, 33, 37, 24, 20, 20, 21, 12, 4, 4, 3, 5, 3]
YTOT: [0, 0, 0, 0, 0, 0, 0, 0, 0, 0, 0, 0, 0, 0, 0, 0, 0, 0, 0, 0, 0, 0, 0, 0, 0, 0, 0, 0, 0, 0, 0, 0, 0, 0, 0, 0, 0, 0, 0, 0, 0, 0, 0, 0, 0, 0, 0, 1, 1, 2, 2, 3, 4, 7, 11, 17, 22, 27, 34, 45, 67, 89, 105, 119, 137, 167, 201, 231, 256, 281, 311, 344, 384, 443, 495, 538, 581, 621, 659, 703, 747, 788, 829, 856, 898, 942, 990, 1041, 1094, 1137, 1181, 1223, 1274, 1326, 1374, 1416, 1466, 1511, 1544, 1568, 1599, 1627, 1669, 1704, 1748, 1781, 1818, 1842, 1862, 1882, 1903, 1915, 1919, 1923, 1926, 1931, 1934]

INFO: Total Population: 1643700
INFO: R0: 2
INFO: Incubation Period: 5
INFO: Illness Period: 7
X:[0, 1, 2, 3, 4, 5, 6, 7, 8, 9, 10, 11, 12, 13, 14, 15, 16, 17, 18, 19, 20, 21, 22, 23, 24, 25, 26, 27, 28, 29, 30, 31, 32, 33, 34, 35, 36, 37, 38, 39, 40, 41, 42, 43, 44, 45, 46, 47, 48, 49, 50, 51, 52, 53, 54, 55, 56, 57, 58, 59, 60, 61, 62, 63, 64, 65, 66, 67, 68, 69, 70, 71, 72, 73, 74, 75, 76, 77, 78, 79, 80, 81, 82, 83, 84, 85, 86, 87, 88, 89, 90, 91, 92, 93, 94, 95, 96, 97, 98, 99, 100, 101, 102, 103, 104, 105, 106, 107, 108, 109, 110, 111, 112, 113, 114, 115, 116, 117]
YNEW:[0, 0, 0, 0, 0, 0, 0, 0, 0, 0, 0, 0, 0, 0, 0, 0, 0, 0, 0, 0, 0, 0, 0, 0, 0, 0, 0, 0, 0, 0, 0, 0, 0, 0, 0, 0, 0, 0, 0, 0, 0, 0, 0, 0, 0, 0, 0, 1, 0, 1, 0, 1, 1, 3, 4, 6, 5, 5, 7, 11, 22, 22, 16, 14, 18, 30, 34, 30, 25, 25, 30, 33, 40, 59, 52, 43, 43, 40, 38, 44, 44, 41, 41, 27, 42, 44, 48, 51, 53, 43, 44, 42, 51, 52, 48, 42, 37, 41, 44, 32, 26, 27, 29, 44, 39, 44, 31, 25, 24, 13, 12, 13, 5, 11, 8, 3, 1]
YTOT: [0, 0, 0, 0, 0, 0, 0, 0, 0, 0, 0, 0, 0, 0, 0, 0, 0, 0, 0, 0, 0, 0, 0, 0, 0, 0, 0, 0, 0, 0, 0, 0, 0, 0, 0, 0, 0, 0, 0, 0, 0, 0, 0, 0, 0, 0, 0, 1, 1, 2, 2, 3, 4, 7, 11, 17, 22, 27, 34, 45, 67, 89, 105, 119, 137, 167, 201, 231, 256, 281, 311, 344, 384, 443, 495, 538, 581, 621, 659, 703, 747, 788, 829, 856, 898, 942, 990, 1041, 1094, 1137, 1181, 1223, 1274, 1326, 1374, 1416, 1453, 1494, 1538, 1570, 1596, 1623, 1652, 1696, 1735, 1779, 1810, 1835, 1859, 1872, 1884, 1897, 1902, 1913, 1921, 1924, 1925]

INFO: Total Population: 1643700
INFO: R0: 2
INFO: Incubation Period: 5
INFO: Illness Period: 7
X:[0, 1, 2, 3, 4, 5, 6, 7, 8, 9, 10, 11, 12, 13, 14, 15, 16, 17, 18, 19, 20, 21, 22, 23, 24, 25, 26, 27, 28, 29, 30, 31, 32, 33, 34, 35, 36, 37, 38, 39, 40, 41, 42, 43, 44, 45, 46, 47, 48, 49, 50, 51, 52, 53, 54, 55, 56, 57, 58, 59, 60, 61, 62, 63, 64, 65, 66, 67, 68, 69, 70, 71, 72, 73, 74, 75, 76, 77, 78, 79, 80, 81, 82, 83, 84, 85, 86, 87, 88, 89, 90, 91, 92, 93, 94, 95, 96, 97, 98, 99, 100, 101, 102, 103, 104, 105, 106, 107, 108, 109, 110, 111, 112, 113, 114, 115, 116, 117, 118]
YNEW:[0, 0, 0, 0, 0, 0, 0, 0, 0, 0, 0, 0, 0, 0, 0, 0, 0, 0, 0, 0, 0, 0, 0, 0, 0, 0, 0, 0, 0, 0, 0, 0, 0, 0, 0, 0, 0, 0, 0, 0, 0, 0, 0, 0, 0, 0, 0, 1, 0, 1, 0, 1, 1, 3, 4, 6, 5, 5, 7, 11, 22, 22, 16, 14, 18, 30, 34, 30, 25, 25, 30, 33, 40, 59, 52, 43, 43, 40, 38, 44, 44, 41, 41, 27, 42, 44, 48, 51, 53, 43, 44, 42, 51, 52, 48, 42, 42, 50, 31, 31, 26, 30, 36, 39, 48, 39, 32, 21, 19, 19, 16, 18, 9, 5, 2, 2, 2, 2]
YTOT: [0, 0, 0, 0, 0, 0, 0, 0, 0, 0, 0, 0, 0, 0, 0, 0, 0, 0, 0, 0, 0, 0, 0, 0, 0, 0, 0, 0, 0, 0, 0, 0, 0, 0, 0, 0, 0, 0, 0, 0, 0, 0, 0, 0, 0, 0, 0, 1, 1, 2, 2, 3, 4, 7, 11, 17, 22, 27, 34, 45, 67, 89, 105, 119, 137, 167, 201, 231, 256, 281, 311, 344, 384, 443, 495, 538, 581, 621, 659, 703, 747, 788, 829, 856, 898, 942, 990, 1041, 1094, 1137, 1181, 1223, 1274, 1326, 1374, 1416, 1458, 1508, 1539, 1570, 1596, 1626, 1662, 1701, 1749, 1788, 1820, 1841, 1860, 1879, 1895, 1913, 1922, 1927, 1929, 1931, 1933, 1935]

INFO: Total Population: 1643700
INFO: R0: 2
INFO: Incubation Period: 5
INFO: Illness Period: 7
X:[0, 1, 2, 3, 4, 5, 6, 7, 8, 9, 10, 11, 12, 13, 14, 15, 16, 17, 18, 19, 20, 21, 22, 23, 24, 25, 26, 27, 28, 29, 30, 31, 32, 33, 34, 35, 36, 37, 38, 39, 40, 41, 42, 43, 44, 45, 46, 47, 48, 49, 50, 51, 52, 53, 54, 55, 56, 57, 58, 59, 60, 61, 62, 63, 64, 65, 66, 67, 68, 69, 70, 71, 72, 73, 74, 75, 76, 77, 78, 79, 80, 81, 82, 83, 84, 85, 86, 87, 88, 89, 90, 91, 92, 93, 94, 95, 96, 97, 98, 99, 100, 101, 102, 103, 104, 105, 106, 107, 108, 109, 110, 111, 112, 113, 114, 115, 116, 117, 118]
YNEW:[0, 0, 0, 0, 0, 0, 0, 0, 0, 0, 0, 0, 0, 0, 0, 0, 0, 0, 0, 0, 0, 0, 0, 0, 0, 0, 0, 0, 0, 0, 0, 0, 0, 0, 0, 0, 0, 0, 0, 0, 0, 0, 0, 0, 0, 0, 0, 1, 0, 1, 0, 1, 1, 3, 4, 6, 5, 5, 7, 11, 22, 22, 16, 14, 18, 30, 34, 30, 25, 25, 30, 33, 40, 59, 52, 43, 43, 40, 38, 44, 44, 41, 41, 27, 42, 44, 48, 51, 53, 43, 44, 42, 51, 52, 48, 42, 39, 57, 41, 34, 28, 33, 32, 40, 40, 32, 37, 26, 22, 14, 20, 13, 13, 11, 3, 4, 4, 1]
YTOT: [0, 0, 0, 0, 0, 0, 0, 0, 0, 0, 0, 0, 0, 0, 0, 0, 0, 0, 0, 0, 0, 0, 0, 0, 0, 0, 0, 0, 0, 0, 0, 0, 0, 0, 0, 0, 0, 0, 0, 0, 0, 0, 0, 0, 0, 0, 0, 1, 1, 2, 2, 3, 4, 7, 11, 17, 22, 27, 34, 45, 67, 89, 105, 119, 137, 167, 201, 231, 256, 281, 311, 344, 384, 443, 495, 538, 581, 621, 659, 703, 747, 788, 829, 856, 898, 942, 990, 1041, 1094, 1137, 1181, 1223, 1274, 1326, 1374, 1416, 1455, 1512, 1553, 1587, 1615, 1648, 1680, 1720, 1760, 1792, 1829, 1855, 1877, 1891, 1911, 1924, 1937, 1948, 1951, 1955, 1959, 1960]

INFO: Total Population: 1643700
INFO: R0: 2
INFO: Incubation Period: 5
INFO: Illness Period: 7
X:[0, 1, 2, 3, 4, 5, 6, 7, 8, 9, 10, 11, 12, 13, 14, 15, 16, 17, 18, 19, 20, 21, 22, 23, 24, 25, 26, 27, 28, 29, 30, 31, 32, 33, 34, 35, 36, 37, 38, 39, 40, 41, 42, 43, 44, 45, 46, 47, 48, 49, 50, 51, 52, 53, 54, 55, 56, 57, 58, 59, 60, 61, 62, 63, 64, 65, 66, 67, 68, 69, 70, 71, 72, 73, 74, 75, 76, 77, 78, 79, 80, 81, 82, 83, 84, 85, 86, 87, 88, 89, 90, 91, 92, 93, 94, 95, 96, 97, 98, 99, 100, 101, 102, 103, 104, 105, 106, 107, 108, 109, 110, 111, 112, 113, 114, 115, 116, 117]
YNEW:[0, 0, 0, 0, 0, 0, 0, 0, 0, 0, 0, 0, 0, 0, 0, 0, 0, 0, 0, 0, 0, 0, 0, 0, 0, 0, 0, 0, 0, 0, 0, 0, 0, 0, 0, 0, 0, 0, 0, 0, 0, 0, 0, 0, 0, 0, 0, 1, 0, 1, 0, 1, 1, 3, 4, 6, 5, 5, 7, 11, 22, 22, 16, 14, 18, 30, 34, 30, 25, 25, 30, 33, 40, 59, 52, 43, 43, 40, 38, 44, 44, 41, 41, 27, 42, 44, 48, 51, 53, 43, 44, 42, 51, 52, 48, 42, 38, 41, 45, 34, 30, 26, 38, 33, 39, 46, 29, 27, 21, 18, 12, 25, 6, 8, 7, 1, 1]
YTOT: [0, 0, 0, 0, 0, 0, 0, 0, 0, 0, 0, 0, 0, 0, 0, 0, 0, 0, 0, 0, 0, 0, 0, 0, 0, 0, 0, 0, 0, 0, 0, 0, 0, 0, 0, 0, 0, 0, 0, 0, 0, 0, 0, 0, 0, 0, 0, 1, 1, 2, 2, 3, 4, 7, 11, 17, 22, 27, 34, 45, 67, 89, 105, 119, 137, 167, 201, 231, 256, 281, 311, 344, 384, 443, 495, 538, 581, 621, 659, 703, 747, 788, 829, 856, 898, 942, 990, 1041, 1094, 1137, 1181, 1223, 1274, 1326, 1374, 1416, 1454, 1495, 1540, 1574, 1604, 1630, 1668, 1701, 1740, 1786, 1815, 1842, 1863, 1881, 1893, 1918, 1924, 1932, 1939, 1940, 1941]

INFO: Total Population: 1643700
INFO: R0: 2
INFO: Incubation Period: 5
INFO: Illness Period: 7
X:[0, 1, 2, 3, 4, 5, 6, 7, 8, 9, 10, 11, 12, 13, 14, 15, 16, 17, 18, 19, 20, 21, 22, 23, 24, 25, 26, 27, 28, 29, 30, 31, 32, 33, 34, 35, 36, 37, 38, 39, 40, 41, 42, 43, 44, 45, 46, 47, 48, 49, 50, 51, 52, 53, 54, 55, 56, 57, 58, 59, 60, 61, 62, 63, 64, 65, 66, 67, 68, 69, 70, 71, 72, 73, 74, 75, 76, 77, 78, 79, 80, 81, 82, 83, 84, 85, 86, 87, 88, 89, 90, 91, 92, 93, 94, 95, 96, 97, 98, 99, 100, 101, 102, 103, 104, 105, 106, 107, 108, 109, 110, 111, 112, 113, 114, 115, 116, 117, 118]
YNEW:[0, 0, 0, 0, 0, 0, 0, 0, 0, 0, 0, 0, 0, 0, 0, 0, 0, 0, 0, 0, 0, 0, 0, 0, 0, 0, 0, 0, 0, 0, 0, 0, 0, 0, 0, 0, 0, 0, 0, 0, 0, 0, 0, 0, 0, 0, 0, 1, 0, 1, 0, 1, 1, 3, 4, 6, 5, 5, 7, 11, 22, 22, 16, 14, 18, 30, 34, 30, 25, 25, 30, 33, 40, 59, 52, 43, 43, 40, 38, 44, 44, 41, 41, 27, 42, 44, 48, 51, 53, 43, 44, 42, 51, 52, 48, 42, 55, 47, 44, 26, 29, 36, 45, 46, 30, 36, 38, 28, 14, 20, 13, 17, 11, 5, 8, 4, 2, 1]
YTOT: [0, 0, 0, 0, 0, 0, 0, 0, 0, 0, 0, 0, 0, 0, 0, 0, 0, 0, 0, 0, 0, 0, 0, 0, 0, 0, 0, 0, 0, 0, 0, 0, 0, 0, 0, 0, 0, 0, 0, 0, 0, 0, 0, 0, 0, 0, 0, 1, 1, 2, 2, 3, 4, 7, 11, 17, 22, 27, 34, 45, 67, 89, 105, 119, 137, 167, 201, 231, 256, 281, 311, 344, 384, 443, 495, 538, 581, 621, 659, 703, 747, 788, 829, 856, 898, 942, 990, 1041, 1094, 1137, 1181, 1223, 1274, 1326, 1374, 1416, 1471, 1518, 1562, 1588, 1617, 1653, 1698, 1744, 1774, 1810, 1848, 1876, 1890, 1910, 1923, 1940, 1951, 1956, 1964, 1968, 1970, 1971]

INFO: Total Population: 1643700
INFO: R0: 2
INFO: Incubation Period: 5
INFO: Illness Period: 7
X:[0, 1, 2, 3, 4, 5, 6, 7, 8, 9, 10, 11, 12, 13, 14, 15, 16, 17, 18, 19, 20, 21, 22, 23, 24, 25, 26, 27, 28, 29, 30, 31, 32, 33, 34, 35, 36, 37, 38, 39, 40, 41, 42, 43, 44, 45, 46, 47, 48, 49, 50, 51, 52, 53, 54, 55, 56, 57, 58, 59, 60, 61, 62, 63, 64, 65, 66, 67, 68, 69, 70, 71, 72, 73, 74, 75, 76, 77, 78, 79, 80, 81, 82, 83, 84, 85, 86, 87, 88, 89, 90, 91, 92, 93, 94, 95, 96, 97, 98, 99, 100, 101, 102, 103, 104, 105, 106, 107, 108, 109, 110, 111, 112, 113, 114, 115, 116, 117, 118]
YNEW:[0, 0, 0, 0, 0, 0, 0, 0, 0, 0, 0, 0, 0, 0, 0, 0, 0, 0, 0, 0, 0, 0, 0, 0, 0, 0, 0, 0, 0, 0, 0, 0, 0, 0, 0, 0, 0, 0, 0, 0, 0, 0, 0, 0, 0, 0, 0, 1, 0, 1, 0, 1, 1, 3, 4, 6, 5, 5, 7, 11, 22, 22, 16, 14, 18, 30, 34, 30, 25, 25, 30, 33, 40, 59, 52, 43, 43, 40, 38, 44, 44, 41, 41, 27, 42, 44, 48, 51, 53, 43, 44, 42, 51, 52, 48, 42, 49, 52, 39, 30, 30, 44, 39, 40, 38, 39, 30, 24, 28, 20, 16, 15, 11, 7, 4, 2, 6, 2]
YTOT: [0, 0, 0, 0, 0, 0, 0, 0, 0, 0, 0, 0, 0, 0, 0, 0, 0, 0, 0, 0, 0, 0, 0, 0, 0, 0, 0, 0, 0, 0, 0, 0, 0, 0, 0, 0, 0, 0, 0, 0, 0, 0, 0, 0, 0, 0, 0, 1, 1, 2, 2, 3, 4, 7, 11, 17, 22, 27, 34, 45, 67, 89, 105, 119, 137, 167, 201, 231, 256, 281, 311, 344, 384, 443, 495, 538, 581, 621, 659, 703, 747, 788, 829, 856, 898, 942, 990, 1041, 1094, 1137, 1181, 1223, 1274, 1326, 1374, 1416, 1465, 1517, 1556, 1586, 1616, 1660, 1699, 1739, 1777, 1816, 1846, 1870, 1898, 1918, 1934, 1949, 1960, 1967, 1971, 1973, 1979, 1981]

INFO: Total Population: 1643700
INFO: R0: 2
INFO: Incubation Period: 5
INFO: Illness Period: 7
X:[0, 1, 2, 3, 4, 5, 6, 7, 8, 9, 10, 11, 12, 13, 14, 15, 16, 17, 18, 19, 20, 21, 22, 23, 24, 25, 26, 27, 28, 29, 30, 31, 32, 33, 34, 35, 36, 37, 38, 39, 40, 41, 42, 43, 44, 45, 46, 47, 48, 49, 50, 51, 52, 53, 54, 55, 56, 57, 58, 59, 60, 61, 62, 63, 64, 65, 66, 67, 68, 69, 70, 71, 72, 73, 74, 75, 76, 77, 78, 79, 80, 81, 82, 83, 84, 85, 86, 87, 88, 89, 90, 91, 92, 93, 94, 95, 96, 97, 98, 99, 100, 101, 102, 103, 104, 105, 106, 107, 108, 109, 110, 111, 112, 113, 114, 115, 116, 117, 118]
YNEW:[0, 0, 0, 0, 0, 0, 0, 0, 0, 0, 0, 0, 0, 0, 0, 0, 0, 0, 0, 0, 0, 0, 0, 0, 0, 0, 0, 0, 0, 0, 0, 0, 0, 0, 0, 0, 0, 0, 0, 0, 0, 0, 0, 0, 0, 0, 0, 1, 0, 1, 0, 1, 1, 3, 4, 6, 5, 5, 7, 11, 22, 22, 16, 14, 18, 30, 34, 30, 25, 25, 30, 33, 40, 59, 52, 43, 43, 40, 38, 44, 44, 41, 41, 27, 42, 44, 48, 51, 53, 43, 44, 42, 51, 52, 48, 42, 42, 33, 50, 38, 41, 33, 34, 34, 31, 41, 31, 28, 30, 19, 20, 13, 8, 5, 6, 7, 2, 1]
YTOT: [0, 0, 0, 0, 0, 0, 0, 0, 0, 0, 0, 0, 0, 0, 0, 0, 0, 0, 0, 0, 0, 0, 0, 0, 0, 0, 0, 0, 0, 0, 0, 0, 0, 0, 0, 0, 0, 0, 0, 0, 0, 0, 0, 0, 0, 0, 0, 1, 1, 2, 2, 3, 4, 7, 11, 17, 22, 27, 34, 45, 67, 89, 105, 119, 137, 167, 201, 231, 256, 281, 311, 344, 384, 443, 495, 538, 581, 621, 659, 703, 747, 788, 829, 856, 898, 942, 990, 1041, 1094, 1137, 1181, 1223, 1274, 1326, 1374, 1416, 1458, 1491, 1541, 1579, 1620, 1653, 1687, 1721, 1752, 1793, 1824, 1852, 1882, 1901, 1921, 1934, 1942, 1947, 1953, 1960, 1962, 1963]

INFO: Total Population: 1643700
INFO: R0: 2
INFO: Incubation Period: 5
INFO: Illness Period: 7
X:[0, 1, 2, 3, 4, 5, 6, 7, 8, 9, 10, 11, 12, 13, 14, 15, 16, 17, 18, 19, 20, 21, 22, 23, 24, 25, 26, 27, 28, 29, 30, 31, 32, 33, 34, 35, 36, 37, 38, 39, 40, 41, 42, 43, 44, 45, 46, 47, 48, 49, 50, 51, 52, 53, 54, 55, 56, 57, 58, 59, 60, 61, 62, 63, 64, 65, 66, 67, 68, 69, 70, 71, 72, 73, 74, 75, 76, 77, 78, 79, 80, 81, 82, 83, 84, 85, 86, 87, 88, 89, 90, 91, 92, 93, 94, 95, 96, 97, 98, 99, 100, 101, 102, 103, 104, 105, 106, 107, 108, 109, 110, 111, 112, 113, 114, 115, 116, 117]
YNEW:[0, 0, 0, 0, 0, 0, 0, 0, 0, 0, 0, 0, 0, 0, 0, 0, 0, 0, 0, 0, 0, 0, 0, 0, 0, 0, 0, 0, 0, 0, 0, 0, 0, 0, 0, 0, 0, 0, 0, 0, 0, 0, 0, 0, 0, 0, 0, 1, 0, 1, 0, 1, 1, 3, 4, 6, 5, 5, 7, 11, 22, 22, 16, 14, 18, 30, 34, 30, 25, 25, 30, 33, 40, 59, 52, 43, 43, 40, 38, 44, 44, 41, 41, 27, 42, 44, 48, 51, 53, 43, 44, 42, 51, 52, 48, 42, 44, 32, 53, 43, 30, 20, 39, 34, 42, 31, 43, 32, 21, 12, 19, 11, 7, 14, 3, 3, 1]
YTOT: [0, 0, 0, 0, 0, 0, 0, 0, 0, 0, 0, 0, 0, 0, 0, 0, 0, 0, 0, 0, 0, 0, 0, 0, 0, 0, 0, 0, 0, 0, 0, 0, 0, 0, 0, 0, 0, 0, 0, 0, 0, 0, 0, 0, 0, 0, 0, 1, 1, 2, 2, 3, 4, 7, 11, 17, 22, 27, 34, 45, 67, 89, 105, 119, 137, 167, 201, 231, 256, 281, 311, 344, 384, 443, 495, 538, 581, 621, 659, 703, 747, 788, 829, 856, 898, 942, 990, 1041, 1094, 1137, 1181, 1223, 1274, 1326, 1374, 1416, 1460, 1492, 1545, 1588, 1618, 1638, 1677, 1711, 1753, 1784, 1827, 1859, 1880, 1892, 1911, 1922, 1929, 1943, 1946, 1949, 1950]

INFO: Total Population: 1643700
INFO: R0: 2
INFO: Incubation Period: 5
INFO: Illness Period: 7
X:[0, 1, 2, 3, 4, 5, 6, 7, 8, 9, 10, 11, 12, 13, 14, 15, 16, 17, 18, 19, 20, 21, 22, 23, 24, 25, 26, 27, 28, 29, 30, 31, 32, 33, 34, 35, 36, 37, 38, 39, 40, 41, 42, 43, 44, 45, 46, 47, 48, 49, 50, 51, 52, 53, 54, 55, 56, 57, 58, 59, 60, 61, 62, 63, 64, 65, 66, 67, 68, 69, 70, 71, 72, 73, 74, 75, 76, 77, 78, 79, 80, 81, 82, 83, 84, 85, 86, 87, 88, 89, 90, 91, 92, 93, 94, 95, 96, 97, 98, 99, 100, 101, 102, 103, 104, 105, 106, 107, 108, 109, 110, 111, 112, 113, 114, 115, 116, 117, 118]
YNEW:[0, 0, 0, 0, 0, 0, 0, 0, 0, 0, 0, 0, 0, 0, 0, 0, 0, 0, 0, 0, 0, 0, 0, 0, 0, 0, 0, 0, 0, 0, 0, 0, 0, 0, 0, 0, 0, 0, 0, 0, 0, 0, 0, 0, 0, 0, 0, 1, 0, 1, 0, 1, 1, 3, 4, 6, 5, 5, 7, 11, 22, 22, 16, 14, 18, 30, 34, 30, 25, 25, 30, 33, 40, 59, 52, 43, 43, 40, 38, 44, 44, 41, 41, 27, 42, 44, 48, 51, 53, 43, 44, 42, 51, 52, 48, 42, 46, 40, 41, 34, 37, 29, 41, 39, 40, 36, 33, 29, 18, 21, 19, 21, 7, 9, 4, 2, 4, 1]
YTOT: [0, 0, 0, 0, 0, 0, 0, 0, 0, 0, 0, 0, 0, 0, 0, 0, 0, 0, 0, 0, 0, 0, 0, 0, 0, 0, 0, 0, 0, 0, 0, 0, 0, 0, 0, 0, 0, 0, 0, 0, 0, 0, 0, 0, 0, 0, 0, 1, 1, 2, 2, 3, 4, 7, 11, 17, 22, 27, 34, 45, 67, 89, 105, 119, 137, 167, 201, 231, 256, 281, 311, 344, 384, 443, 495, 538, 581, 621, 659, 703, 747, 788, 829, 856, 898, 942, 990, 1041, 1094, 1137, 1181, 1223, 1274, 1326, 1374, 1416, 1462, 1502, 1543, 1577, 1614, 1643, 1684, 1723, 1763, 1799, 1832, 1861, 1879, 1900, 1919, 1940, 1947, 1956, 1960, 1962, 1966, 1967]

INFO: Total Population: 1643700
INFO: R0: 2
INFO: Incubation Period: 5
INFO: Illness Period: 7
X:[0, 1, 2, 3, 4, 5, 6, 7, 8, 9, 10, 11, 12, 13, 14, 15, 16, 17, 18, 19, 20, 21, 22, 23, 24, 25, 26, 27, 28, 29, 30, 31, 32, 33, 34, 35, 36, 37, 38, 39, 40, 41, 42, 43, 44, 45, 46, 47, 48, 49, 50, 51, 52, 53, 54, 55, 56, 57, 58, 59, 60, 61, 62, 63, 64, 65, 66, 67, 68, 69, 70, 71, 72, 73, 74, 75, 76, 77, 78, 79, 80, 81, 82, 83, 84, 85, 86, 87, 88, 89, 90, 91, 92, 93, 94, 95, 96, 97, 98, 99, 100, 101, 102, 103, 104, 105, 106, 107, 108, 109, 110, 111, 112, 113, 114, 115, 116, 117, 118]
YNEW:[0, 0, 0, 0, 0, 0, 0, 0, 0, 0, 0, 0, 0, 0, 0, 0, 0, 0, 0, 0, 0, 0, 0, 0, 0, 0, 0, 0, 0, 0, 0, 0, 0, 0, 0, 0, 0, 0, 0, 0, 0, 0, 0, 0, 0, 0, 0, 1, 0, 1, 0, 1, 1, 3, 4, 6, 5, 5, 7, 11, 22, 22, 16, 14, 18, 30, 34, 30, 25, 25, 30, 33, 40, 59, 52, 43, 43, 40, 38, 44, 44, 41, 41, 27, 42, 44, 48, 51, 53, 43, 44, 42, 51, 52, 48, 42, 35, 46, 42, 34, 26, 32, 34, 49, 32, 35, 36, 15, 30, 21, 18, 14, 10, 3, 6, 2, 1, 1]
YTOT: [0, 0, 0, 0, 0, 0, 0, 0, 0, 0, 0, 0, 0, 0, 0, 0, 0, 0, 0, 0, 0, 0, 0, 0, 0, 0, 0, 0, 0, 0, 0, 0, 0, 0, 0, 0, 0, 0, 0, 0, 0, 0, 0, 0, 0, 0, 0, 1, 1, 2, 2, 3, 4, 7, 11, 17, 22, 27, 34, 45, 67, 89, 105, 119, 137, 167, 201, 231, 256, 281, 311, 344, 384, 443, 495, 538, 581, 621, 659, 703, 747, 788, 829, 856, 898, 942, 990, 1041, 1094, 1137, 1181, 1223, 1274, 1326, 1374, 1416, 1451, 1497, 1539, 1573, 1599, 1631, 1665, 1714, 1746, 1781, 1817, 1832, 1862, 1883, 1901, 1915, 1925, 1928, 1934, 1936, 1937, 1938]

INFO: Total Population: 1643700
INFO: R0: 2
INFO: Incubation Period: 5
INFO: Illness Period: 7
X:[0, 1, 2, 3, 4, 5, 6, 7, 8, 9, 10, 11, 12, 13, 14, 15, 16, 17, 18, 19, 20, 21, 22, 23, 24, 25, 26, 27, 28, 29, 30, 31, 32, 33, 34, 35, 36, 37, 38, 39, 40, 41, 42, 43, 44, 45, 46, 47, 48, 49, 50, 51, 52, 53, 54, 55, 56, 57, 58, 59, 60, 61, 62, 63, 64, 65, 66, 67, 68, 69, 70, 71, 72, 73, 74, 75, 76, 77, 78, 79, 80, 81, 82, 83, 84, 85, 86, 87, 88, 89, 90, 91, 92, 93, 94, 95, 96, 97, 98, 99, 100, 101, 102, 103, 104, 105, 106, 107, 108, 109, 110, 111, 112, 113, 114, 115, 116, 117, 118]
YNEW:[0, 0, 0, 0, 0, 0, 0, 0, 0, 0, 0, 0, 0, 0, 0, 0, 0, 0, 0, 0, 0, 0, 0, 0, 0, 0, 0, 0, 0, 0, 0, 0, 0, 0, 0, 0, 0, 0, 0, 0, 0, 0, 0, 0, 0, 0, 0, 1, 0, 1, 0, 1, 1, 3, 4, 6, 5, 5, 7, 11, 22, 22, 16, 14, 18, 30, 34, 30, 25, 25, 30, 33, 40, 59, 52, 43, 43, 40, 38, 44, 44, 41, 41, 27, 42, 44, 48, 51, 53, 43, 44, 42, 51, 52, 48, 42, 43, 39, 36, 31, 38, 29, 38, 27, 25, 38, 49, 32, 28, 18, 12, 9, 8, 4, 2, 4, 3, 2]
YTOT: [0, 0, 0, 0, 0, 0, 0, 0, 0, 0, 0, 0, 0, 0, 0, 0, 0, 0, 0, 0, 0, 0, 0, 0, 0, 0, 0, 0, 0, 0, 0, 0, 0, 0, 0, 0, 0, 0, 0, 0, 0, 0, 0, 0, 0, 0, 0, 1, 1, 2, 2, 3, 4, 7, 11, 17, 22, 27, 34, 45, 67, 89, 105, 119, 137, 167, 201, 231, 256, 281, 311, 344, 384, 443, 495, 538, 581, 621, 659, 703, 747, 788, 829, 856, 898, 942, 990, 1041, 1094, 1137, 1181, 1223, 1274, 1326, 1374, 1416, 1459, 1498, 1534, 1565, 1603, 1632, 1670, 1697, 1722, 1760, 1809, 1841, 1869, 1887, 1899, 1908, 1916, 1920, 1922, 1926, 1929, 1931]

INFO: Total Population: 1643700
INFO: R0: 2
INFO: Incubation Period: 5
INFO: Illness Period: 7
X:[0, 1, 2, 3, 4, 5, 6, 7, 8, 9, 10, 11, 12, 13, 14, 15, 16, 17, 18, 19, 20, 21, 22, 23, 24, 25, 26, 27, 28, 29, 30, 31, 32, 33, 34, 35, 36, 37, 38, 39, 40, 41, 42, 43, 44, 45, 46, 47, 48, 49, 50, 51, 52, 53, 54, 55, 56, 57, 58, 59, 60, 61, 62, 63, 64, 65, 66, 67, 68, 69, 70, 71, 72, 73, 74, 75, 76, 77, 78, 79, 80, 81, 82, 83, 84, 85, 86, 87, 88, 89, 90, 91, 92, 93, 94, 95, 96, 97, 98, 99, 100, 101, 102, 103, 104, 105, 106, 107, 108, 109, 110, 111, 112, 113, 114, 115, 116, 117]
YNEW:[0, 0, 0, 0, 0, 0, 0, 0, 0, 0, 0, 0, 0, 0, 0, 0, 0, 0, 0, 0, 0, 0, 0, 0, 0, 0, 0, 0, 0, 0, 0, 0, 0, 0, 0, 0, 0, 0, 0, 0, 0, 0, 0, 0, 0, 0, 0, 1, 0, 1, 0, 1, 1, 3, 4, 6, 5, 5, 7, 11, 22, 22, 16, 14, 18, 30, 34, 30, 25, 25, 30, 33, 40, 59, 52, 43, 43, 40, 38, 44, 44, 41, 41, 27, 42, 44, 48, 51, 53, 43, 44, 42, 51, 52, 48, 42, 35, 44, 39, 33, 28, 29, 41, 42, 44, 34, 33, 16, 19, 22, 16, 11, 9, 5, 3, 5, 4]
YTOT: [0, 0, 0, 0, 0, 0, 0, 0, 0, 0, 0, 0, 0, 0, 0, 0, 0, 0, 0, 0, 0, 0, 0, 0, 0, 0, 0, 0, 0, 0, 0, 0, 0, 0, 0, 0, 0, 0, 0, 0, 0, 0, 0, 0, 0, 0, 0, 1, 1, 2, 2, 3, 4, 7, 11, 17, 22, 27, 34, 45, 67, 89, 105, 119, 137, 167, 201, 231, 256, 281, 311, 344, 384, 443, 495, 538, 581, 621, 659, 703, 747, 788, 829, 856, 898, 942, 990, 1041, 1094, 1137, 1181, 1223, 1274, 1326, 1374, 1416, 1451, 1495, 1534, 1567, 1595, 1624, 1665, 1707, 1751, 1785, 1818, 1834, 1853, 1875, 1891, 1902, 1911, 1916, 1919, 1924, 1928]

INFO: Total Population: 1643700
INFO: R0: 2
INFO: Incubation Period: 5
INFO: Illness Period: 7
X:[0, 1, 2, 3, 4, 5, 6, 7, 8, 9, 10, 11, 12, 13, 14, 15, 16, 17, 18, 19, 20, 21, 22, 23, 24, 25, 26, 27, 28, 29, 30, 31, 32, 33, 34, 35, 36, 37, 38, 39, 40, 41, 42, 43, 44, 45, 46, 47, 48, 49, 50, 51, 52, 53, 54, 55, 56, 57, 58, 59, 60, 61, 62, 63, 64, 65, 66, 67, 68, 69, 70, 71, 72, 73, 74, 75, 76, 77, 78, 79, 80, 81, 82, 83, 84, 85, 86, 87, 88, 89, 90, 91, 92, 93, 94, 95, 96, 97, 98, 99, 100, 101, 102, 103, 104, 105, 106, 107, 108, 109, 110, 111, 112, 113, 114, 115, 116, 117, 118]
YNEW:[0, 0, 0, 0, 0, 0, 0, 0, 0, 0, 0, 0, 0, 0, 0, 0, 0, 0, 0, 0, 0, 0, 0, 0, 0, 0, 0, 0, 0, 0, 0, 0, 0, 0, 0, 0, 0, 0, 0, 0, 0, 0, 0, 0, 0, 0, 0, 1, 0, 1, 0, 1, 1, 3, 4, 6, 5, 5, 7, 11, 22, 22, 16, 14, 18, 30, 34, 30, 25, 25, 30, 33, 40, 59, 52, 43, 43, 40, 38, 44, 44, 41, 41, 27, 42, 44, 48, 51, 53, 43, 44, 42, 51, 52, 48, 42, 36, 47, 36, 37, 34, 38, 29, 34, 38, 42, 38, 30, 19, 21, 7, 17, 8, 9, 4, 3, 1, 2]
YTOT: [0, 0, 0, 0, 0, 0, 0, 0, 0, 0, 0, 0, 0, 0, 0, 0, 0, 0, 0, 0, 0, 0, 0, 0, 0, 0, 0, 0, 0, 0, 0, 0, 0, 0, 0, 0, 0, 0, 0, 0, 0, 0, 0, 0, 0, 0, 0, 1, 1, 2, 2, 3, 4, 7, 11, 17, 22, 27, 34, 45, 67, 89, 105, 119, 137, 167, 201, 231, 256, 281, 311, 344, 384, 443, 495, 538, 581, 621, 659, 703, 747, 788, 829, 856, 898, 942, 990, 1041, 1094, 1137, 1181, 1223, 1274, 1326, 1374, 1416, 1452, 1499, 1535, 1572, 1606, 1644, 1673, 1707, 1745, 1787, 1825, 1855, 1874, 1895, 1902, 1919, 1927, 1936, 1940, 1943, 1944, 1946]

INFO: Total Population: 1643700
INFO: R0: 2
INFO: Incubation Period: 5
INFO: Illness Period: 7
X:[0, 1, 2, 3, 4, 5, 6, 7, 8, 9, 10, 11, 12, 13, 14, 15, 16, 17, 18, 19, 20, 21, 22, 23, 24, 25, 26, 27, 28, 29, 30, 31, 32, 33, 34, 35, 36, 37, 38, 39, 40, 41, 42, 43, 44, 45, 46, 47, 48, 49, 50, 51, 52, 53, 54, 55, 56, 57, 58, 59, 60, 61, 62, 63, 64, 65, 66, 67, 68, 69, 70, 71, 72, 73, 74, 75, 76, 77, 78, 79, 80, 81, 82, 83, 84, 85, 86, 87, 88, 89, 90, 91, 92, 93, 94, 95, 96, 97, 98, 99, 100, 101, 102, 103, 104, 105, 106, 107, 108, 109, 110, 111, 112, 113, 114, 115, 116, 117, 118]
YNEW:[0, 0, 0, 0, 0, 0, 0, 0, 0, 0, 0, 0, 0, 0, 0, 0, 0, 0, 0, 0, 0, 0, 0, 0, 0, 0, 0, 0, 0, 0, 0, 0, 0, 0, 0, 0, 0, 0, 0, 0, 0, 0, 0, 0, 0, 0, 0, 1, 0, 1, 0, 1, 1, 3, 4, 6, 5, 5, 7, 11, 22, 22, 16, 14, 18, 30, 34, 30, 25, 25, 30, 33, 40, 59, 52, 43, 43, 40, 38, 44, 44, 41, 41, 27, 42, 44, 48, 51, 53, 43, 44, 42, 51, 52, 48, 42, 33, 29, 38, 28, 37, 38, 32, 36, 34, 32, 33, 25, 22, 21, 10, 15, 12, 12, 5, 3, 1, 3]
YTOT: [0, 0, 0, 0, 0, 0, 0, 0, 0, 0, 0, 0, 0, 0, 0, 0, 0, 0, 0, 0, 0, 0, 0, 0, 0, 0, 0, 0, 0, 0, 0, 0, 0, 0, 0, 0, 0, 0, 0, 0, 0, 0, 0, 0, 0, 0, 0, 1, 1, 2, 2, 3, 4, 7, 11, 17, 22, 27, 34, 45, 67, 89, 105, 119, 137, 167, 201, 231, 256, 281, 311, 344, 384, 443, 495, 538, 581, 621, 659, 703, 747, 788, 829, 856, 898, 942, 990, 1041, 1094, 1137, 1181, 1223, 1274, 1326, 1374, 1416, 1449, 1478, 1516, 1544, 1581, 1619, 1651, 1687, 1721, 1753, 1786, 1811, 1833, 1854, 1864, 1879, 1891, 1903, 1908, 1911, 1912, 1915]

INFO: Total Population: 1643700
INFO: R0: 2
INFO: Incubation Period: 5
INFO: Illness Period: 7
X:[0, 1, 2, 3, 4, 5, 6, 7, 8, 9, 10, 11, 12, 13, 14, 15, 16, 17, 18, 19, 20, 21, 22, 23, 24, 25, 26, 27, 28, 29, 30, 31, 32, 33, 34, 35, 36, 37, 38, 39, 40, 41, 42, 43, 44, 45, 46, 47, 48, 49, 50, 51, 52, 53, 54, 55, 56, 57, 58, 59, 60, 61, 62, 63, 64, 65, 66, 67, 68, 69, 70, 71, 72, 73, 74, 75, 76, 77, 78, 79, 80, 81, 82, 83, 84, 85, 86, 87, 88, 89, 90, 91, 92, 93, 94, 95, 96, 97, 98, 99, 100, 101, 102, 103, 104, 105, 106, 107, 108, 109, 110, 111, 112, 113, 114, 115, 116, 117]
YNEW:[0, 0, 0, 0, 0, 0, 0, 0, 0, 0, 0, 0, 0, 0, 0, 0, 0, 0, 0, 0, 0, 0, 0, 0, 0, 0, 0, 0, 0, 0, 0, 0, 0, 0, 0, 0, 0, 0, 0, 0, 0, 0, 0, 0, 0, 0, 0, 1, 0, 1, 0, 1, 1, 3, 4, 6, 5, 5, 7, 11, 22, 22, 16, 14, 18, 30, 34, 30, 25, 25, 30, 33, 40, 59, 52, 43, 43, 40, 38, 44, 44, 41, 41, 27, 42, 44, 48, 51, 53, 43, 44, 42, 51, 52, 48, 42, 44, 57, 41, 30, 27, 32, 38, 32, 24, 48, 35, 23, 23, 24, 14, 9, 13, 7, 8, 3, 2]
YTOT: [0, 0, 0, 0, 0, 0, 0, 0, 0, 0, 0, 0, 0, 0, 0, 0, 0, 0, 0, 0, 0, 0, 0, 0, 0, 0, 0, 0, 0, 0, 0, 0, 0, 0, 0, 0, 0, 0, 0, 0, 0, 0, 0, 0, 0, 0, 0, 1, 1, 2, 2, 3, 4, 7, 11, 17, 22, 27, 34, 45, 67, 89, 105, 119, 137, 167, 201, 231, 256, 281, 311, 344, 384, 443, 495, 538, 581, 621, 659, 703, 747, 788, 829, 856, 898, 942, 990, 1041, 1094, 1137, 1181, 1223, 1274, 1326, 1374, 1416, 1460, 1517, 1558, 1588, 1615, 1647, 1685, 1717, 1741, 1789, 1824, 1847, 1870, 1894, 1908, 1917, 1930, 1937, 1945, 1948, 1950]

END