

INFO: Total Population: 2212900
INFO: R0: 2
INFO: Incubation Period: 5
INFO: Illness Period: 7
X:[0, 1, 2, 3, 4, 5, 6, 7, 8, 9, 10, 11, 12, 13, 14, 15, 16, 17, 18, 19, 20, 21, 22, 23, 24, 25, 26, 27, 28, 29, 30, 31, 32, 33, 34, 35, 36, 37, 38, 39, 40, 41, 42, 43, 44, 45, 46, 47, 48, 49, 50, 51, 52, 53, 54, 55, 56, 57, 58, 59, 60, 61, 62, 63, 64, 65, 66, 67, 68, 69, 70, 71, 72, 73, 74, 75, 76, 77, 78, 79, 80, 81, 82, 83, 84, 85, 86, 87, 88, 89, 90, 91, 92, 93, 94, 95, 96, 97, 98, 99, 100, 101, 102, 103, 104, 105, 106, 107, 108, 109, 110, 111, 112, 113, 114, 115, 116, 117, 118, 119, 120, 121, 122]
YNEW:[0, 0, 0, 0, 0, 0, 0, 0, 0, 0, 0, 0, 0, 0, 0, 0, 0, 0, 0, 0, 0, 0, 0, 0, 0, 0, 0, 0, 0, 0, 0, 0, 0, 0, 0, 0, 0, 0, 0, 0, 0, 0, 0, 0, 1, 0, 0, 0, 1, 1, 1, 0, 0, 1, 2, 3, 3, 3, 4, 4, 4, 5, 8, 10, 13, 15, 18, 16, 16, 22, 25, 28, 32, 36, 34, 35, 43, 49, 48, 49, 45, 44, 45, 48, 66, 77, 68, 91, 73, 62, 70, 85, 89, 92, 89, 66, 61, 67, 70, 63, 68, 71, 48, 55, 56, 66, 94, 95, 104, 109, 90, 59, 61, 54, 42, 44, 27, 19, 9, 7, 2, 2]
YTOT: [0, 0, 0, 0, 0, 0, 0, 0, 0, 0, 0, 0, 0, 0, 0, 0, 0, 0, 0, 0, 0, 0, 0, 0, 0, 0, 0, 0, 0, 0, 0, 0, 0, 0, 0, 0, 0, 0, 0, 0, 0, 0, 0, 0, 1, 1, 1, 1, 2, 3, 4, 4, 4, 5, 7, 10, 13, 16, 20, 24, 28, 33, 41, 51, 64, 79, 97, 113, 129, 151, 176, 204, 236, 272, 306, 341, 384, 433, 481, 530, 575, 619, 664, 712, 778, 855, 923, 1014, 1087, 1149, 1219, 1304, 1393, 1485, 1574, 1640, 1701, 1768, 1838, 1901, 1969, 2040, 2088, 2143, 2199, 2265, 2359, 2454, 2558, 2667, 2757, 2816, 2877, 2931, 2973, 3017, 3044, 3063, 3072, 3079, 3081, 3083]

INFO: Total Population: 2212900
INFO: R0: 2
INFO: Incubation Period: 5
INFO: Illness Period: 7
X:[0, 1, 2, 3, 4, 5, 6, 7, 8, 9, 10, 11, 12, 13, 14, 15, 16, 17, 18, 19, 20, 21, 22, 23, 24, 25, 26, 27, 28, 29, 30, 31, 32, 33, 34, 35, 36, 37, 38, 39, 40, 41, 42, 43, 44, 45, 46, 47, 48, 49, 50, 51, 52, 53, 54, 55, 56, 57, 58, 59, 60, 61, 62, 63, 64, 65, 66, 67, 68, 69, 70, 71, 72, 73, 74, 75, 76, 77, 78, 79, 80, 81, 82, 83, 84, 85, 86, 87, 88, 89, 90, 91, 92, 93, 94, 95, 96, 97, 98, 99, 100, 101, 102, 103, 104, 105, 106, 107, 108, 109, 110, 111, 112, 113, 114, 115, 116, 117, 118, 119, 120, 121, 122]
YNEW:[0, 0, 0, 0, 0, 0, 0, 0, 0, 0, 0, 0, 0, 0, 0, 0, 0, 0, 0, 0, 0, 0, 0, 0, 0, 0, 0, 0, 0, 0, 0, 0, 0, 0, 0, 0, 0, 0, 0, 0, 0, 0, 0, 0, 1, 0, 0, 0, 1, 1, 1, 0, 0, 1, 2, 3, 3, 3, 4, 4, 4, 5, 8, 10, 13, 15, 18, 16, 16, 22, 25, 28, 32, 36, 34, 35, 43, 49, 48, 49, 45, 44, 45, 48, 66, 77, 68, 91, 73, 62, 70, 85, 89, 92, 89, 66, 61, 67, 70, 77, 69, 62, 52, 43, 72, 77, 82, 102, 100, 116, 82, 72, 66, 60, 45, 40, 27, 11, 11, 7, 3, 1]
YTOT: [0, 0, 0, 0, 0, 0, 0, 0, 0, 0, 0, 0, 0, 0, 0, 0, 0, 0, 0, 0, 0, 0, 0, 0, 0, 0, 0, 0, 0, 0, 0, 0, 0, 0, 0, 0, 0, 0, 0, 0, 0, 0, 0, 0, 1, 1, 1, 1, 2, 3, 4, 4, 4, 5, 7, 10, 13, 16, 20, 24, 28, 33, 41, 51, 64, 79, 97, 113, 129, 151, 176, 204, 236, 272, 306, 341, 384, 433, 481, 530, 575, 619, 664, 712, 778, 855, 923, 1014, 1087, 1149, 1219, 1304, 1393, 1485, 1574, 1640, 1701, 1768, 1838, 1915, 1984, 2046, 2098, 2141, 2213, 2290, 2372, 2474, 2574, 2690, 2772, 2844, 2910, 2970, 3015, 3055, 3082, 3093, 3104, 3111, 3114, 3115]

INFO: Total Population: 2212900
INFO: R0: 2
INFO: Incubation Period: 5
INFO: Illness Period: 7
X:[0, 1, 2, 3, 4, 5, 6, 7, 8, 9, 10, 11, 12, 13, 14, 15, 16, 17, 18, 19, 20, 21, 22, 23, 24, 25, 26, 27, 28, 29, 30, 31, 32, 33, 34, 35, 36, 37, 38, 39, 40, 41, 42, 43, 44, 45, 46, 47, 48, 49, 50, 51, 52, 53, 54, 55, 56, 57, 58, 59, 60, 61, 62, 63, 64, 65, 66, 67, 68, 69, 70, 71, 72, 73, 74, 75, 76, 77, 78, 79, 80, 81, 82, 83, 84, 85, 86, 87, 88, 89, 90, 91, 92, 93, 94, 95, 96, 97, 98, 99, 100, 101, 102, 103, 104, 105, 106, 107, 108, 109, 110, 111, 112, 113, 114, 115, 116, 117, 118, 119, 120, 121, 122]
YNEW:[0, 0, 0, 0, 0, 0, 0, 0, 0, 0, 0, 0, 0, 0, 0, 0, 0, 0, 0, 0, 0, 0, 0, 0, 0, 0, 0, 0, 0, 0, 0, 0, 0, 0, 0, 0, 0, 0, 0, 0, 0, 0, 0, 0, 1, 0, 0, 0, 1, 1, 1, 0, 0, 1, 2, 3, 3, 3, 4, 4, 4, 5, 8, 10, 13, 15, 18, 16, 16, 22, 25, 28, 32, 36, 34, 35, 43, 49, 48, 49, 45, 44, 45, 48, 66, 77, 68, 91, 73, 62, 70, 85, 89, 92, 89, 66, 61, 67, 70, 59, 68, 62, 62, 57, 48, 85, 89, 91, 96, 91, 96, 70, 60, 54, 49, 34, 27, 18, 12, 6, 1, 3]
YTOT: [0, 0, 0, 0, 0, 0, 0, 0, 0, 0, 0, 0, 0, 0, 0, 0, 0, 0, 0, 0, 0, 0, 0, 0, 0, 0, 0, 0, 0, 0, 0, 0, 0, 0, 0, 0, 0, 0, 0, 0, 0, 0, 0, 0, 1, 1, 1, 1, 2, 3, 4, 4, 4, 5, 7, 10, 13, 16, 20, 24, 28, 33, 41, 51, 64, 79, 97, 113, 129, 151, 176, 204, 236, 272, 306, 341, 384, 433, 481, 530, 575, 619, 664, 712, 778, 855, 923, 1014, 1087, 1149, 1219, 1304, 1393, 1485, 1574, 1640, 1701, 1768, 1838, 1897, 1965, 2027, 2089, 2146, 2194, 2279, 2368, 2459, 2555, 2646, 2742, 2812, 2872, 2926, 2975, 3009, 3036, 3054, 3066, 3072, 3073, 3076]

INFO: Total Population: 2212900
INFO: R0: 2
INFO: Incubation Period: 5
INFO: Illness Period: 7
X:[0, 1, 2, 3, 4, 5, 6, 7, 8, 9, 10, 11, 12, 13, 14, 15, 16, 17, 18, 19, 20, 21, 22, 23, 24, 25, 26, 27, 28, 29, 30, 31, 32, 33, 34, 35, 36, 37, 38, 39, 40, 41, 42, 43, 44, 45, 46, 47, 48, 49, 50, 51, 52, 53, 54, 55, 56, 57, 58, 59, 60, 61, 62, 63, 64, 65, 66, 67, 68, 69, 70, 71, 72, 73, 74, 75, 76, 77, 78, 79, 80, 81, 82, 83, 84, 85, 86, 87, 88, 89, 90, 91, 92, 93, 94, 95, 96, 97, 98, 99, 100, 101, 102, 103, 104, 105, 106, 107, 108, 109, 110, 111, 112, 113, 114, 115, 116, 117, 118, 119, 120, 121, 122]
YNEW:[0, 0, 0, 0, 0, 0, 0, 0, 0, 0, 0, 0, 0, 0, 0, 0, 0, 0, 0, 0, 0, 0, 0, 0, 0, 0, 0, 0, 0, 0, 0, 0, 0, 0, 0, 0, 0, 0, 0, 0, 0, 0, 0, 0, 1, 0, 0, 0, 1, 1, 1, 0, 0, 1, 2, 3, 3, 3, 4, 4, 4, 5, 8, 10, 13, 15, 18, 16, 16, 22, 25, 28, 32, 36, 34, 35, 43, 49, 48, 49, 45, 44, 45, 48, 66, 77, 68, 91, 73, 62, 70, 85, 89, 92, 89, 66, 61, 67, 70, 72, 78, 77, 51, 52, 61, 81, 91, 110, 88, 100, 102, 73, 58, 68, 53, 33, 27, 15, 11, 5, 2, 1]
YTOT: [0, 0, 0, 0, 0, 0, 0, 0, 0, 0, 0, 0, 0, 0, 0, 0, 0, 0, 0, 0, 0, 0, 0, 0, 0, 0, 0, 0, 0, 0, 0, 0, 0, 0, 0, 0, 0, 0, 0, 0, 0, 0, 0, 0, 1, 1, 1, 1, 2, 3, 4, 4, 4, 5, 7, 10, 13, 16, 20, 24, 28, 33, 41, 51, 64, 79, 97, 113, 129, 151, 176, 204, 236, 272, 306, 341, 384, 433, 481, 530, 575, 619, 664, 712, 778, 855, 923, 1014, 1087, 1149, 1219, 1304, 1393, 1485, 1574, 1640, 1701, 1768, 1838, 1910, 1988, 2065, 2116, 2168, 2229, 2310, 2401, 2511, 2599, 2699, 2801, 2874, 2932, 3000, 3053, 3086, 3113, 3128, 3139, 3144, 3146, 3147]

INFO: Total Population: 2212900
INFO: R0: 2
INFO: Incubation Period: 5
INFO: Illness Period: 7
X:[0, 1, 2, 3, 4, 5, 6, 7, 8, 9, 10, 11, 12, 13, 14, 15, 16, 17, 18, 19, 20, 21, 22, 23, 24, 25, 26, 27, 28, 29, 30, 31, 32, 33, 34, 35, 36, 37, 38, 39, 40, 41, 42, 43, 44, 45, 46, 47, 48, 49, 50, 51, 52, 53, 54, 55, 56, 57, 58, 59, 60, 61, 62, 63, 64, 65, 66, 67, 68, 69, 70, 71, 72, 73, 74, 75, 76, 77, 78, 79, 80, 81, 82, 83, 84, 85, 86, 87, 88, 89, 90, 91, 92, 93, 94, 95, 96, 97, 98, 99, 100, 101, 102, 103, 104, 105, 106, 107, 108, 109, 110, 111, 112, 113, 114, 115, 116, 117, 118, 119, 120, 121]
YNEW:[0, 0, 0, 0, 0, 0, 0, 0, 0, 0, 0, 0, 0, 0, 0, 0, 0, 0, 0, 0, 0, 0, 0, 0, 0, 0, 0, 0, 0, 0, 0, 0, 0, 0, 0, 0, 0, 0, 0, 0, 0, 0, 0, 0, 1, 0, 0, 0, 1, 1, 1, 0, 0, 1, 2, 3, 3, 3, 4, 4, 4, 5, 8, 10, 13, 15, 18, 16, 16, 22, 25, 28, 32, 36, 34, 35, 43, 49, 48, 49, 45, 44, 45, 48, 66, 77, 68, 91, 73, 62, 70, 85, 89, 92, 89, 66, 61, 67, 70, 66, 73, 58, 54, 50, 63, 85, 94, 82, 109, 105, 101, 70, 58, 60, 49, 30, 15, 14, 13, 5, 3]
YTOT: [0, 0, 0, 0, 0, 0, 0, 0, 0, 0, 0, 0, 0, 0, 0, 0, 0, 0, 0, 0, 0, 0, 0, 0, 0, 0, 0, 0, 0, 0, 0, 0, 0, 0, 0, 0, 0, 0, 0, 0, 0, 0, 0, 0, 1, 1, 1, 1, 2, 3, 4, 4, 4, 5, 7, 10, 13, 16, 20, 24, 28, 33, 41, 51, 64, 79, 97, 113, 129, 151, 176, 204, 236, 272, 306, 341, 384, 433, 481, 530, 575, 619, 664, 712, 778, 855, 923, 1014, 1087, 1149, 1219, 1304, 1393, 1485, 1574, 1640, 1701, 1768, 1838, 1904, 1977, 2035, 2089, 2139, 2202, 2287, 2381, 2463, 2572, 2677, 2778, 2848, 2906, 2966, 3015, 3045, 3060, 3074, 3087, 3092, 3095]

INFO: Total Population: 2212900
INFO: R0: 2
INFO: Incubation Period: 5
INFO: Illness Period: 7
X:[0, 1, 2, 3, 4, 5, 6, 7, 8, 9, 10, 11, 12, 13, 14, 15, 16, 17, 18, 19, 20, 21, 22, 23, 24, 25, 26, 27, 28, 29, 30, 31, 32, 33, 34, 35, 36, 37, 38, 39, 40, 41, 42, 43, 44, 45, 46, 47, 48, 49, 50, 51, 52, 53, 54, 55, 56, 57, 58, 59, 60, 61, 62, 63, 64, 65, 66, 67, 68, 69, 70, 71, 72, 73, 74, 75, 76, 77, 78, 79, 80, 81, 82, 83, 84, 85, 86, 87, 88, 89, 90, 91, 92, 93, 94, 95, 96, 97, 98, 99, 100, 101, 102, 103, 104, 105, 106, 107, 108, 109, 110, 111, 112, 113, 114, 115, 116, 117, 118, 119, 120, 121]
YNEW:[0, 0, 0, 0, 0, 0, 0, 0, 0, 0, 0, 0, 0, 0, 0, 0, 0, 0, 0, 0, 0, 0, 0, 0, 0, 0, 0, 0, 0, 0, 0, 0, 0, 0, 0, 0, 0, 0, 0, 0, 0, 0, 0, 0, 1, 0, 0, 0, 1, 1, 1, 0, 0, 1, 2, 3, 3, 3, 4, 4, 4, 5, 8, 10, 13, 15, 18, 16, 16, 22, 25, 28, 32, 36, 34, 35, 43, 49, 48, 49, 45, 44, 45, 48, 66, 77, 68, 91, 73, 62, 70, 85, 89, 92, 89, 66, 61, 67, 70, 74, 71, 51, 66, 56, 51, 79, 79, 94, 98, 118, 83, 71, 63, 65, 43, 44, 22, 16, 13, 8, 2]
YTOT: [0, 0, 0, 0, 0, 0, 0, 0, 0, 0, 0, 0, 0, 0, 0, 0, 0, 0, 0, 0, 0, 0, 0, 0, 0, 0, 0, 0, 0, 0, 0, 0, 0, 0, 0, 0, 0, 0, 0, 0, 0, 0, 0, 0, 1, 1, 1, 1, 2, 3, 4, 4, 4, 5, 7, 10, 13, 16, 20, 24, 28, 33, 41, 51, 64, 79, 97, 113, 129, 151, 176, 204, 236, 272, 306, 341, 384, 433, 481, 530, 575, 619, 664, 712, 778, 855, 923, 1014, 1087, 1149, 1219, 1304, 1393, 1485, 1574, 1640, 1701, 1768, 1838, 1912, 1983, 2034, 2100, 2156, 2207, 2286, 2365, 2459, 2557, 2675, 2758, 2829, 2892, 2957, 3000, 3044, 3066, 3082, 3095, 3103, 3105]

INFO: Total Population: 2212900
INFO: R0: 2
INFO: Incubation Period: 5
INFO: Illness Period: 7
X:[0, 1, 2, 3, 4, 5, 6, 7, 8, 9, 10, 11, 12, 13, 14, 15, 16, 17, 18, 19, 20, 21, 22, 23, 24, 25, 26, 27, 28, 29, 30, 31, 32, 33, 34, 35, 36, 37, 38, 39, 40, 41, 42, 43, 44, 45, 46, 47, 48, 49, 50, 51, 52, 53, 54, 55, 56, 57, 58, 59, 60, 61, 62, 63, 64, 65, 66, 67, 68, 69, 70, 71, 72, 73, 74, 75, 76, 77, 78, 79, 80, 81, 82, 83, 84, 85, 86, 87, 88, 89, 90, 91, 92, 93, 94, 95, 96, 97, 98, 99, 100, 101, 102, 103, 104, 105, 106, 107, 108, 109, 110, 111, 112, 113, 114, 115, 116, 117, 118, 119, 120, 121]
YNEW:[0, 0, 0, 0, 0, 0, 0, 0, 0, 0, 0, 0, 0, 0, 0, 0, 0, 0, 0, 0, 0, 0, 0, 0, 0, 0, 0, 0, 0, 0, 0, 0, 0, 0, 0, 0, 0, 0, 0, 0, 0, 0, 0, 0, 1, 0, 0, 0, 1, 1, 1, 0, 0, 1, 2, 3, 3, 3, 4, 4, 4, 5, 8, 10, 13, 15, 18, 16, 16, 22, 25, 28, 32, 36, 34, 35, 43, 49, 48, 49, 45, 44, 45, 48, 66, 77, 68, 91, 73, 62, 70, 85, 89, 92, 89, 66, 61, 67, 70, 71, 64, 58, 57, 48, 69, 85, 73, 101, 102, 114, 95, 60, 72, 59, 33, 29, 22, 10, 10, 6, 6]
YTOT: [0, 0, 0, 0, 0, 0, 0, 0, 0, 0, 0, 0, 0, 0, 0, 0, 0, 0, 0, 0, 0, 0, 0, 0, 0, 0, 0, 0, 0, 0, 0, 0, 0, 0, 0, 0, 0, 0, 0, 0, 0, 0, 0, 0, 1, 1, 1, 1, 2, 3, 4, 4, 4, 5, 7, 10, 13, 16, 20, 24, 28, 33, 41, 51, 64, 79, 97, 113, 129, 151, 176, 204, 236, 272, 306, 341, 384, 433, 481, 530, 575, 619, 664, 712, 778, 855, 923, 1014, 1087, 1149, 1219, 1304, 1393, 1485, 1574, 1640, 1701, 1768, 1838, 1909, 1973, 2031, 2088, 2136, 2205, 2290, 2363, 2464, 2566, 2680, 2775, 2835, 2907, 2966, 2999, 3028, 3050, 3060, 3070, 3076, 3082]

INFO: Total Population: 2212900
INFO: R0: 2
INFO: Incubation Period: 5
INFO: Illness Period: 7
X:[0, 1, 2, 3, 4, 5, 6, 7, 8, 9, 10, 11, 12, 13, 14, 15, 16, 17, 18, 19, 20, 21, 22, 23, 24, 25, 26, 27, 28, 29, 30, 31, 32, 33, 34, 35, 36, 37, 38, 39, 40, 41, 42, 43, 44, 45, 46, 47, 48, 49, 50, 51, 52, 53, 54, 55, 56, 57, 58, 59, 60, 61, 62, 63, 64, 65, 66, 67, 68, 69, 70, 71, 72, 73, 74, 75, 76, 77, 78, 79, 80, 81, 82, 83, 84, 85, 86, 87, 88, 89, 90, 91, 92, 93, 94, 95, 96, 97, 98, 99, 100, 101, 102, 103, 104, 105, 106, 107, 108, 109, 110, 111, 112, 113, 114, 115, 116, 117, 118, 119, 120, 121]
YNEW:[0, 0, 0, 0, 0, 0, 0, 0, 0, 0, 0, 0, 0, 0, 0, 0, 0, 0, 0, 0, 0, 0, 0, 0, 0, 0, 0, 0, 0, 0, 0, 0, 0, 0, 0, 0, 0, 0, 0, 0, 0, 0, 0, 0, 1, 0, 0, 0, 1, 1, 1, 0, 0, 1, 2, 3, 3, 3, 4, 4, 4, 5, 8, 10, 13, 15, 18, 16, 16, 22, 25, 28, 32, 36, 34, 35, 43, 49, 48, 49, 45, 44, 45, 48, 66, 77, 68, 91, 73, 62, 70, 85, 89, 92, 89, 66, 61, 67, 70, 70, 71, 52, 55, 51, 71, 88, 87, 73, 102, 132, 76, 76, 67, 62, 43, 32, 28, 15, 15, 5, 2]
YTOT: [0, 0, 0, 0, 0, 0, 0, 0, 0, 0, 0, 0, 0, 0, 0, 0, 0, 0, 0, 0, 0, 0, 0, 0, 0, 0, 0, 0, 0, 0, 0, 0, 0, 0, 0, 0, 0, 0, 0, 0, 0, 0, 0, 0, 1, 1, 1, 1, 2, 3, 4, 4, 4, 5, 7, 10, 13, 16, 20, 24, 28, 33, 41, 51, 64, 79, 97, 113, 129, 151, 176, 204, 236, 272, 306, 341, 384, 433, 481, 530, 575, 619, 664, 712, 778, 855, 923, 1014, 1087, 1149, 1219, 1304, 1393, 1485, 1574, 1640, 1701, 1768, 1838, 1908, 1979, 2031, 2086, 2137, 2208, 2296, 2383, 2456, 2558, 2690, 2766, 2842, 2909, 2971, 3014, 3046, 3074, 3089, 3104, 3109, 3111]

INFO: Total Population: 2212900
INFO: R0: 2
INFO: Incubation Period: 5
INFO: Illness Period: 7
X:[0, 1, 2, 3, 4, 5, 6, 7, 8, 9, 10, 11, 12, 13, 14, 15, 16, 17, 18, 19, 20, 21, 22, 23, 24, 25, 26, 27, 28, 29, 30, 31, 32, 33, 34, 35, 36, 37, 38, 39, 40, 41, 42, 43, 44, 45, 46, 47, 48, 49, 50, 51, 52, 53, 54, 55, 56, 57, 58, 59, 60, 61, 62, 63, 64, 65, 66, 67, 68, 69, 70, 71, 72, 73, 74, 75, 76, 77, 78, 79, 80, 81, 82, 83, 84, 85, 86, 87, 88, 89, 90, 91, 92, 93, 94, 95, 96, 97, 98, 99, 100, 101, 102, 103, 104, 105, 106, 107, 108, 109, 110, 111, 112, 113, 114, 115, 116, 117, 118, 119, 120, 121, 122]
YNEW:[0, 0, 0, 0, 0, 0, 0, 0, 0, 0, 0, 0, 0, 0, 0, 0, 0, 0, 0, 0, 0, 0, 0, 0, 0, 0, 0, 0, 0, 0, 0, 0, 0, 0, 0, 0, 0, 0, 0, 0, 0, 0, 0, 0, 1, 0, 0, 0, 1, 1, 1, 0, 0, 1, 2, 3, 3, 3, 4, 4, 4, 5, 8, 10, 13, 15, 18, 16, 16, 22, 25, 28, 32, 36, 34, 35, 43, 49, 48, 49, 45, 44, 45, 48, 66, 77, 68, 91, 73, 62, 70, 85, 89, 92, 89, 66, 61, 67, 70, 70, 72, 66, 58, 46, 53, 85, 107, 94, 102, 112, 86, 82, 66, 48, 41, 34, 22, 14, 15, 6, 1, 1]
YTOT: [0, 0, 0, 0, 0, 0, 0, 0, 0, 0, 0, 0, 0, 0, 0, 0, 0, 0, 0, 0, 0, 0, 0, 0, 0, 0, 0, 0, 0, 0, 0, 0, 0, 0, 0, 0, 0, 0, 0, 0, 0, 0, 0, 0, 1, 1, 1, 1, 2, 3, 4, 4, 4, 5, 7, 10, 13, 16, 20, 24, 28, 33, 41, 51, 64, 79, 97, 113, 129, 151, 176, 204, 236, 272, 306, 341, 384, 433, 481, 530, 575, 619, 664, 712, 778, 855, 923, 1014, 1087, 1149, 1219, 1304, 1393, 1485, 1574, 1640, 1701, 1768, 1838, 1908, 1980, 2046, 2104, 2150, 2203, 2288, 2395, 2489, 2591, 2703, 2789, 2871, 2937, 2985, 3026, 3060, 3082, 3096, 3111, 3117, 3118, 3119]

INFO: Total Population: 2212900
INFO: R0: 2
INFO: Incubation Period: 5
INFO: Illness Period: 7
X:[0, 1, 2, 3, 4, 5, 6, 7, 8, 9, 10, 11, 12, 13, 14, 15, 16, 17, 18, 19, 20, 21, 22, 23, 24, 25, 26, 27, 28, 29, 30, 31, 32, 33, 34, 35, 36, 37, 38, 39, 40, 41, 42, 43, 44, 45, 46, 47, 48, 49, 50, 51, 52, 53, 54, 55, 56, 57, 58, 59, 60, 61, 62, 63, 64, 65, 66, 67, 68, 69, 70, 71, 72, 73, 74, 75, 76, 77, 78, 79, 80, 81, 82, 83, 84, 85, 86, 87, 88, 89, 90, 91, 92, 93, 94, 95, 96, 97, 98, 99, 100, 101, 102, 103, 104, 105, 106, 107, 108, 109, 110, 111, 112, 113, 114, 115, 116, 117, 118, 119, 120, 121, 122]
YNEW:[0, 0, 0, 0, 0, 0, 0, 0, 0, 0, 0, 0, 0, 0, 0, 0, 0, 0, 0, 0, 0, 0, 0, 0, 0, 0, 0, 0, 0, 0, 0, 0, 0, 0, 0, 0, 0, 0, 0, 0, 0, 0, 0, 0, 1, 0, 0, 0, 1, 1, 1, 0, 0, 1, 2, 3, 3, 3, 4, 4, 4, 5, 8, 10, 13, 15, 18, 16, 16, 22, 25, 28, 32, 36, 34, 35, 43, 49, 48, 49, 45, 44, 45, 48, 66, 77, 68, 91, 73, 62, 70, 85, 89, 92, 89, 66, 61, 67, 70, 61, 67, 63, 56, 55, 53, 66, 80, 92, 110, 94, 84, 87, 64, 57, 48, 48, 23, 8, 10, 7, 2, 1]
YTOT: [0, 0, 0, 0, 0, 0, 0, 0, 0, 0, 0, 0, 0, 0, 0, 0, 0, 0, 0, 0, 0, 0, 0, 0, 0, 0, 0, 0, 0, 0, 0, 0, 0, 0, 0, 0, 0, 0, 0, 0, 0, 0, 0, 0, 1, 1, 1, 1, 2, 3, 4, 4, 4, 5, 7, 10, 13, 16, 20, 24, 28, 33, 41, 51, 64, 79, 97, 113, 129, 151, 176, 204, 236, 272, 306, 341, 384, 433, 481, 530, 575, 619, 664, 712, 778, 855, 923, 1014, 1087, 1149, 1219, 1304, 1393, 1485, 1574, 1640, 1701, 1768, 1838, 1899, 1966, 2029, 2085, 2140, 2193, 2259, 2339, 2431, 2541, 2635, 2719, 2806, 2870, 2927, 2975, 3023, 3046, 3054, 3064, 3071, 3073, 3074]

INFO: Total Population: 2212900
INFO: R0: 2
INFO: Incubation Period: 5
INFO: Illness Period: 7
X:[0, 1, 2, 3, 4, 5, 6, 7, 8, 9, 10, 11, 12, 13, 14, 15, 16, 17, 18, 19, 20, 21, 22, 23, 24, 25, 26, 27, 28, 29, 30, 31, 32, 33, 34, 35, 36, 37, 38, 39, 40, 41, 42, 43, 44, 45, 46, 47, 48, 49, 50, 51, 52, 53, 54, 55, 56, 57, 58, 59, 60, 61, 62, 63, 64, 65, 66, 67, 68, 69, 70, 71, 72, 73, 74, 75, 76, 77, 78, 79, 80, 81, 82, 83, 84, 85, 86, 87, 88, 89, 90, 91, 92, 93, 94, 95, 96, 97, 98, 99, 100, 101, 102, 103, 104, 105, 106, 107, 108, 109, 110, 111, 112, 113, 114, 115, 116, 117, 118, 119, 120, 121]
YNEW:[0, 0, 0, 0, 0, 0, 0, 0, 0, 0, 0, 0, 0, 0, 0, 0, 0, 0, 0, 0, 0, 0, 0, 0, 0, 0, 0, 0, 0, 0, 0, 0, 0, 0, 0, 0, 0, 0, 0, 0, 0, 0, 0, 0, 1, 0, 0, 0, 1, 1, 1, 0, 0, 1, 2, 3, 3, 3, 4, 4, 4, 5, 8, 10, 13, 15, 18, 16, 16, 22, 25, 28, 32, 36, 34, 35, 43, 49, 48, 49, 45, 44, 45, 48, 66, 77, 68, 91, 73, 62, 70, 85, 89, 92, 89, 66, 61, 67, 70, 71, 72, 65, 50, 53, 74, 86, 91, 88, 90, 105, 90, 91, 64, 64, 53, 42, 25, 30, 9, 8, 2]
YTOT: [0, 0, 0, 0, 0, 0, 0, 0, 0, 0, 0, 0, 0, 0, 0, 0, 0, 0, 0, 0, 0, 0, 0, 0, 0, 0, 0, 0, 0, 0, 0, 0, 0, 0, 0, 0, 0, 0, 0, 0, 0, 0, 0, 0, 1, 1, 1, 1, 2, 3, 4, 4, 4, 5, 7, 10, 13, 16, 20, 24, 28, 33, 41, 51, 64, 79, 97, 113, 129, 151, 176, 204, 236, 272, 306, 341, 384, 433, 481, 530, 575, 619, 664, 712, 778, 855, 923, 1014, 1087, 1149, 1219, 1304, 1393, 1485, 1574, 1640, 1701, 1768, 1838, 1909, 1981, 2046, 2096, 2149, 2223, 2309, 2400, 2488, 2578, 2683, 2773, 2864, 2928, 2992, 3045, 3087, 3112, 3142, 3151, 3159, 3161]

INFO: Total Population: 2212900
INFO: R0: 2
INFO: Incubation Period: 5
INFO: Illness Period: 7
X:[0, 1, 2, 3, 4, 5, 6, 7, 8, 9, 10, 11, 12, 13, 14, 15, 16, 17, 18, 19, 20, 21, 22, 23, 24, 25, 26, 27, 28, 29, 30, 31, 32, 33, 34, 35, 36, 37, 38, 39, 40, 41, 42, 43, 44, 45, 46, 47, 48, 49, 50, 51, 52, 53, 54, 55, 56, 57, 58, 59, 60, 61, 62, 63, 64, 65, 66, 67, 68, 69, 70, 71, 72, 73, 74, 75, 76, 77, 78, 79, 80, 81, 82, 83, 84, 85, 86, 87, 88, 89, 90, 91, 92, 93, 94, 95, 96, 97, 98, 99, 100, 101, 102, 103, 104, 105, 106, 107, 108, 109, 110, 111, 112, 113, 114, 115, 116, 117, 118, 119, 120, 121, 122]
YNEW:[0, 0, 0, 0, 0, 0, 0, 0, 0, 0, 0, 0, 0, 0, 0, 0, 0, 0, 0, 0, 0, 0, 0, 0, 0, 0, 0, 0, 0, 0, 0, 0, 0, 0, 0, 0, 0, 0, 0, 0, 0, 0, 0, 0, 1, 0, 0, 0, 1, 1, 1, 0, 0, 1, 2, 3, 3, 3, 4, 4, 4, 5, 8, 10, 13, 15, 18, 16, 16, 22, 25, 28, 32, 36, 34, 35, 43, 49, 48, 49, 45, 44, 45, 48, 66, 77, 68, 91, 73, 62, 70, 85, 89, 92, 89, 66, 61, 67, 70, 67, 58, 59, 52, 50, 36, 73, 96, 94, 101, 86, 76, 72, 48, 40, 39, 36, 16, 10, 13, 10, 2, 2]
YTOT: [0, 0, 0, 0, 0, 0, 0, 0, 0, 0, 0, 0, 0, 0, 0, 0, 0, 0, 0, 0, 0, 0, 0, 0, 0, 0, 0, 0, 0, 0, 0, 0, 0, 0, 0, 0, 0, 0, 0, 0, 0, 0, 0, 0, 1, 1, 1, 1, 2, 3, 4, 4, 4, 5, 7, 10, 13, 16, 20, 24, 28, 33, 41, 51, 64, 79, 97, 113, 129, 151, 176, 204, 236, 272, 306, 341, 384, 433, 481, 530, 575, 619, 664, 712, 778, 855, 923, 1014, 1087, 1149, 1219, 1304, 1393, 1485, 1574, 1640, 1701, 1768, 1838, 1905, 1963, 2022, 2074, 2124, 2160, 2233, 2329, 2423, 2524, 2610, 2686, 2758, 2806, 2846, 2885, 2921, 2937, 2947, 2960, 2970, 2972, 2974]

INFO: Total Population: 2212900
INFO: R0: 2
INFO: Incubation Period: 5
INFO: Illness Period: 7
X:[0, 1, 2, 3, 4, 5, 6, 7, 8, 9, 10, 11, 12, 13, 14, 15, 16, 17, 18, 19, 20, 21, 22, 23, 24, 25, 26, 27, 28, 29, 30, 31, 32, 33, 34, 35, 36, 37, 38, 39, 40, 41, 42, 43, 44, 45, 46, 47, 48, 49, 50, 51, 52, 53, 54, 55, 56, 57, 58, 59, 60, 61, 62, 63, 64, 65, 66, 67, 68, 69, 70, 71, 72, 73, 74, 75, 76, 77, 78, 79, 80, 81, 82, 83, 84, 85, 86, 87, 88, 89, 90, 91, 92, 93, 94, 95, 96, 97, 98, 99, 100, 101, 102, 103, 104, 105, 106, 107, 108, 109, 110, 111, 112, 113, 114, 115, 116, 117, 118, 119, 120, 121]
YNEW:[0, 0, 0, 0, 0, 0, 0, 0, 0, 0, 0, 0, 0, 0, 0, 0, 0, 0, 0, 0, 0, 0, 0, 0, 0, 0, 0, 0, 0, 0, 0, 0, 0, 0, 0, 0, 0, 0, 0, 0, 0, 0, 0, 0, 1, 0, 0, 0, 1, 1, 1, 0, 0, 1, 2, 3, 3, 3, 4, 4, 4, 5, 8, 10, 13, 15, 18, 16, 16, 22, 25, 28, 32, 36, 34, 35, 43, 49, 48, 49, 45, 44, 45, 48, 66, 77, 68, 91, 73, 62, 70, 85, 89, 92, 89, 66, 61, 67, 70, 72, 65, 72, 66, 28, 65, 80, 89, 100, 102, 104, 85, 95, 57, 47, 43, 37, 19, 14, 10, 7, 6]
YTOT: [0, 0, 0, 0, 0, 0, 0, 0, 0, 0, 0, 0, 0, 0, 0, 0, 0, 0, 0, 0, 0, 0, 0, 0, 0, 0, 0, 0, 0, 0, 0, 0, 0, 0, 0, 0, 0, 0, 0, 0, 0, 0, 0, 0, 1, 1, 1, 1, 2, 3, 4, 4, 4, 5, 7, 10, 13, 16, 20, 24, 28, 33, 41, 51, 64, 79, 97, 113, 129, 151, 176, 204, 236, 272, 306, 341, 384, 433, 481, 530, 575, 619, 664, 712, 778, 855, 923, 1014, 1087, 1149, 1219, 1304, 1393, 1485, 1574, 1640, 1701, 1768, 1838, 1910, 1975, 2047, 2113, 2141, 2206, 2286, 2375, 2475, 2577, 2681, 2766, 2861, 2918, 2965, 3008, 3045, 3064, 3078, 3088, 3095, 3101]

INFO: Total Population: 2212900
INFO: R0: 2
INFO: Incubation Period: 5
INFO: Illness Period: 7
X:[0, 1, 2, 3, 4, 5, 6, 7, 8, 9, 10, 11, 12, 13, 14, 15, 16, 17, 18, 19, 20, 21, 22, 23, 24, 25, 26, 27, 28, 29, 30, 31, 32, 33, 34, 35, 36, 37, 38, 39, 40, 41, 42, 43, 44, 45, 46, 47, 48, 49, 50, 51, 52, 53, 54, 55, 56, 57, 58, 59, 60, 61, 62, 63, 64, 65, 66, 67, 68, 69, 70, 71, 72, 73, 74, 75, 76, 77, 78, 79, 80, 81, 82, 83, 84, 85, 86, 87, 88, 89, 90, 91, 92, 93, 94, 95, 96, 97, 98, 99, 100, 101, 102, 103, 104, 105, 106, 107, 108, 109, 110, 111, 112, 113, 114, 115, 116, 117, 118, 119, 120, 121]
YNEW:[0, 0, 0, 0, 0, 0, 0, 0, 0, 0, 0, 0, 0, 0, 0, 0, 0, 0, 0, 0, 0, 0, 0, 0, 0, 0, 0, 0, 0, 0, 0, 0, 0, 0, 0, 0, 0, 0, 0, 0, 0, 0, 0, 0, 1, 0, 0, 0, 1, 1, 1, 0, 0, 1, 2, 3, 3, 3, 4, 4, 4, 5, 8, 10, 13, 15, 18, 16, 16, 22, 25, 28, 32, 36, 34, 35, 43, 49, 48, 49, 45, 44, 45, 48, 66, 77, 68, 91, 73, 62, 70, 85, 89, 92, 89, 66, 61, 67, 70, 71, 76, 46, 58, 45, 48, 85, 81, 91, 100, 105, 83, 57, 63, 54, 40, 33, 31, 21, 16, 10, 2]
YTOT: [0, 0, 0, 0, 0, 0, 0, 0, 0, 0, 0, 0, 0, 0, 0, 0, 0, 0, 0, 0, 0, 0, 0, 0, 0, 0, 0, 0, 0, 0, 0, 0, 0, 0, 0, 0, 0, 0, 0, 0, 0, 0, 0, 0, 1, 1, 1, 1, 2, 3, 4, 4, 4, 5, 7, 10, 13, 16, 20, 24, 28, 33, 41, 51, 64, 79, 97, 113, 129, 151, 176, 204, 236, 272, 306, 341, 384, 433, 481, 530, 575, 619, 664, 712, 778, 855, 923, 1014, 1087, 1149, 1219, 1304, 1393, 1485, 1574, 1640, 1701, 1768, 1838, 1909, 1985, 2031, 2089, 2134, 2182, 2267, 2348, 2439, 2539, 2644, 2727, 2784, 2847, 2901, 2941, 2974, 3005, 3026, 3042, 3052, 3054]

INFO: Total Population: 2212900
INFO: R0: 2
INFO: Incubation Period: 5
INFO: Illness Period: 7
X:[0, 1, 2, 3, 4, 5, 6, 7, 8, 9, 10, 11, 12, 13, 14, 15, 16, 17, 18, 19, 20, 21, 22, 23, 24, 25, 26, 27, 28, 29, 30, 31, 32, 33, 34, 35, 36, 37, 38, 39, 40, 41, 42, 43, 44, 45, 46, 47, 48, 49, 50, 51, 52, 53, 54, 55, 56, 57, 58, 59, 60, 61, 62, 63, 64, 65, 66, 67, 68, 69, 70, 71, 72, 73, 74, 75, 76, 77, 78, 79, 80, 81, 82, 83, 84, 85, 86, 87, 88, 89, 90, 91, 92, 93, 94, 95, 96, 97, 98, 99, 100, 101, 102, 103, 104, 105, 106, 107, 108, 109, 110, 111, 112, 113, 114, 115, 116, 117, 118, 119, 120, 121, 122]
YNEW:[0, 0, 0, 0, 0, 0, 0, 0, 0, 0, 0, 0, 0, 0, 0, 0, 0, 0, 0, 0, 0, 0, 0, 0, 0, 0, 0, 0, 0, 0, 0, 0, 0, 0, 0, 0, 0, 0, 0, 0, 0, 0, 0, 0, 1, 0, 0, 0, 1, 1, 1, 0, 0, 1, 2, 3, 3, 3, 4, 4, 4, 5, 8, 10, 13, 15, 18, 16, 16, 22, 25, 28, 32, 36, 34, 35, 43, 49, 48, 49, 45, 44, 45, 48, 66, 77, 68, 91, 73, 62, 70, 85, 89, 92, 89, 66, 61, 67, 70, 71, 83, 54, 59, 46, 43, 91, 91, 107, 95, 99, 84, 60, 70, 49, 37, 30, 34, 17, 12, 2, 3, 1]
YTOT: [0, 0, 0, 0, 0, 0, 0, 0, 0, 0, 0, 0, 0, 0, 0, 0, 0, 0, 0, 0, 0, 0, 0, 0, 0, 0, 0, 0, 0, 0, 0, 0, 0, 0, 0, 0, 0, 0, 0, 0, 0, 0, 0, 0, 1, 1, 1, 1, 2, 3, 4, 4, 4, 5, 7, 10, 13, 16, 20, 24, 28, 33, 41, 51, 64, 79, 97, 113, 129, 151, 176, 204, 236, 272, 306, 341, 384, 433, 481, 530, 575, 619, 664, 712, 778, 855, 923, 1014, 1087, 1149, 1219, 1304, 1393, 1485, 1574, 1640, 1701, 1768, 1838, 1909, 1992, 2046, 2105, 2151, 2194, 2285, 2376, 2483, 2578, 2677, 2761, 2821, 2891, 2940, 2977, 3007, 3041, 3058, 3070, 3072, 3075, 3076]

INFO: Total Population: 2212900
INFO: R0: 2
INFO: Incubation Period: 5
INFO: Illness Period: 7
X:[0, 1, 2, 3, 4, 5, 6, 7, 8, 9, 10, 11, 12, 13, 14, 15, 16, 17, 18, 19, 20, 21, 22, 23, 24, 25, 26, 27, 28, 29, 30, 31, 32, 33, 34, 35, 36, 37, 38, 39, 40, 41, 42, 43, 44, 45, 46, 47, 48, 49, 50, 51, 52, 53, 54, 55, 56, 57, 58, 59, 60, 61, 62, 63, 64, 65, 66, 67, 68, 69, 70, 71, 72, 73, 74, 75, 76, 77, 78, 79, 80, 81, 82, 83, 84, 85, 86, 87, 88, 89, 90, 91, 92, 93, 94, 95, 96, 97, 98, 99, 100, 101, 102, 103, 104, 105, 106, 107, 108, 109, 110, 111, 112, 113, 114, 115, 116, 117, 118, 119, 120, 121]
YNEW:[0, 0, 0, 0, 0, 0, 0, 0, 0, 0, 0, 0, 0, 0, 0, 0, 0, 0, 0, 0, 0, 0, 0, 0, 0, 0, 0, 0, 0, 0, 0, 0, 0, 0, 0, 0, 0, 0, 0, 0, 0, 0, 0, 0, 1, 0, 0, 0, 1, 1, 1, 0, 0, 1, 2, 3, 3, 3, 4, 4, 4, 5, 8, 10, 13, 15, 18, 16, 16, 22, 25, 28, 32, 36, 34, 35, 43, 49, 48, 49, 45, 44, 45, 48, 66, 77, 68, 91, 73, 62, 70, 85, 89, 92, 89, 66, 61, 67, 70, 63, 65, 62, 65, 55, 52, 64, 93, 97, 100, 117, 94, 86, 61, 43, 33, 38, 26, 17, 11, 4, 2]
YTOT: [0, 0, 0, 0, 0, 0, 0, 0, 0, 0, 0, 0, 0, 0, 0, 0, 0, 0, 0, 0, 0, 0, 0, 0, 0, 0, 0, 0, 0, 0, 0, 0, 0, 0, 0, 0, 0, 0, 0, 0, 0, 0, 0, 0, 1, 1, 1, 1, 2, 3, 4, 4, 4, 5, 7, 10, 13, 16, 20, 24, 28, 33, 41, 51, 64, 79, 97, 113, 129, 151, 176, 204, 236, 272, 306, 341, 384, 433, 481, 530, 575, 619, 664, 712, 778, 855, 923, 1014, 1087, 1149, 1219, 1304, 1393, 1485, 1574, 1640, 1701, 1768, 1838, 1901, 1966, 2028, 2093, 2148, 2200, 2264, 2357, 2454, 2554, 2671, 2765, 2851, 2912, 2955, 2988, 3026, 3052, 3069, 3080, 3084, 3086]

INFO: Total Population: 2212900
INFO: R0: 2
INFO: Incubation Period: 5
INFO: Illness Period: 7
X:[0, 1, 2, 3, 4, 5, 6, 7, 8, 9, 10, 11, 12, 13, 14, 15, 16, 17, 18, 19, 20, 21, 22, 23, 24, 25, 26, 27, 28, 29, 30, 31, 32, 33, 34, 35, 36, 37, 38, 39, 40, 41, 42, 43, 44, 45, 46, 47, 48, 49, 50, 51, 52, 53, 54, 55, 56, 57, 58, 59, 60, 61, 62, 63, 64, 65, 66, 67, 68, 69, 70, 71, 72, 73, 74, 75, 76, 77, 78, 79, 80, 81, 82, 83, 84, 85, 86, 87, 88, 89, 90, 91, 92, 93, 94, 95, 96, 97, 98, 99, 100, 101, 102, 103, 104, 105, 106, 107, 108, 109, 110, 111, 112, 113, 114, 115, 116, 117, 118, 119, 120, 121]
YNEW:[0, 0, 0, 0, 0, 0, 0, 0, 0, 0, 0, 0, 0, 0, 0, 0, 0, 0, 0, 0, 0, 0, 0, 0, 0, 0, 0, 0, 0, 0, 0, 0, 0, 0, 0, 0, 0, 0, 0, 0, 0, 0, 0, 0, 1, 0, 0, 0, 1, 1, 1, 0, 0, 1, 2, 3, 3, 3, 4, 4, 4, 5, 8, 10, 13, 15, 18, 16, 16, 22, 25, 28, 32, 36, 34, 35, 43, 49, 48, 49, 45, 44, 45, 48, 66, 77, 68, 91, 73, 62, 70, 85, 89, 92, 89, 66, 61, 67, 70, 60, 71, 60, 47, 58, 37, 91, 74, 101, 91, 87, 82, 63, 61, 53, 44, 31, 23, 14, 13, 8, 2]
YTOT: [0, 0, 0, 0, 0, 0, 0, 0, 0, 0, 0, 0, 0, 0, 0, 0, 0, 0, 0, 0, 0, 0, 0, 0, 0, 0, 0, 0, 0, 0, 0, 0, 0, 0, 0, 0, 0, 0, 0, 0, 0, 0, 0, 0, 1, 1, 1, 1, 2, 3, 4, 4, 4, 5, 7, 10, 13, 16, 20, 24, 28, 33, 41, 51, 64, 79, 97, 113, 129, 151, 176, 204, 236, 272, 306, 341, 384, 433, 481, 530, 575, 619, 664, 712, 778, 855, 923, 1014, 1087, 1149, 1219, 1304, 1393, 1485, 1574, 1640, 1701, 1768, 1838, 1898, 1969, 2029, 2076, 2134, 2171, 2262, 2336, 2437, 2528, 2615, 2697, 2760, 2821, 2874, 2918, 2949, 2972, 2986, 2999, 3007, 3009]

INFO: Total Population: 2212900
INFO: R0: 2
INFO: Incubation Period: 5
INFO: Illness Period: 7
X:[0, 1, 2, 3, 4, 5, 6, 7, 8, 9, 10, 11, 12, 13, 14, 15, 16, 17, 18, 19, 20, 21, 22, 23, 24, 25, 26, 27, 28, 29, 30, 31, 32, 33, 34, 35, 36, 37, 38, 39, 40, 41, 42, 43, 44, 45, 46, 47, 48, 49, 50, 51, 52, 53, 54, 55, 56, 57, 58, 59, 60, 61, 62, 63, 64, 65, 66, 67, 68, 69, 70, 71, 72, 73, 74, 75, 76, 77, 78, 79, 80, 81, 82, 83, 84, 85, 86, 87, 88, 89, 90, 91, 92, 93, 94, 95, 96, 97, 98, 99, 100, 101, 102, 103, 104, 105, 106, 107, 108, 109, 110, 111, 112, 113, 114, 115, 116, 117, 118, 119, 120, 121, 122]
YNEW:[0, 0, 0, 0, 0, 0, 0, 0, 0, 0, 0, 0, 0, 0, 0, 0, 0, 0, 0, 0, 0, 0, 0, 0, 0, 0, 0, 0, 0, 0, 0, 0, 0, 0, 0, 0, 0, 0, 0, 0, 0, 0, 0, 0, 1, 0, 0, 0, 1, 1, 1, 0, 0, 1, 2, 3, 3, 3, 4, 4, 4, 5, 8, 10, 13, 15, 18, 16, 16, 22, 25, 28, 32, 36, 34, 35, 43, 49, 48, 49, 45, 44, 45, 48, 66, 77, 68, 91, 73, 62, 70, 85, 89, 92, 89, 66, 61, 67, 70, 62, 87, 58, 54, 50, 72, 74, 83, 88, 115, 103, 90, 79, 70, 68, 52, 24, 29, 18, 18, 8, 3, 2]
YTOT: [0, 0, 0, 0, 0, 0, 0, 0, 0, 0, 0, 0, 0, 0, 0, 0, 0, 0, 0, 0, 0, 0, 0, 0, 0, 0, 0, 0, 0, 0, 0, 0, 0, 0, 0, 0, 0, 0, 0, 0, 0, 0, 0, 0, 1, 1, 1, 1, 2, 3, 4, 4, 4, 5, 7, 10, 13, 16, 20, 24, 28, 33, 41, 51, 64, 79, 97, 113, 129, 151, 176, 204, 236, 272, 306, 341, 384, 433, 481, 530, 575, 619, 664, 712, 778, 855, 923, 1014, 1087, 1149, 1219, 1304, 1393, 1485, 1574, 1640, 1701, 1768, 1838, 1900, 1987, 2045, 2099, 2149, 2221, 2295, 2378, 2466, 2581, 2684, 2774, 2853, 2923, 2991, 3043, 3067, 3096, 3114, 3132, 3140, 3143, 3145]

INFO: Total Population: 2212900
INFO: R0: 2
INFO: Incubation Period: 5
INFO: Illness Period: 7
X:[0, 1, 2, 3, 4, 5, 6, 7, 8, 9, 10, 11, 12, 13, 14, 15, 16, 17, 18, 19, 20, 21, 22, 23, 24, 25, 26, 27, 28, 29, 30, 31, 32, 33, 34, 35, 36, 37, 38, 39, 40, 41, 42, 43, 44, 45, 46, 47, 48, 49, 50, 51, 52, 53, 54, 55, 56, 57, 58, 59, 60, 61, 62, 63, 64, 65, 66, 67, 68, 69, 70, 71, 72, 73, 74, 75, 76, 77, 78, 79, 80, 81, 82, 83, 84, 85, 86, 87, 88, 89, 90, 91, 92, 93, 94, 95, 96, 97, 98, 99, 100, 101, 102, 103, 104, 105, 106, 107, 108, 109, 110, 111, 112, 113, 114, 115, 116, 117, 118, 119, 120, 121, 122]
YNEW:[0, 0, 0, 0, 0, 0, 0, 0, 0, 0, 0, 0, 0, 0, 0, 0, 0, 0, 0, 0, 0, 0, 0, 0, 0, 0, 0, 0, 0, 0, 0, 0, 0, 0, 0, 0, 0, 0, 0, 0, 0, 0, 0, 0, 1, 0, 0, 0, 1, 1, 1, 0, 0, 1, 2, 3, 3, 3, 4, 4, 4, 5, 8, 10, 13, 15, 18, 16, 16, 22, 25, 28, 32, 36, 34, 35, 43, 49, 48, 49, 45, 44, 45, 48, 66, 77, 68, 91, 73, 62, 70, 85, 89, 92, 89, 66, 61, 67, 70, 67, 48, 58, 54, 46, 65, 80, 77, 96, 86, 86, 82, 68, 71, 50, 34, 28, 26, 19, 15, 5, 4, 1]
YTOT: [0, 0, 0, 0, 0, 0, 0, 0, 0, 0, 0, 0, 0, 0, 0, 0, 0, 0, 0, 0, 0, 0, 0, 0, 0, 0, 0, 0, 0, 0, 0, 0, 0, 0, 0, 0, 0, 0, 0, 0, 0, 0, 0, 0, 1, 1, 1, 1, 2, 3, 4, 4, 4, 5, 7, 10, 13, 16, 20, 24, 28, 33, 41, 51, 64, 79, 97, 113, 129, 151, 176, 204, 236, 272, 306, 341, 384, 433, 481, 530, 575, 619, 664, 712, 778, 855, 923, 1014, 1087, 1149, 1219, 1304, 1393, 1485, 1574, 1640, 1701, 1768, 1838, 1905, 1953, 2011, 2065, 2111, 2176, 2256, 2333, 2429, 2515, 2601, 2683, 2751, 2822, 2872, 2906, 2934, 2960, 2979, 2994, 2999, 3003, 3004]

INFO: Total Population: 2212900
INFO: R0: 2
INFO: Incubation Period: 5
INFO: Illness Period: 7
X:[0, 1, 2, 3, 4, 5, 6, 7, 8, 9, 10, 11, 12, 13, 14, 15, 16, 17, 18, 19, 20, 21, 22, 23, 24, 25, 26, 27, 28, 29, 30, 31, 32, 33, 34, 35, 36, 37, 38, 39, 40, 41, 42, 43, 44, 45, 46, 47, 48, 49, 50, 51, 52, 53, 54, 55, 56, 57, 58, 59, 60, 61, 62, 63, 64, 65, 66, 67, 68, 69, 70, 71, 72, 73, 74, 75, 76, 77, 78, 79, 80, 81, 82, 83, 84, 85, 86, 87, 88, 89, 90, 91, 92, 93, 94, 95, 96, 97, 98, 99, 100, 101, 102, 103, 104, 105, 106, 107, 108, 109, 110, 111, 112, 113, 114, 115, 116, 117, 118, 119, 120, 121, 122]
YNEW:[0, 0, 0, 0, 0, 0, 0, 0, 0, 0, 0, 0, 0, 0, 0, 0, 0, 0, 0, 0, 0, 0, 0, 0, 0, 0, 0, 0, 0, 0, 0, 0, 0, 0, 0, 0, 0, 0, 0, 0, 0, 0, 0, 0, 1, 0, 0, 0, 1, 1, 1, 0, 0, 1, 2, 3, 3, 3, 4, 4, 4, 5, 8, 10, 13, 15, 18, 16, 16, 22, 25, 28, 32, 36, 34, 35, 43, 49, 48, 49, 45, 44, 45, 48, 66, 77, 68, 91, 73, 62, 70, 85, 89, 92, 89, 66, 61, 67, 70, 55, 74, 57, 52, 48, 40, 81, 97, 91, 111, 84, 86, 66, 56, 45, 42, 19, 21, 12, 9, 5, 2, 1]
YTOT: [0, 0, 0, 0, 0, 0, 0, 0, 0, 0, 0, 0, 0, 0, 0, 0, 0, 0, 0, 0, 0, 0, 0, 0, 0, 0, 0, 0, 0, 0, 0, 0, 0, 0, 0, 0, 0, 0, 0, 0, 0, 0, 0, 0, 1, 1, 1, 1, 2, 3, 4, 4, 4, 5, 7, 10, 13, 16, 20, 24, 28, 33, 41, 51, 64, 79, 97, 113, 129, 151, 176, 204, 236, 272, 306, 341, 384, 433, 481, 530, 575, 619, 664, 712, 778, 855, 923, 1014, 1087, 1149, 1219, 1304, 1393, 1485, 1574, 1640, 1701, 1768, 1838, 1893, 1967, 2024, 2076, 2124, 2164, 2245, 2342, 2433, 2544, 2628, 2714, 2780, 2836, 2881, 2923, 2942, 2963, 2975, 2984, 2989, 2991, 2992]

END