

INFO: Total Population: 2212900
INFO: R0: 2
INFO: Incubation Period: 5
INFO: Illness Period: 7
X:[0, 1, 2, 3, 4, 5, 6, 7, 8, 9, 10, 11, 12, 13, 14, 15, 16, 17, 18, 19, 20, 21, 22, 23, 24, 25, 26, 27, 28, 29, 30, 31, 32, 33, 34, 35, 36, 37, 38, 39, 40, 41, 42, 43, 44, 45, 46, 47, 48, 49, 50, 51, 52, 53, 54, 55, 56, 57, 58, 59, 60, 61, 62, 63, 64, 65, 66, 67, 68, 69, 70, 71, 72, 73, 74, 75, 76, 77, 78, 79, 80, 81, 82, 83, 84, 85, 86, 87, 88, 89, 90, 91, 92, 93, 94, 95, 96, 97, 98, 99, 100, 101, 102, 103, 104, 105, 106, 107, 108, 109, 110, 111, 112, 113, 114, 115, 116, 117, 118, 119, 120, 121]
YNEW:[0, 0, 0, 0, 0, 0, 0, 0, 0, 0, 0, 0, 0, 0, 0, 0, 0, 0, 0, 0, 0, 0, 0, 0, 0, 0, 0, 0, 0, 0, 0, 0, 0, 0, 0, 0, 0, 0, 0, 0, 0, 0, 0, 0, 1, 0, 0, 0, 1, 1, 1, 0, 0, 1, 2, 3, 3, 3, 4, 4, 4, 5, 8, 10, 13, 15, 18, 16, 16, 22, 25, 28, 32, 36, 34, 35, 43, 49, 48, 49, 45, 44, 45, 48, 66, 77, 68, 91, 73, 62, 70, 85, 89, 92, 89, 66, 61, 67, 70, 69, 74, 59, 58, 66, 60, 70, 70, 68, 72, 81, 69, 57, 63, 49, 35, 29, 26, 19, 9, 8, 4]
YTOT: [0, 0, 0, 0, 0, 0, 0, 0, 0, 0, 0, 0, 0, 0, 0, 0, 0, 0, 0, 0, 0, 0, 0, 0, 0, 0, 0, 0, 0, 0, 0, 0, 0, 0, 0, 0, 0, 0, 0, 0, 0, 0, 0, 0, 1, 1, 1, 1, 2, 3, 4, 4, 4, 5, 7, 10, 13, 16, 20, 24, 28, 33, 41, 51, 64, 79, 97, 113, 129, 151, 176, 204, 236, 272, 306, 341, 384, 433, 481, 530, 575, 619, 664, 712, 778, 855, 923, 1014, 1087, 1149, 1219, 1304, 1393, 1485, 1574, 1640, 1701, 1768, 1838, 1907, 1981, 2040, 2098, 2164, 2224, 2294, 2364, 2432, 2504, 2585, 2654, 2711, 2774, 2823, 2858, 2887, 2913, 2932, 2941, 2949, 2953]

INFO: Total Population: 2212900
INFO: R0: 2
INFO: Incubation Period: 5
INFO: Illness Period: 7
X:[0, 1, 2, 3, 4, 5, 6, 7, 8, 9, 10, 11, 12, 13, 14, 15, 16, 17, 18, 19, 20, 21, 22, 23, 24, 25, 26, 27, 28, 29, 30, 31, 32, 33, 34, 35, 36, 37, 38, 39, 40, 41, 42, 43, 44, 45, 46, 47, 48, 49, 50, 51, 52, 53, 54, 55, 56, 57, 58, 59, 60, 61, 62, 63, 64, 65, 66, 67, 68, 69, 70, 71, 72, 73, 74, 75, 76, 77, 78, 79, 80, 81, 82, 83, 84, 85, 86, 87, 88, 89, 90, 91, 92, 93, 94, 95, 96, 97, 98, 99, 100, 101, 102, 103, 104, 105, 106, 107, 108, 109, 110, 111, 112, 113, 114, 115, 116, 117, 118, 119, 120, 121]
YNEW:[0, 0, 0, 0, 0, 0, 0, 0, 0, 0, 0, 0, 0, 0, 0, 0, 0, 0, 0, 0, 0, 0, 0, 0, 0, 0, 0, 0, 0, 0, 0, 0, 0, 0, 0, 0, 0, 0, 0, 0, 0, 0, 0, 0, 1, 0, 0, 0, 1, 1, 1, 0, 0, 1, 2, 3, 3, 3, 4, 4, 4, 5, 8, 10, 13, 15, 18, 16, 16, 22, 25, 28, 32, 36, 34, 35, 43, 49, 48, 49, 45, 44, 45, 48, 66, 77, 68, 91, 73, 62, 70, 85, 89, 92, 89, 66, 61, 67, 70, 65, 82, 55, 58, 54, 62, 79, 66, 73, 84, 80, 71, 61, 43, 44, 36, 22, 20, 18, 9, 7, 6]
YTOT: [0, 0, 0, 0, 0, 0, 0, 0, 0, 0, 0, 0, 0, 0, 0, 0, 0, 0, 0, 0, 0, 0, 0, 0, 0, 0, 0, 0, 0, 0, 0, 0, 0, 0, 0, 0, 0, 0, 0, 0, 0, 0, 0, 0, 1, 1, 1, 1, 2, 3, 4, 4, 4, 5, 7, 10, 13, 16, 20, 24, 28, 33, 41, 51, 64, 79, 97, 113, 129, 151, 176, 204, 236, 272, 306, 341, 384, 433, 481, 530, 575, 619, 664, 712, 778, 855, 923, 1014, 1087, 1149, 1219, 1304, 1393, 1485, 1574, 1640, 1701, 1768, 1838, 1903, 1985, 2040, 2098, 2152, 2214, 2293, 2359, 2432, 2516, 2596, 2667, 2728, 2771, 2815, 2851, 2873, 2893, 2911, 2920, 2927, 2933]

INFO: Total Population: 2212900
INFO: R0: 2
INFO: Incubation Period: 5
INFO: Illness Period: 7
X:[0, 1, 2, 3, 4, 5, 6, 7, 8, 9, 10, 11, 12, 13, 14, 15, 16, 17, 18, 19, 20, 21, 22, 23, 24, 25, 26, 27, 28, 29, 30, 31, 32, 33, 34, 35, 36, 37, 38, 39, 40, 41, 42, 43, 44, 45, 46, 47, 48, 49, 50, 51, 52, 53, 54, 55, 56, 57, 58, 59, 60, 61, 62, 63, 64, 65, 66, 67, 68, 69, 70, 71, 72, 73, 74, 75, 76, 77, 78, 79, 80, 81, 82, 83, 84, 85, 86, 87, 88, 89, 90, 91, 92, 93, 94, 95, 96, 97, 98, 99, 100, 101, 102, 103, 104, 105, 106, 107, 108, 109, 110, 111, 112, 113, 114, 115, 116, 117, 118, 119, 120, 121, 122]
YNEW:[0, 0, 0, 0, 0, 0, 0, 0, 0, 0, 0, 0, 0, 0, 0, 0, 0, 0, 0, 0, 0, 0, 0, 0, 0, 0, 0, 0, 0, 0, 0, 0, 0, 0, 0, 0, 0, 0, 0, 0, 0, 0, 0, 0, 1, 0, 0, 0, 1, 1, 1, 0, 0, 1, 2, 3, 3, 3, 4, 4, 4, 5, 8, 10, 13, 15, 18, 16, 16, 22, 25, 28, 32, 36, 34, 35, 43, 49, 48, 49, 45, 44, 45, 48, 66, 77, 68, 91, 73, 62, 70, 85, 89, 92, 89, 66, 61, 67, 70, 66, 81, 61, 62, 52, 46, 81, 77, 67, 83, 95, 64, 55, 54, 28, 39, 28, 22, 21, 9, 4, 2, 1]
YTOT: [0, 0, 0, 0, 0, 0, 0, 0, 0, 0, 0, 0, 0, 0, 0, 0, 0, 0, 0, 0, 0, 0, 0, 0, 0, 0, 0, 0, 0, 0, 0, 0, 0, 0, 0, 0, 0, 0, 0, 0, 0, 0, 0, 0, 1, 1, 1, 1, 2, 3, 4, 4, 4, 5, 7, 10, 13, 16, 20, 24, 28, 33, 41, 51, 64, 79, 97, 113, 129, 151, 176, 204, 236, 272, 306, 341, 384, 433, 481, 530, 575, 619, 664, 712, 778, 855, 923, 1014, 1087, 1149, 1219, 1304, 1393, 1485, 1574, 1640, 1701, 1768, 1838, 1904, 1985, 2046, 2108, 2160, 2206, 2287, 2364, 2431, 2514, 2609, 2673, 2728, 2782, 2810, 2849, 2877, 2899, 2920, 2929, 2933, 2935, 2936]

INFO: Total Population: 2212900
INFO: R0: 2
INFO: Incubation Period: 5
INFO: Illness Period: 7
X:[0, 1, 2, 3, 4, 5, 6, 7, 8, 9, 10, 11, 12, 13, 14, 15, 16, 17, 18, 19, 20, 21, 22, 23, 24, 25, 26, 27, 28, 29, 30, 31, 32, 33, 34, 35, 36, 37, 38, 39, 40, 41, 42, 43, 44, 45, 46, 47, 48, 49, 50, 51, 52, 53, 54, 55, 56, 57, 58, 59, 60, 61, 62, 63, 64, 65, 66, 67, 68, 69, 70, 71, 72, 73, 74, 75, 76, 77, 78, 79, 80, 81, 82, 83, 84, 85, 86, 87, 88, 89, 90, 91, 92, 93, 94, 95, 96, 97, 98, 99, 100, 101, 102, 103, 104, 105, 106, 107, 108, 109, 110, 111, 112, 113, 114, 115, 116, 117, 118, 119, 120, 121, 122]
YNEW:[0, 0, 0, 0, 0, 0, 0, 0, 0, 0, 0, 0, 0, 0, 0, 0, 0, 0, 0, 0, 0, 0, 0, 0, 0, 0, 0, 0, 0, 0, 0, 0, 0, 0, 0, 0, 0, 0, 0, 0, 0, 0, 0, 0, 1, 0, 0, 0, 1, 1, 1, 0, 0, 1, 2, 3, 3, 3, 4, 4, 4, 5, 8, 10, 13, 15, 18, 16, 16, 22, 25, 28, 32, 36, 34, 35, 43, 49, 48, 49, 45, 44, 45, 48, 66, 77, 68, 91, 73, 62, 70, 85, 89, 92, 89, 66, 61, 67, 70, 73, 70, 58, 61, 53, 74, 64, 68, 79, 81, 89, 76, 54, 55, 38, 38, 26, 26, 12, 11, 6, 1, 1]
YTOT: [0, 0, 0, 0, 0, 0, 0, 0, 0, 0, 0, 0, 0, 0, 0, 0, 0, 0, 0, 0, 0, 0, 0, 0, 0, 0, 0, 0, 0, 0, 0, 0, 0, 0, 0, 0, 0, 0, 0, 0, 0, 0, 0, 0, 1, 1, 1, 1, 2, 3, 4, 4, 4, 5, 7, 10, 13, 16, 20, 24, 28, 33, 41, 51, 64, 79, 97, 113, 129, 151, 176, 204, 236, 272, 306, 341, 384, 433, 481, 530, 575, 619, 664, 712, 778, 855, 923, 1014, 1087, 1149, 1219, 1304, 1393, 1485, 1574, 1640, 1701, 1768, 1838, 1911, 1981, 2039, 2100, 2153, 2227, 2291, 2359, 2438, 2519, 2608, 2684, 2738, 2793, 2831, 2869, 2895, 2921, 2933, 2944, 2950, 2951, 2952]

INFO: Total Population: 2212900
INFO: R0: 2
INFO: Incubation Period: 5
INFO: Illness Period: 7
X:[0, 1, 2, 3, 4, 5, 6, 7, 8, 9, 10, 11, 12, 13, 14, 15, 16, 17, 18, 19, 20, 21, 22, 23, 24, 25, 26, 27, 28, 29, 30, 31, 32, 33, 34, 35, 36, 37, 38, 39, 40, 41, 42, 43, 44, 45, 46, 47, 48, 49, 50, 51, 52, 53, 54, 55, 56, 57, 58, 59, 60, 61, 62, 63, 64, 65, 66, 67, 68, 69, 70, 71, 72, 73, 74, 75, 76, 77, 78, 79, 80, 81, 82, 83, 84, 85, 86, 87, 88, 89, 90, 91, 92, 93, 94, 95, 96, 97, 98, 99, 100, 101, 102, 103, 104, 105, 106, 107, 108, 109, 110, 111, 112, 113, 114, 115, 116, 117, 118, 119, 120, 121, 122]
YNEW:[0, 0, 0, 0, 0, 0, 0, 0, 0, 0, 0, 0, 0, 0, 0, 0, 0, 0, 0, 0, 0, 0, 0, 0, 0, 0, 0, 0, 0, 0, 0, 0, 0, 0, 0, 0, 0, 0, 0, 0, 0, 0, 0, 0, 1, 0, 0, 0, 1, 1, 1, 0, 0, 1, 2, 3, 3, 3, 4, 4, 4, 5, 8, 10, 13, 15, 18, 16, 16, 22, 25, 28, 32, 36, 34, 35, 43, 49, 48, 49, 45, 44, 45, 48, 66, 77, 68, 91, 73, 62, 70, 85, 89, 92, 89, 66, 61, 67, 70, 71, 75, 64, 51, 40, 43, 62, 79, 95, 79, 74, 69, 52, 34, 40, 27, 29, 22, 12, 10, 5, 3, 1]
YTOT: [0, 0, 0, 0, 0, 0, 0, 0, 0, 0, 0, 0, 0, 0, 0, 0, 0, 0, 0, 0, 0, 0, 0, 0, 0, 0, 0, 0, 0, 0, 0, 0, 0, 0, 0, 0, 0, 0, 0, 0, 0, 0, 0, 0, 1, 1, 1, 1, 2, 3, 4, 4, 4, 5, 7, 10, 13, 16, 20, 24, 28, 33, 41, 51, 64, 79, 97, 113, 129, 151, 176, 204, 236, 272, 306, 341, 384, 433, 481, 530, 575, 619, 664, 712, 778, 855, 923, 1014, 1087, 1149, 1219, 1304, 1393, 1485, 1574, 1640, 1701, 1768, 1838, 1909, 1984, 2048, 2099, 2139, 2182, 2244, 2323, 2418, 2497, 2571, 2640, 2692, 2726, 2766, 2793, 2822, 2844, 2856, 2866, 2871, 2874, 2875]

INFO: Total Population: 2212900
INFO: R0: 2
INFO: Incubation Period: 5
INFO: Illness Period: 7
X:[0, 1, 2, 3, 4, 5, 6, 7, 8, 9, 10, 11, 12, 13, 14, 15, 16, 17, 18, 19, 20, 21, 22, 23, 24, 25, 26, 27, 28, 29, 30, 31, 32, 33, 34, 35, 36, 37, 38, 39, 40, 41, 42, 43, 44, 45, 46, 47, 48, 49, 50, 51, 52, 53, 54, 55, 56, 57, 58, 59, 60, 61, 62, 63, 64, 65, 66, 67, 68, 69, 70, 71, 72, 73, 74, 75, 76, 77, 78, 79, 80, 81, 82, 83, 84, 85, 86, 87, 88, 89, 90, 91, 92, 93, 94, 95, 96, 97, 98, 99, 100, 101, 102, 103, 104, 105, 106, 107, 108, 109, 110, 111, 112, 113, 114, 115, 116, 117, 118, 119, 120, 121, 122]
YNEW:[0, 0, 0, 0, 0, 0, 0, 0, 0, 0, 0, 0, 0, 0, 0, 0, 0, 0, 0, 0, 0, 0, 0, 0, 0, 0, 0, 0, 0, 0, 0, 0, 0, 0, 0, 0, 0, 0, 0, 0, 0, 0, 0, 0, 1, 0, 0, 0, 1, 1, 1, 0, 0, 1, 2, 3, 3, 3, 4, 4, 4, 5, 8, 10, 13, 15, 18, 16, 16, 22, 25, 28, 32, 36, 34, 35, 43, 49, 48, 49, 45, 44, 45, 48, 66, 77, 68, 91, 73, 62, 70, 85, 89, 92, 89, 66, 61, 67, 70, 75, 74, 70, 67, 48, 42, 68, 81, 89, 89, 77, 74, 50, 45, 53, 29, 36, 17, 17, 5, 6, 1, 1]
YTOT: [0, 0, 0, 0, 0, 0, 0, 0, 0, 0, 0, 0, 0, 0, 0, 0, 0, 0, 0, 0, 0, 0, 0, 0, 0, 0, 0, 0, 0, 0, 0, 0, 0, 0, 0, 0, 0, 0, 0, 0, 0, 0, 0, 0, 1, 1, 1, 1, 2, 3, 4, 4, 4, 5, 7, 10, 13, 16, 20, 24, 28, 33, 41, 51, 64, 79, 97, 113, 129, 151, 176, 204, 236, 272, 306, 341, 384, 433, 481, 530, 575, 619, 664, 712, 778, 855, 923, 1014, 1087, 1149, 1219, 1304, 1393, 1485, 1574, 1640, 1701, 1768, 1838, 1913, 1987, 2057, 2124, 2172, 2214, 2282, 2363, 2452, 2541, 2618, 2692, 2742, 2787, 2840, 2869, 2905, 2922, 2939, 2944, 2950, 2951, 2952]

INFO: Total Population: 2212900
INFO: R0: 2
INFO: Incubation Period: 5
INFO: Illness Period: 7
X:[0, 1, 2, 3, 4, 5, 6, 7, 8, 9, 10, 11, 12, 13, 14, 15, 16, 17, 18, 19, 20, 21, 22, 23, 24, 25, 26, 27, 28, 29, 30, 31, 32, 33, 34, 35, 36, 37, 38, 39, 40, 41, 42, 43, 44, 45, 46, 47, 48, 49, 50, 51, 52, 53, 54, 55, 56, 57, 58, 59, 60, 61, 62, 63, 64, 65, 66, 67, 68, 69, 70, 71, 72, 73, 74, 75, 76, 77, 78, 79, 80, 81, 82, 83, 84, 85, 86, 87, 88, 89, 90, 91, 92, 93, 94, 95, 96, 97, 98, 99, 100, 101, 102, 103, 104, 105, 106, 107, 108, 109, 110, 111, 112, 113, 114, 115, 116, 117, 118, 119, 120, 121]
YNEW:[0, 0, 0, 0, 0, 0, 0, 0, 0, 0, 0, 0, 0, 0, 0, 0, 0, 0, 0, 0, 0, 0, 0, 0, 0, 0, 0, 0, 0, 0, 0, 0, 0, 0, 0, 0, 0, 0, 0, 0, 0, 0, 0, 0, 1, 0, 0, 0, 1, 1, 1, 0, 0, 1, 2, 3, 3, 3, 4, 4, 4, 5, 8, 10, 13, 15, 18, 16, 16, 22, 25, 28, 32, 36, 34, 35, 43, 49, 48, 49, 45, 44, 45, 48, 66, 77, 68, 91, 73, 62, 70, 85, 89, 92, 89, 66, 61, 67, 70, 63, 81, 55, 66, 55, 63, 69, 77, 70, 78, 91, 68, 54, 48, 41, 45, 43, 19, 17, 9, 10, 4]
YTOT: [0, 0, 0, 0, 0, 0, 0, 0, 0, 0, 0, 0, 0, 0, 0, 0, 0, 0, 0, 0, 0, 0, 0, 0, 0, 0, 0, 0, 0, 0, 0, 0, 0, 0, 0, 0, 0, 0, 0, 0, 0, 0, 0, 0, 1, 1, 1, 1, 2, 3, 4, 4, 4, 5, 7, 10, 13, 16, 20, 24, 28, 33, 41, 51, 64, 79, 97, 113, 129, 151, 176, 204, 236, 272, 306, 341, 384, 433, 481, 530, 575, 619, 664, 712, 778, 855, 923, 1014, 1087, 1149, 1219, 1304, 1393, 1485, 1574, 1640, 1701, 1768, 1838, 1901, 1982, 2037, 2103, 2158, 2221, 2290, 2367, 2437, 2515, 2606, 2674, 2728, 2776, 2817, 2862, 2905, 2924, 2941, 2950, 2960, 2964]

INFO: Total Population: 2212900
INFO: R0: 2
INFO: Incubation Period: 5
INFO: Illness Period: 7
X:[0, 1, 2, 3, 4, 5, 6, 7, 8, 9, 10, 11, 12, 13, 14, 15, 16, 17, 18, 19, 20, 21, 22, 23, 24, 25, 26, 27, 28, 29, 30, 31, 32, 33, 34, 35, 36, 37, 38, 39, 40, 41, 42, 43, 44, 45, 46, 47, 48, 49, 50, 51, 52, 53, 54, 55, 56, 57, 58, 59, 60, 61, 62, 63, 64, 65, 66, 67, 68, 69, 70, 71, 72, 73, 74, 75, 76, 77, 78, 79, 80, 81, 82, 83, 84, 85, 86, 87, 88, 89, 90, 91, 92, 93, 94, 95, 96, 97, 98, 99, 100, 101, 102, 103, 104, 105, 106, 107, 108, 109, 110, 111, 112, 113, 114, 115, 116, 117, 118, 119, 120, 121]
YNEW:[0, 0, 0, 0, 0, 0, 0, 0, 0, 0, 0, 0, 0, 0, 0, 0, 0, 0, 0, 0, 0, 0, 0, 0, 0, 0, 0, 0, 0, 0, 0, 0, 0, 0, 0, 0, 0, 0, 0, 0, 0, 0, 0, 0, 1, 0, 0, 0, 1, 1, 1, 0, 0, 1, 2, 3, 3, 3, 4, 4, 4, 5, 8, 10, 13, 15, 18, 16, 16, 22, 25, 28, 32, 36, 34, 35, 43, 49, 48, 49, 45, 44, 45, 48, 66, 77, 68, 91, 73, 62, 70, 85, 89, 92, 89, 66, 61, 67, 70, 76, 60, 53, 64, 61, 57, 64, 83, 70, 71, 95, 74, 58, 59, 39, 47, 28, 29, 13, 6, 2, 2]
YTOT: [0, 0, 0, 0, 0, 0, 0, 0, 0, 0, 0, 0, 0, 0, 0, 0, 0, 0, 0, 0, 0, 0, 0, 0, 0, 0, 0, 0, 0, 0, 0, 0, 0, 0, 0, 0, 0, 0, 0, 0, 0, 0, 0, 0, 1, 1, 1, 1, 2, 3, 4, 4, 4, 5, 7, 10, 13, 16, 20, 24, 28, 33, 41, 51, 64, 79, 97, 113, 129, 151, 176, 204, 236, 272, 306, 341, 384, 433, 481, 530, 575, 619, 664, 712, 778, 855, 923, 1014, 1087, 1149, 1219, 1304, 1393, 1485, 1574, 1640, 1701, 1768, 1838, 1914, 1974, 2027, 2091, 2152, 2209, 2273, 2356, 2426, 2497, 2592, 2666, 2724, 2783, 2822, 2869, 2897, 2926, 2939, 2945, 2947, 2949]

INFO: Total Population: 2212900
INFO: R0: 2
INFO: Incubation Period: 5
INFO: Illness Period: 7
X:[0, 1, 2, 3, 4, 5, 6, 7, 8, 9, 10, 11, 12, 13, 14, 15, 16, 17, 18, 19, 20, 21, 22, 23, 24, 25, 26, 27, 28, 29, 30, 31, 32, 33, 34, 35, 36, 37, 38, 39, 40, 41, 42, 43, 44, 45, 46, 47, 48, 49, 50, 51, 52, 53, 54, 55, 56, 57, 58, 59, 60, 61, 62, 63, 64, 65, 66, 67, 68, 69, 70, 71, 72, 73, 74, 75, 76, 77, 78, 79, 80, 81, 82, 83, 84, 85, 86, 87, 88, 89, 90, 91, 92, 93, 94, 95, 96, 97, 98, 99, 100, 101, 102, 103, 104, 105, 106, 107, 108, 109, 110, 111, 112, 113, 114, 115, 116, 117, 118, 119, 120, 121, 122]
YNEW:[0, 0, 0, 0, 0, 0, 0, 0, 0, 0, 0, 0, 0, 0, 0, 0, 0, 0, 0, 0, 0, 0, 0, 0, 0, 0, 0, 0, 0, 0, 0, 0, 0, 0, 0, 0, 0, 0, 0, 0, 0, 0, 0, 0, 1, 0, 0, 0, 1, 1, 1, 0, 0, 1, 2, 3, 3, 3, 4, 4, 4, 5, 8, 10, 13, 15, 18, 16, 16, 22, 25, 28, 32, 36, 34, 35, 43, 49, 48, 49, 45, 44, 45, 48, 66, 77, 68, 91, 73, 62, 70, 85, 89, 92, 89, 66, 61, 67, 70, 63, 70, 61, 57, 62, 45, 75, 73, 87, 88, 84, 62, 55, 47, 34, 34, 35, 18, 14, 11, 7, 1, 1]
YTOT: [0, 0, 0, 0, 0, 0, 0, 0, 0, 0, 0, 0, 0, 0, 0, 0, 0, 0, 0, 0, 0, 0, 0, 0, 0, 0, 0, 0, 0, 0, 0, 0, 0, 0, 0, 0, 0, 0, 0, 0, 0, 0, 0, 0, 1, 1, 1, 1, 2, 3, 4, 4, 4, 5, 7, 10, 13, 16, 20, 24, 28, 33, 41, 51, 64, 79, 97, 113, 129, 151, 176, 204, 236, 272, 306, 341, 384, 433, 481, 530, 575, 619, 664, 712, 778, 855, 923, 1014, 1087, 1149, 1219, 1304, 1393, 1485, 1574, 1640, 1701, 1768, 1838, 1901, 1971, 2032, 2089, 2151, 2196, 2271, 2344, 2431, 2519, 2603, 2665, 2720, 2767, 2801, 2835, 2870, 2888, 2902, 2913, 2920, 2921, 2922]

INFO: Total Population: 2212900
INFO: R0: 2
INFO: Incubation Period: 5
INFO: Illness Period: 7
X:[0, 1, 2, 3, 4, 5, 6, 7, 8, 9, 10, 11, 12, 13, 14, 15, 16, 17, 18, 19, 20, 21, 22, 23, 24, 25, 26, 27, 28, 29, 30, 31, 32, 33, 34, 35, 36, 37, 38, 39, 40, 41, 42, 43, 44, 45, 46, 47, 48, 49, 50, 51, 52, 53, 54, 55, 56, 57, 58, 59, 60, 61, 62, 63, 64, 65, 66, 67, 68, 69, 70, 71, 72, 73, 74, 75, 76, 77, 78, 79, 80, 81, 82, 83, 84, 85, 86, 87, 88, 89, 90, 91, 92, 93, 94, 95, 96, 97, 98, 99, 100, 101, 102, 103, 104, 105, 106, 107, 108, 109, 110, 111, 112, 113, 114, 115, 116, 117, 118, 119, 120, 121]
YNEW:[0, 0, 0, 0, 0, 0, 0, 0, 0, 0, 0, 0, 0, 0, 0, 0, 0, 0, 0, 0, 0, 0, 0, 0, 0, 0, 0, 0, 0, 0, 0, 0, 0, 0, 0, 0, 0, 0, 0, 0, 0, 0, 0, 0, 1, 0, 0, 0, 1, 1, 1, 0, 0, 1, 2, 3, 3, 3, 4, 4, 4, 5, 8, 10, 13, 15, 18, 16, 16, 22, 25, 28, 32, 36, 34, 35, 43, 49, 48, 49, 45, 44, 45, 48, 66, 77, 68, 91, 73, 62, 70, 85, 89, 92, 89, 66, 61, 67, 70, 68, 64, 63, 59, 47, 47, 72, 80, 72, 78, 70, 62, 59, 39, 32, 35, 30, 27, 19, 6, 3, 4]
YTOT: [0, 0, 0, 0, 0, 0, 0, 0, 0, 0, 0, 0, 0, 0, 0, 0, 0, 0, 0, 0, 0, 0, 0, 0, 0, 0, 0, 0, 0, 0, 0, 0, 0, 0, 0, 0, 0, 0, 0, 0, 0, 0, 0, 0, 1, 1, 1, 1, 2, 3, 4, 4, 4, 5, 7, 10, 13, 16, 20, 24, 28, 33, 41, 51, 64, 79, 97, 113, 129, 151, 176, 204, 236, 272, 306, 341, 384, 433, 481, 530, 575, 619, 664, 712, 778, 855, 923, 1014, 1087, 1149, 1219, 1304, 1393, 1485, 1574, 1640, 1701, 1768, 1838, 1906, 1970, 2033, 2092, 2139, 2186, 2258, 2338, 2410, 2488, 2558, 2620, 2679, 2718, 2750, 2785, 2815, 2842, 2861, 2867, 2870, 2874]

INFO: Total Population: 2212900
INFO: R0: 2
INFO: Incubation Period: 5
INFO: Illness Period: 7
X:[0, 1, 2, 3, 4, 5, 6, 7, 8, 9, 10, 11, 12, 13, 14, 15, 16, 17, 18, 19, 20, 21, 22, 23, 24, 25, 26, 27, 28, 29, 30, 31, 32, 33, 34, 35, 36, 37, 38, 39, 40, 41, 42, 43, 44, 45, 46, 47, 48, 49, 50, 51, 52, 53, 54, 55, 56, 57, 58, 59, 60, 61, 62, 63, 64, 65, 66, 67, 68, 69, 70, 71, 72, 73, 74, 75, 76, 77, 78, 79, 80, 81, 82, 83, 84, 85, 86, 87, 88, 89, 90, 91, 92, 93, 94, 95, 96, 97, 98, 99, 100, 101, 102, 103, 104, 105, 106, 107, 108, 109, 110, 111, 112, 113, 114, 115, 116, 117, 118, 119, 120, 121, 122]
YNEW:[0, 0, 0, 0, 0, 0, 0, 0, 0, 0, 0, 0, 0, 0, 0, 0, 0, 0, 0, 0, 0, 0, 0, 0, 0, 0, 0, 0, 0, 0, 0, 0, 0, 0, 0, 0, 0, 0, 0, 0, 0, 0, 0, 0, 1, 0, 0, 0, 1, 1, 1, 0, 0, 1, 2, 3, 3, 3, 4, 4, 4, 5, 8, 10, 13, 15, 18, 16, 16, 22, 25, 28, 32, 36, 34, 35, 43, 49, 48, 49, 45, 44, 45, 48, 66, 77, 68, 91, 73, 62, 70, 85, 89, 92, 89, 66, 61, 67, 70, 59, 76, 66, 48, 55, 42, 82, 80, 75, 83, 67, 70, 54, 47, 35, 25, 20, 19, 20, 6, 3, 3, 2]
YTOT: [0, 0, 0, 0, 0, 0, 0, 0, 0, 0, 0, 0, 0, 0, 0, 0, 0, 0, 0, 0, 0, 0, 0, 0, 0, 0, 0, 0, 0, 0, 0, 0, 0, 0, 0, 0, 0, 0, 0, 0, 0, 0, 0, 0, 1, 1, 1, 1, 2, 3, 4, 4, 4, 5, 7, 10, 13, 16, 20, 24, 28, 33, 41, 51, 64, 79, 97, 113, 129, 151, 176, 204, 236, 272, 306, 341, 384, 433, 481, 530, 575, 619, 664, 712, 778, 855, 923, 1014, 1087, 1149, 1219, 1304, 1393, 1485, 1574, 1640, 1701, 1768, 1838, 1897, 1973, 2039, 2087, 2142, 2184, 2266, 2346, 2421, 2504, 2571, 2641, 2695, 2742, 2777, 2802, 2822, 2841, 2861, 2867, 2870, 2873, 2875]

INFO: Total Population: 2212900
INFO: R0: 2
INFO: Incubation Period: 5
INFO: Illness Period: 7
X:[0, 1, 2, 3, 4, 5, 6, 7, 8, 9, 10, 11, 12, 13, 14, 15, 16, 17, 18, 19, 20, 21, 22, 23, 24, 25, 26, 27, 28, 29, 30, 31, 32, 33, 34, 35, 36, 37, 38, 39, 40, 41, 42, 43, 44, 45, 46, 47, 48, 49, 50, 51, 52, 53, 54, 55, 56, 57, 58, 59, 60, 61, 62, 63, 64, 65, 66, 67, 68, 69, 70, 71, 72, 73, 74, 75, 76, 77, 78, 79, 80, 81, 82, 83, 84, 85, 86, 87, 88, 89, 90, 91, 92, 93, 94, 95, 96, 97, 98, 99, 100, 101, 102, 103, 104, 105, 106, 107, 108, 109, 110, 111, 112, 113, 114, 115, 116, 117, 118, 119, 120, 121]
YNEW:[0, 0, 0, 0, 0, 0, 0, 0, 0, 0, 0, 0, 0, 0, 0, 0, 0, 0, 0, 0, 0, 0, 0, 0, 0, 0, 0, 0, 0, 0, 0, 0, 0, 0, 0, 0, 0, 0, 0, 0, 0, 0, 0, 0, 1, 0, 0, 0, 1, 1, 1, 0, 0, 1, 2, 3, 3, 3, 4, 4, 4, 5, 8, 10, 13, 15, 18, 16, 16, 22, 25, 28, 32, 36, 34, 35, 43, 49, 48, 49, 45, 44, 45, 48, 66, 77, 68, 91, 73, 62, 70, 85, 89, 92, 89, 66, 61, 67, 70, 68, 70, 54, 59, 50, 74, 64, 74, 71, 86, 87, 71, 49, 47, 56, 41, 21, 14, 10, 14, 8, 3]
YTOT: [0, 0, 0, 0, 0, 0, 0, 0, 0, 0, 0, 0, 0, 0, 0, 0, 0, 0, 0, 0, 0, 0, 0, 0, 0, 0, 0, 0, 0, 0, 0, 0, 0, 0, 0, 0, 0, 0, 0, 0, 0, 0, 0, 0, 1, 1, 1, 1, 2, 3, 4, 4, 4, 5, 7, 10, 13, 16, 20, 24, 28, 33, 41, 51, 64, 79, 97, 113, 129, 151, 176, 204, 236, 272, 306, 341, 384, 433, 481, 530, 575, 619, 664, 712, 778, 855, 923, 1014, 1087, 1149, 1219, 1304, 1393, 1485, 1574, 1640, 1701, 1768, 1838, 1906, 1976, 2030, 2089, 2139, 2213, 2277, 2351, 2422, 2508, 2595, 2666, 2715, 2762, 2818, 2859, 2880, 2894, 2904, 2918, 2926, 2929]

INFO: Total Population: 2212900
INFO: R0: 2
INFO: Incubation Period: 5
INFO: Illness Period: 7
X:[0, 1, 2, 3, 4, 5, 6, 7, 8, 9, 10, 11, 12, 13, 14, 15, 16, 17, 18, 19, 20, 21, 22, 23, 24, 25, 26, 27, 28, 29, 30, 31, 32, 33, 34, 35, 36, 37, 38, 39, 40, 41, 42, 43, 44, 45, 46, 47, 48, 49, 50, 51, 52, 53, 54, 55, 56, 57, 58, 59, 60, 61, 62, 63, 64, 65, 66, 67, 68, 69, 70, 71, 72, 73, 74, 75, 76, 77, 78, 79, 80, 81, 82, 83, 84, 85, 86, 87, 88, 89, 90, 91, 92, 93, 94, 95, 96, 97, 98, 99, 100, 101, 102, 103, 104, 105, 106, 107, 108, 109, 110, 111, 112, 113, 114, 115, 116, 117, 118, 119, 120]
YNEW:[0, 0, 0, 0, 0, 0, 0, 0, 0, 0, 0, 0, 0, 0, 0, 0, 0, 0, 0, 0, 0, 0, 0, 0, 0, 0, 0, 0, 0, 0, 0, 0, 0, 0, 0, 0, 0, 0, 0, 0, 0, 0, 0, 0, 1, 0, 0, 0, 1, 1, 1, 0, 0, 1, 2, 3, 3, 3, 4, 4, 4, 5, 8, 10, 13, 15, 18, 16, 16, 22, 25, 28, 32, 36, 34, 35, 43, 49, 48, 49, 45, 44, 45, 48, 66, 77, 68, 91, 73, 62, 70, 85, 89, 92, 89, 66, 61, 67, 70, 70, 59, 78, 57, 39, 73, 69, 79, 85, 64, 71, 68, 59, 40, 49, 34, 36, 20, 15, 12, 4]
YTOT: [0, 0, 0, 0, 0, 0, 0, 0, 0, 0, 0, 0, 0, 0, 0, 0, 0, 0, 0, 0, 0, 0, 0, 0, 0, 0, 0, 0, 0, 0, 0, 0, 0, 0, 0, 0, 0, 0, 0, 0, 0, 0, 0, 0, 1, 1, 1, 1, 2, 3, 4, 4, 4, 5, 7, 10, 13, 16, 20, 24, 28, 33, 41, 51, 64, 79, 97, 113, 129, 151, 176, 204, 236, 272, 306, 341, 384, 433, 481, 530, 575, 619, 664, 712, 778, 855, 923, 1014, 1087, 1149, 1219, 1304, 1393, 1485, 1574, 1640, 1701, 1768, 1838, 1908, 1967, 2045, 2102, 2141, 2214, 2283, 2362, 2447, 2511, 2582, 2650, 2709, 2749, 2798, 2832, 2868, 2888, 2903, 2915, 2919]

INFO: Total Population: 2212900
INFO: R0: 2
INFO: Incubation Period: 5
INFO: Illness Period: 7
X:[0, 1, 2, 3, 4, 5, 6, 7, 8, 9, 10, 11, 12, 13, 14, 15, 16, 17, 18, 19, 20, 21, 22, 23, 24, 25, 26, 27, 28, 29, 30, 31, 32, 33, 34, 35, 36, 37, 38, 39, 40, 41, 42, 43, 44, 45, 46, 47, 48, 49, 50, 51, 52, 53, 54, 55, 56, 57, 58, 59, 60, 61, 62, 63, 64, 65, 66, 67, 68, 69, 70, 71, 72, 73, 74, 75, 76, 77, 78, 79, 80, 81, 82, 83, 84, 85, 86, 87, 88, 89, 90, 91, 92, 93, 94, 95, 96, 97, 98, 99, 100, 101, 102, 103, 104, 105, 106, 107, 108, 109, 110, 111, 112, 113, 114, 115, 116, 117, 118, 119, 120, 121, 122]
YNEW:[0, 0, 0, 0, 0, 0, 0, 0, 0, 0, 0, 0, 0, 0, 0, 0, 0, 0, 0, 0, 0, 0, 0, 0, 0, 0, 0, 0, 0, 0, 0, 0, 0, 0, 0, 0, 0, 0, 0, 0, 0, 0, 0, 0, 1, 0, 0, 0, 1, 1, 1, 0, 0, 1, 2, 3, 3, 3, 4, 4, 4, 5, 8, 10, 13, 15, 18, 16, 16, 22, 25, 28, 32, 36, 34, 35, 43, 49, 48, 49, 45, 44, 45, 48, 66, 77, 68, 91, 73, 62, 70, 85, 89, 92, 89, 66, 61, 67, 70, 66, 71, 68, 37, 55, 39, 82, 81, 78, 75, 75, 66, 45, 34, 40, 39, 22, 21, 16, 7, 7, 2, 1]
YTOT: [0, 0, 0, 0, 0, 0, 0, 0, 0, 0, 0, 0, 0, 0, 0, 0, 0, 0, 0, 0, 0, 0, 0, 0, 0, 0, 0, 0, 0, 0, 0, 0, 0, 0, 0, 0, 0, 0, 0, 0, 0, 0, 0, 0, 1, 1, 1, 1, 2, 3, 4, 4, 4, 5, 7, 10, 13, 16, 20, 24, 28, 33, 41, 51, 64, 79, 97, 113, 129, 151, 176, 204, 236, 272, 306, 341, 384, 433, 481, 530, 575, 619, 664, 712, 778, 855, 923, 1014, 1087, 1149, 1219, 1304, 1393, 1485, 1574, 1640, 1701, 1768, 1838, 1904, 1975, 2043, 2080, 2135, 2174, 2256, 2337, 2415, 2490, 2565, 2631, 2676, 2710, 2750, 2789, 2811, 2832, 2848, 2855, 2862, 2864, 2865]

INFO: Total Population: 2212900
INFO: R0: 2
INFO: Incubation Period: 5
INFO: Illness Period: 7
X:[0, 1, 2, 3, 4, 5, 6, 7, 8, 9, 10, 11, 12, 13, 14, 15, 16, 17, 18, 19, 20, 21, 22, 23, 24, 25, 26, 27, 28, 29, 30, 31, 32, 33, 34, 35, 36, 37, 38, 39, 40, 41, 42, 43, 44, 45, 46, 47, 48, 49, 50, 51, 52, 53, 54, 55, 56, 57, 58, 59, 60, 61, 62, 63, 64, 65, 66, 67, 68, 69, 70, 71, 72, 73, 74, 75, 76, 77, 78, 79, 80, 81, 82, 83, 84, 85, 86, 87, 88, 89, 90, 91, 92, 93, 94, 95, 96, 97, 98, 99, 100, 101, 102, 103, 104, 105, 106, 107, 108, 109, 110, 111, 112, 113, 114, 115, 116, 117, 118, 119, 120, 121, 122]
YNEW:[0, 0, 0, 0, 0, 0, 0, 0, 0, 0, 0, 0, 0, 0, 0, 0, 0, 0, 0, 0, 0, 0, 0, 0, 0, 0, 0, 0, 0, 0, 0, 0, 0, 0, 0, 0, 0, 0, 0, 0, 0, 0, 0, 0, 1, 0, 0, 0, 1, 1, 1, 0, 0, 1, 2, 3, 3, 3, 4, 4, 4, 5, 8, 10, 13, 15, 18, 16, 16, 22, 25, 28, 32, 36, 34, 35, 43, 49, 48, 49, 45, 44, 45, 48, 66, 77, 68, 91, 73, 62, 70, 85, 89, 92, 89, 66, 61, 67, 70, 76, 69, 55, 55, 46, 42, 67, 94, 77, 76, 66, 73, 45, 44, 43, 23, 32, 18, 7, 6, 5, 1, 1]
YTOT: [0, 0, 0, 0, 0, 0, 0, 0, 0, 0, 0, 0, 0, 0, 0, 0, 0, 0, 0, 0, 0, 0, 0, 0, 0, 0, 0, 0, 0, 0, 0, 0, 0, 0, 0, 0, 0, 0, 0, 0, 0, 0, 0, 0, 1, 1, 1, 1, 2, 3, 4, 4, 4, 5, 7, 10, 13, 16, 20, 24, 28, 33, 41, 51, 64, 79, 97, 113, 129, 151, 176, 204, 236, 272, 306, 341, 384, 433, 481, 530, 575, 619, 664, 712, 778, 855, 923, 1014, 1087, 1149, 1219, 1304, 1393, 1485, 1574, 1640, 1701, 1768, 1838, 1914, 1983, 2038, 2093, 2139, 2181, 2248, 2342, 2419, 2495, 2561, 2634, 2679, 2723, 2766, 2789, 2821, 2839, 2846, 2852, 2857, 2858, 2859]

INFO: Total Population: 2212900
INFO: R0: 2
INFO: Incubation Period: 5
INFO: Illness Period: 7
X:[0, 1, 2, 3, 4, 5, 6, 7, 8, 9, 10, 11, 12, 13, 14, 15, 16, 17, 18, 19, 20, 21, 22, 23, 24, 25, 26, 27, 28, 29, 30, 31, 32, 33, 34, 35, 36, 37, 38, 39, 40, 41, 42, 43, 44, 45, 46, 47, 48, 49, 50, 51, 52, 53, 54, 55, 56, 57, 58, 59, 60, 61, 62, 63, 64, 65, 66, 67, 68, 69, 70, 71, 72, 73, 74, 75, 76, 77, 78, 79, 80, 81, 82, 83, 84, 85, 86, 87, 88, 89, 90, 91, 92, 93, 94, 95, 96, 97, 98, 99, 100, 101, 102, 103, 104, 105, 106, 107, 108, 109, 110, 111, 112, 113, 114, 115, 116, 117, 118, 119, 120, 121]
YNEW:[0, 0, 0, 0, 0, 0, 0, 0, 0, 0, 0, 0, 0, 0, 0, 0, 0, 0, 0, 0, 0, 0, 0, 0, 0, 0, 0, 0, 0, 0, 0, 0, 0, 0, 0, 0, 0, 0, 0, 0, 0, 0, 0, 0, 1, 0, 0, 0, 1, 1, 1, 0, 0, 1, 2, 3, 3, 3, 4, 4, 4, 5, 8, 10, 13, 15, 18, 16, 16, 22, 25, 28, 32, 36, 34, 35, 43, 49, 48, 49, 45, 44, 45, 48, 66, 77, 68, 91, 73, 62, 70, 85, 89, 92, 89, 66, 61, 67, 70, 51, 71, 66, 63, 55, 64, 68, 79, 73, 80, 94, 58, 45, 54, 39, 34, 25, 18, 19, 7, 5, 5]
YTOT: [0, 0, 0, 0, 0, 0, 0, 0, 0, 0, 0, 0, 0, 0, 0, 0, 0, 0, 0, 0, 0, 0, 0, 0, 0, 0, 0, 0, 0, 0, 0, 0, 0, 0, 0, 0, 0, 0, 0, 0, 0, 0, 0, 0, 1, 1, 1, 1, 2, 3, 4, 4, 4, 5, 7, 10, 13, 16, 20, 24, 28, 33, 41, 51, 64, 79, 97, 113, 129, 151, 176, 204, 236, 272, 306, 341, 384, 433, 481, 530, 575, 619, 664, 712, 778, 855, 923, 1014, 1087, 1149, 1219, 1304, 1393, 1485, 1574, 1640, 1701, 1768, 1838, 1889, 1960, 2026, 2089, 2144, 2208, 2276, 2355, 2428, 2508, 2602, 2660, 2705, 2759, 2798, 2832, 2857, 2875, 2894, 2901, 2906, 2911]

INFO: Total Population: 2212900
INFO: R0: 2
INFO: Incubation Period: 5
INFO: Illness Period: 7
X:[0, 1, 2, 3, 4, 5, 6, 7, 8, 9, 10, 11, 12, 13, 14, 15, 16, 17, 18, 19, 20, 21, 22, 23, 24, 25, 26, 27, 28, 29, 30, 31, 32, 33, 34, 35, 36, 37, 38, 39, 40, 41, 42, 43, 44, 45, 46, 47, 48, 49, 50, 51, 52, 53, 54, 55, 56, 57, 58, 59, 60, 61, 62, 63, 64, 65, 66, 67, 68, 69, 70, 71, 72, 73, 74, 75, 76, 77, 78, 79, 80, 81, 82, 83, 84, 85, 86, 87, 88, 89, 90, 91, 92, 93, 94, 95, 96, 97, 98, 99, 100, 101, 102, 103, 104, 105, 106, 107, 108, 109, 110, 111, 112, 113, 114, 115, 116, 117, 118, 119, 120, 121]
YNEW:[0, 0, 0, 0, 0, 0, 0, 0, 0, 0, 0, 0, 0, 0, 0, 0, 0, 0, 0, 0, 0, 0, 0, 0, 0, 0, 0, 0, 0, 0, 0, 0, 0, 0, 0, 0, 0, 0, 0, 0, 0, 0, 0, 0, 1, 0, 0, 0, 1, 1, 1, 0, 0, 1, 2, 3, 3, 3, 4, 4, 4, 5, 8, 10, 13, 15, 18, 16, 16, 22, 25, 28, 32, 36, 34, 35, 43, 49, 48, 49, 45, 44, 45, 48, 66, 77, 68, 91, 73, 62, 70, 85, 89, 92, 89, 66, 61, 67, 70, 70, 59, 55, 60, 53, 47, 69, 68, 82, 75, 85, 66, 52, 52, 38, 40, 30, 12, 13, 5, 2, 3]
YTOT: [0, 0, 0, 0, 0, 0, 0, 0, 0, 0, 0, 0, 0, 0, 0, 0, 0, 0, 0, 0, 0, 0, 0, 0, 0, 0, 0, 0, 0, 0, 0, 0, 0, 0, 0, 0, 0, 0, 0, 0, 0, 0, 0, 0, 1, 1, 1, 1, 2, 3, 4, 4, 4, 5, 7, 10, 13, 16, 20, 24, 28, 33, 41, 51, 64, 79, 97, 113, 129, 151, 176, 204, 236, 272, 306, 341, 384, 433, 481, 530, 575, 619, 664, 712, 778, 855, 923, 1014, 1087, 1149, 1219, 1304, 1393, 1485, 1574, 1640, 1701, 1768, 1838, 1908, 1967, 2022, 2082, 2135, 2182, 2251, 2319, 2401, 2476, 2561, 2627, 2679, 2731, 2769, 2809, 2839, 2851, 2864, 2869, 2871, 2874]

INFO: Total Population: 2212900
INFO: R0: 2
INFO: Incubation Period: 5
INFO: Illness Period: 7
X:[0, 1, 2, 3, 4, 5, 6, 7, 8, 9, 10, 11, 12, 13, 14, 15, 16, 17, 18, 19, 20, 21, 22, 23, 24, 25, 26, 27, 28, 29, 30, 31, 32, 33, 34, 35, 36, 37, 38, 39, 40, 41, 42, 43, 44, 45, 46, 47, 48, 49, 50, 51, 52, 53, 54, 55, 56, 57, 58, 59, 60, 61, 62, 63, 64, 65, 66, 67, 68, 69, 70, 71, 72, 73, 74, 75, 76, 77, 78, 79, 80, 81, 82, 83, 84, 85, 86, 87, 88, 89, 90, 91, 92, 93, 94, 95, 96, 97, 98, 99, 100, 101, 102, 103, 104, 105, 106, 107, 108, 109, 110, 111, 112, 113, 114, 115, 116, 117, 118, 119, 120, 121]
YNEW:[0, 0, 0, 0, 0, 0, 0, 0, 0, 0, 0, 0, 0, 0, 0, 0, 0, 0, 0, 0, 0, 0, 0, 0, 0, 0, 0, 0, 0, 0, 0, 0, 0, 0, 0, 0, 0, 0, 0, 0, 0, 0, 0, 0, 1, 0, 0, 0, 1, 1, 1, 0, 0, 1, 2, 3, 3, 3, 4, 4, 4, 5, 8, 10, 13, 15, 18, 16, 16, 22, 25, 28, 32, 36, 34, 35, 43, 49, 48, 49, 45, 44, 45, 48, 66, 77, 68, 91, 73, 62, 70, 85, 89, 92, 89, 66, 61, 67, 70, 71, 61, 58, 64, 49, 67, 55, 69, 91, 73, 76, 64, 66, 57, 29, 29, 31, 26, 14, 16, 7, 1]
YTOT: [0, 0, 0, 0, 0, 0, 0, 0, 0, 0, 0, 0, 0, 0, 0, 0, 0, 0, 0, 0, 0, 0, 0, 0, 0, 0, 0, 0, 0, 0, 0, 0, 0, 0, 0, 0, 0, 0, 0, 0, 0, 0, 0, 0, 1, 1, 1, 1, 2, 3, 4, 4, 4, 5, 7, 10, 13, 16, 20, 24, 28, 33, 41, 51, 64, 79, 97, 113, 129, 151, 176, 204, 236, 272, 306, 341, 384, 433, 481, 530, 575, 619, 664, 712, 778, 855, 923, 1014, 1087, 1149, 1219, 1304, 1393, 1485, 1574, 1640, 1701, 1768, 1838, 1909, 1970, 2028, 2092, 2141, 2208, 2263, 2332, 2423, 2496, 2572, 2636, 2702, 2759, 2788, 2817, 2848, 2874, 2888, 2904, 2911, 2912]

INFO: Total Population: 2212900
INFO: R0: 2
INFO: Incubation Period: 5
INFO: Illness Period: 7
X:[0, 1, 2, 3, 4, 5, 6, 7, 8, 9, 10, 11, 12, 13, 14, 15, 16, 17, 18, 19, 20, 21, 22, 23, 24, 25, 26, 27, 28, 29, 30, 31, 32, 33, 34, 35, 36, 37, 38, 39, 40, 41, 42, 43, 44, 45, 46, 47, 48, 49, 50, 51, 52, 53, 54, 55, 56, 57, 58, 59, 60, 61, 62, 63, 64, 65, 66, 67, 68, 69, 70, 71, 72, 73, 74, 75, 76, 77, 78, 79, 80, 81, 82, 83, 84, 85, 86, 87, 88, 89, 90, 91, 92, 93, 94, 95, 96, 97, 98, 99, 100, 101, 102, 103, 104, 105, 106, 107, 108, 109, 110, 111, 112, 113, 114, 115, 116, 117, 118, 119, 120]
YNEW:[0, 0, 0, 0, 0, 0, 0, 0, 0, 0, 0, 0, 0, 0, 0, 0, 0, 0, 0, 0, 0, 0, 0, 0, 0, 0, 0, 0, 0, 0, 0, 0, 0, 0, 0, 0, 0, 0, 0, 0, 0, 0, 0, 0, 1, 0, 0, 0, 1, 1, 1, 0, 0, 1, 2, 3, 3, 3, 4, 4, 4, 5, 8, 10, 13, 15, 18, 16, 16, 22, 25, 28, 32, 36, 34, 35, 43, 49, 48, 49, 45, 44, 45, 48, 66, 77, 68, 91, 73, 62, 70, 85, 89, 92, 89, 66, 61, 67, 70, 65, 72, 47, 56, 64, 35, 80, 67, 67, 85, 76, 68, 44, 47, 42, 34, 23, 24, 11, 10, 7]
YTOT: [0, 0, 0, 0, 0, 0, 0, 0, 0, 0, 0, 0, 0, 0, 0, 0, 0, 0, 0, 0, 0, 0, 0, 0, 0, 0, 0, 0, 0, 0, 0, 0, 0, 0, 0, 0, 0, 0, 0, 0, 0, 0, 0, 0, 1, 1, 1, 1, 2, 3, 4, 4, 4, 5, 7, 10, 13, 16, 20, 24, 28, 33, 41, 51, 64, 79, 97, 113, 129, 151, 176, 204, 236, 272, 306, 341, 384, 433, 481, 530, 575, 619, 664, 712, 778, 855, 923, 1014, 1087, 1149, 1219, 1304, 1393, 1485, 1574, 1640, 1701, 1768, 1838, 1903, 1975, 2022, 2078, 2142, 2177, 2257, 2324, 2391, 2476, 2552, 2620, 2664, 2711, 2753, 2787, 2810, 2834, 2845, 2855, 2862]

INFO: Total Population: 2212900
INFO: R0: 2
INFO: Incubation Period: 5
INFO: Illness Period: 7
X:[0, 1, 2, 3, 4, 5, 6, 7, 8, 9, 10, 11, 12, 13, 14, 15, 16, 17, 18, 19, 20, 21, 22, 23, 24, 25, 26, 27, 28, 29, 30, 31, 32, 33, 34, 35, 36, 37, 38, 39, 40, 41, 42, 43, 44, 45, 46, 47, 48, 49, 50, 51, 52, 53, 54, 55, 56, 57, 58, 59, 60, 61, 62, 63, 64, 65, 66, 67, 68, 69, 70, 71, 72, 73, 74, 75, 76, 77, 78, 79, 80, 81, 82, 83, 84, 85, 86, 87, 88, 89, 90, 91, 92, 93, 94, 95, 96, 97, 98, 99, 100, 101, 102, 103, 104, 105, 106, 107, 108, 109, 110, 111, 112, 113, 114, 115, 116, 117, 118, 119, 120]
YNEW:[0, 0, 0, 0, 0, 0, 0, 0, 0, 0, 0, 0, 0, 0, 0, 0, 0, 0, 0, 0, 0, 0, 0, 0, 0, 0, 0, 0, 0, 0, 0, 0, 0, 0, 0, 0, 0, 0, 0, 0, 0, 0, 0, 0, 1, 0, 0, 0, 1, 1, 1, 0, 0, 1, 2, 3, 3, 3, 4, 4, 4, 5, 8, 10, 13, 15, 18, 16, 16, 22, 25, 28, 32, 36, 34, 35, 43, 49, 48, 49, 45, 44, 45, 48, 66, 77, 68, 91, 73, 62, 70, 85, 89, 92, 89, 66, 61, 67, 70, 85, 71, 60, 66, 51, 50, 65, 69, 95, 72, 63, 89, 67, 54, 42, 35, 28, 20, 7, 6, 8]
YTOT: [0, 0, 0, 0, 0, 0, 0, 0, 0, 0, 0, 0, 0, 0, 0, 0, 0, 0, 0, 0, 0, 0, 0, 0, 0, 0, 0, 0, 0, 0, 0, 0, 0, 0, 0, 0, 0, 0, 0, 0, 0, 0, 0, 0, 1, 1, 1, 1, 2, 3, 4, 4, 4, 5, 7, 10, 13, 16, 20, 24, 28, 33, 41, 51, 64, 79, 97, 113, 129, 151, 176, 204, 236, 272, 306, 341, 384, 433, 481, 530, 575, 619, 664, 712, 778, 855, 923, 1014, 1087, 1149, 1219, 1304, 1393, 1485, 1574, 1640, 1701, 1768, 1838, 1923, 1994, 2054, 2120, 2171, 2221, 2286, 2355, 2450, 2522, 2585, 2674, 2741, 2795, 2837, 2872, 2900, 2920, 2927, 2933, 2941]

END