

INFO: Total Population: 1922200
INFO: R0: 2
INFO: Incubation Period: 5
INFO: Illness Period: 7
X:[0, 1, 2, 3, 4, 5, 6, 7, 8, 9, 10, 11, 12, 13, 14, 15, 16, 17, 18, 19, 20, 21, 22, 23, 24, 25, 26, 27, 28, 29, 30, 31, 32, 33, 34, 35, 36, 37, 38, 39, 40, 41, 42, 43, 44, 45, 46, 47, 48, 49, 50, 51, 52, 53, 54, 55, 56, 57, 58, 59, 60, 61, 62, 63, 64, 65, 66, 67, 68, 69, 70, 71, 72, 73, 74, 75, 76, 77, 78, 79, 80, 81, 82, 83, 84, 85, 86, 87, 88, 89, 90, 91, 92, 93, 94, 95, 96, 97, 98, 99, 100, 101, 102, 103, 104, 105, 106]
YNEW:[0, 0, 0, 0, 0, 0, 0, 1, 0, 0, 0, 0, 0, 0, 0, 0, 0, 0, 0, 0, 0, 0, 0, 0, 0, 0, 0, 0, 0, 0, 0, 0, 0, 0, 0, 1, 1, 1, 2, 2, 3, 3, 3, 4, 6, 7, 7, 10, 12, 17, 20, 30, 36, 36, 36, 40, 44, 48, 54, 50, 46, 54, 60, 67, 71, 70, 60, 46, 54, 54, 54, 57, 52, 43, 41, 45, 43, 54, 60, 68, 61, 49, 43, 40, 32, 28, 30, 31, 18, 18, 14, 22, 10, 11, 12, 13, 11, 11, 8, 7, 4, 1, 2, 2, 1, 1]
YTOT: [0, 0, 0, 0, 0, 0, 0, 1, 1, 1, 1, 1, 1, 1, 1, 1, 1, 1, 1, 1, 1, 1, 1, 1, 1, 1, 1, 1, 1, 1, 1, 1, 1, 1, 1, 2, 3, 4, 6, 8, 11, 14, 17, 21, 27, 34, 41, 51, 63, 80, 100, 130, 166, 202, 238, 278, 322, 370, 424, 474, 520, 574, 634, 701, 772, 842, 902, 948, 1002, 1056, 1110, 1167, 1219, 1262, 1303, 1348, 1391, 1445, 1505, 1573, 1634, 1683, 1726, 1766, 1798, 1826, 1856, 1887, 1905, 1923, 1937, 1959, 1969, 1980, 1992, 2005, 2016, 2027, 2035, 2042, 2046, 2047, 2049, 2051, 2052, 2053]

INFO: Total Population: 1922200
INFO: R0: 2
INFO: Incubation Period: 5
INFO: Illness Period: 7
X:[0, 1, 2, 3, 4, 5, 6, 7, 8, 9, 10, 11, 12, 13, 14, 15, 16, 17, 18, 19, 20, 21, 22, 23, 24, 25, 26, 27, 28, 29, 30, 31, 32, 33, 34, 35, 36, 37, 38, 39, 40, 41, 42, 43, 44, 45, 46, 47, 48, 49, 50, 51, 52, 53, 54, 55, 56, 57, 58, 59, 60, 61, 62, 63, 64, 65, 66, 67, 68, 69, 70, 71, 72, 73, 74, 75, 76, 77, 78, 79, 80, 81, 82, 83, 84, 85, 86, 87, 88, 89, 90, 91, 92, 93, 94, 95, 96, 97, 98, 99, 100, 101, 102, 103, 104, 105, 106, 107]
YNEW:[0, 0, 0, 0, 0, 0, 0, 1, 0, 0, 0, 0, 0, 0, 0, 0, 0, 0, 0, 0, 0, 0, 0, 0, 0, 0, 0, 0, 0, 0, 0, 0, 0, 0, 0, 1, 1, 1, 2, 2, 3, 3, 3, 4, 6, 7, 7, 10, 12, 17, 20, 30, 36, 36, 36, 40, 44, 48, 54, 50, 46, 54, 60, 67, 71, 70, 60, 46, 54, 54, 54, 57, 52, 43, 41, 45, 43, 54, 60, 68, 61, 49, 43, 40, 32, 28, 30, 33, 26, 19, 27, 14, 13, 11, 14, 15, 20, 14, 8, 7, 4, 6, 1, 3, 2, 1, 2]
YTOT: [0, 0, 0, 0, 0, 0, 0, 1, 1, 1, 1, 1, 1, 1, 1, 1, 1, 1, 1, 1, 1, 1, 1, 1, 1, 1, 1, 1, 1, 1, 1, 1, 1, 1, 1, 2, 3, 4, 6, 8, 11, 14, 17, 21, 27, 34, 41, 51, 63, 80, 100, 130, 166, 202, 238, 278, 322, 370, 424, 474, 520, 574, 634, 701, 772, 842, 902, 948, 1002, 1056, 1110, 1167, 1219, 1262, 1303, 1348, 1391, 1445, 1505, 1573, 1634, 1683, 1726, 1766, 1798, 1826, 1856, 1889, 1915, 1934, 1961, 1975, 1988, 1999, 2013, 2028, 2048, 2062, 2070, 2077, 2081, 2087, 2088, 2091, 2093, 2094, 2096]

INFO: Total Population: 1922200
INFO: R0: 2
INFO: Incubation Period: 5
INFO: Illness Period: 7
X:[0, 1, 2, 3, 4, 5, 6, 7, 8, 9, 10, 11, 12, 13, 14, 15, 16, 17, 18, 19, 20, 21, 22, 23, 24, 25, 26, 27, 28, 29, 30, 31, 32, 33, 34, 35, 36, 37, 38, 39, 40, 41, 42, 43, 44, 45, 46, 47, 48, 49, 50, 51, 52, 53, 54, 55, 56, 57, 58, 59, 60, 61, 62, 63, 64, 65, 66, 67, 68, 69, 70, 71, 72, 73, 74, 75, 76, 77, 78, 79, 80, 81, 82, 83, 84, 85, 86, 87, 88, 89, 90, 91, 92, 93, 94, 95, 96, 97, 98, 99, 100, 101, 102, 103, 104, 105]
YNEW:[0, 0, 0, 0, 0, 0, 0, 1, 0, 0, 0, 0, 0, 0, 0, 0, 0, 0, 0, 0, 0, 0, 0, 0, 0, 0, 0, 0, 0, 0, 0, 0, 0, 0, 0, 1, 1, 1, 2, 2, 3, 3, 3, 4, 6, 7, 7, 10, 12, 17, 20, 30, 36, 36, 36, 40, 44, 48, 54, 50, 46, 54, 60, 67, 71, 70, 60, 46, 54, 54, 54, 57, 52, 43, 41, 45, 43, 54, 60, 68, 61, 49, 43, 40, 32, 28, 30, 24, 26, 17, 18, 17, 9, 21, 6, 9, 13, 17, 9, 6, 4, 2, 1, 3, 4]
YTOT: [0, 0, 0, 0, 0, 0, 0, 1, 1, 1, 1, 1, 1, 1, 1, 1, 1, 1, 1, 1, 1, 1, 1, 1, 1, 1, 1, 1, 1, 1, 1, 1, 1, 1, 1, 2, 3, 4, 6, 8, 11, 14, 17, 21, 27, 34, 41, 51, 63, 80, 100, 130, 166, 202, 238, 278, 322, 370, 424, 474, 520, 574, 634, 701, 772, 842, 902, 948, 1002, 1056, 1110, 1167, 1219, 1262, 1303, 1348, 1391, 1445, 1505, 1573, 1634, 1683, 1726, 1766, 1798, 1826, 1856, 1880, 1906, 1923, 1941, 1958, 1967, 1988, 1994, 2003, 2016, 2033, 2042, 2048, 2052, 2054, 2055, 2058, 2062]

INFO: Total Population: 1922200
INFO: R0: 2
INFO: Incubation Period: 5
INFO: Illness Period: 7
X:[0, 1, 2, 3, 4, 5, 6, 7, 8, 9, 10, 11, 12, 13, 14, 15, 16, 17, 18, 19, 20, 21, 22, 23, 24, 25, 26, 27, 28, 29, 30, 31, 32, 33, 34, 35, 36, 37, 38, 39, 40, 41, 42, 43, 44, 45, 46, 47, 48, 49, 50, 51, 52, 53, 54, 55, 56, 57, 58, 59, 60, 61, 62, 63, 64, 65, 66, 67, 68, 69, 70, 71, 72, 73, 74, 75, 76, 77, 78, 79, 80, 81, 82, 83, 84, 85, 86, 87, 88, 89, 90, 91, 92, 93, 94, 95, 96, 97, 98, 99, 100, 101, 102, 103, 104, 105, 106]
YNEW:[0, 0, 0, 0, 0, 0, 0, 1, 0, 0, 0, 0, 0, 0, 0, 0, 0, 0, 0, 0, 0, 0, 0, 0, 0, 0, 0, 0, 0, 0, 0, 0, 0, 0, 0, 1, 1, 1, 2, 2, 3, 3, 3, 4, 6, 7, 7, 10, 12, 17, 20, 30, 36, 36, 36, 40, 44, 48, 54, 50, 46, 54, 60, 67, 71, 70, 60, 46, 54, 54, 54, 57, 52, 43, 41, 45, 43, 54, 60, 68, 61, 49, 43, 40, 32, 28, 30, 23, 23, 25, 19, 12, 11, 13, 10, 13, 13, 15, 7, 7, 5, 3, 5, 2, 2, 1]
YTOT: [0, 0, 0, 0, 0, 0, 0, 1, 1, 1, 1, 1, 1, 1, 1, 1, 1, 1, 1, 1, 1, 1, 1, 1, 1, 1, 1, 1, 1, 1, 1, 1, 1, 1, 1, 2, 3, 4, 6, 8, 11, 14, 17, 21, 27, 34, 41, 51, 63, 80, 100, 130, 166, 202, 238, 278, 322, 370, 424, 474, 520, 574, 634, 701, 772, 842, 902, 948, 1002, 1056, 1110, 1167, 1219, 1262, 1303, 1348, 1391, 1445, 1505, 1573, 1634, 1683, 1726, 1766, 1798, 1826, 1856, 1879, 1902, 1927, 1946, 1958, 1969, 1982, 1992, 2005, 2018, 2033, 2040, 2047, 2052, 2055, 2060, 2062, 2064, 2065]

INFO: Total Population: 1922200
INFO: R0: 2
INFO: Incubation Period: 5
INFO: Illness Period: 7
X:[0, 1, 2, 3, 4, 5, 6, 7, 8, 9, 10, 11, 12, 13, 14, 15, 16, 17, 18, 19, 20, 21, 22, 23, 24, 25, 26, 27, 28, 29, 30, 31, 32, 33, 34, 35, 36, 37, 38, 39, 40, 41, 42, 43, 44, 45, 46, 47, 48, 49, 50, 51, 52, 53, 54, 55, 56, 57, 58, 59, 60, 61, 62, 63, 64, 65, 66, 67, 68, 69, 70, 71, 72, 73, 74, 75, 76, 77, 78, 79, 80, 81, 82, 83, 84, 85, 86, 87, 88, 89, 90, 91, 92, 93, 94, 95, 96, 97, 98, 99, 100, 101, 102, 103, 104, 105, 106, 107]
YNEW:[0, 0, 0, 0, 0, 0, 0, 1, 0, 0, 0, 0, 0, 0, 0, 0, 0, 0, 0, 0, 0, 0, 0, 0, 0, 0, 0, 0, 0, 0, 0, 0, 0, 0, 0, 1, 1, 1, 2, 2, 3, 3, 3, 4, 6, 7, 7, 10, 12, 17, 20, 30, 36, 36, 36, 40, 44, 48, 54, 50, 46, 54, 60, 67, 71, 70, 60, 46, 54, 54, 54, 57, 52, 43, 41, 45, 43, 54, 60, 68, 61, 49, 43, 40, 32, 28, 30, 18, 18, 31, 16, 17, 14, 16, 11, 10, 15, 12, 5, 14, 3, 6, 4, 5, 3, 1, 1]
YTOT: [0, 0, 0, 0, 0, 0, 0, 1, 1, 1, 1, 1, 1, 1, 1, 1, 1, 1, 1, 1, 1, 1, 1, 1, 1, 1, 1, 1, 1, 1, 1, 1, 1, 1, 1, 2, 3, 4, 6, 8, 11, 14, 17, 21, 27, 34, 41, 51, 63, 80, 100, 130, 166, 202, 238, 278, 322, 370, 424, 474, 520, 574, 634, 701, 772, 842, 902, 948, 1002, 1056, 1110, 1167, 1219, 1262, 1303, 1348, 1391, 1445, 1505, 1573, 1634, 1683, 1726, 1766, 1798, 1826, 1856, 1874, 1892, 1923, 1939, 1956, 1970, 1986, 1997, 2007, 2022, 2034, 2039, 2053, 2056, 2062, 2066, 2071, 2074, 2075, 2076]

INFO: Total Population: 1922200
INFO: R0: 2
INFO: Incubation Period: 5
INFO: Illness Period: 7
X:[0, 1, 2, 3, 4, 5, 6, 7, 8, 9, 10, 11, 12, 13, 14, 15, 16, 17, 18, 19, 20, 21, 22, 23, 24, 25, 26, 27, 28, 29, 30, 31, 32, 33, 34, 35, 36, 37, 38, 39, 40, 41, 42, 43, 44, 45, 46, 47, 48, 49, 50, 51, 52, 53, 54, 55, 56, 57, 58, 59, 60, 61, 62, 63, 64, 65, 66, 67, 68, 69, 70, 71, 72, 73, 74, 75, 76, 77, 78, 79, 80, 81, 82, 83, 84, 85, 86, 87, 88, 89, 90, 91, 92, 93, 94, 95, 96, 97, 98, 99, 100, 101, 102, 103, 104, 105, 106, 107]
YNEW:[0, 0, 0, 0, 0, 0, 0, 1, 0, 0, 0, 0, 0, 0, 0, 0, 0, 0, 0, 0, 0, 0, 0, 0, 0, 0, 0, 0, 0, 0, 0, 0, 0, 0, 0, 1, 1, 1, 2, 2, 3, 3, 3, 4, 6, 7, 7, 10, 12, 17, 20, 30, 36, 36, 36, 40, 44, 48, 54, 50, 46, 54, 60, 67, 71, 70, 60, 46, 54, 54, 54, 57, 52, 43, 41, 45, 43, 54, 60, 68, 61, 49, 43, 40, 32, 28, 30, 39, 15, 14, 20, 12, 13, 9, 12, 9, 16, 7, 12, 6, 4, 2, 5, 5, 2, 1, 1]
YTOT: [0, 0, 0, 0, 0, 0, 0, 1, 1, 1, 1, 1, 1, 1, 1, 1, 1, 1, 1, 1, 1, 1, 1, 1, 1, 1, 1, 1, 1, 1, 1, 1, 1, 1, 1, 2, 3, 4, 6, 8, 11, 14, 17, 21, 27, 34, 41, 51, 63, 80, 100, 130, 166, 202, 238, 278, 322, 370, 424, 474, 520, 574, 634, 701, 772, 842, 902, 948, 1002, 1056, 1110, 1167, 1219, 1262, 1303, 1348, 1391, 1445, 1505, 1573, 1634, 1683, 1726, 1766, 1798, 1826, 1856, 1895, 1910, 1924, 1944, 1956, 1969, 1978, 1990, 1999, 2015, 2022, 2034, 2040, 2044, 2046, 2051, 2056, 2058, 2059, 2060]

INFO: Total Population: 1922200
INFO: R0: 2
INFO: Incubation Period: 5
INFO: Illness Period: 7
X:[0, 1, 2, 3, 4, 5, 6, 7, 8, 9, 10, 11, 12, 13, 14, 15, 16, 17, 18, 19, 20, 21, 22, 23, 24, 25, 26, 27, 28, 29, 30, 31, 32, 33, 34, 35, 36, 37, 38, 39, 40, 41, 42, 43, 44, 45, 46, 47, 48, 49, 50, 51, 52, 53, 54, 55, 56, 57, 58, 59, 60, 61, 62, 63, 64, 65, 66, 67, 68, 69, 70, 71, 72, 73, 74, 75, 76, 77, 78, 79, 80, 81, 82, 83, 84, 85, 86, 87, 88, 89, 90, 91, 92, 93, 94, 95, 96, 97, 98, 99, 100, 101, 102, 103, 104, 105, 106]
YNEW:[0, 0, 0, 0, 0, 0, 0, 1, 0, 0, 0, 0, 0, 0, 0, 0, 0, 0, 0, 0, 0, 0, 0, 0, 0, 0, 0, 0, 0, 0, 0, 0, 0, 0, 0, 1, 1, 1, 2, 2, 3, 3, 3, 4, 6, 7, 7, 10, 12, 17, 20, 30, 36, 36, 36, 40, 44, 48, 54, 50, 46, 54, 60, 67, 71, 70, 60, 46, 54, 54, 54, 57, 52, 43, 41, 45, 43, 54, 60, 68, 61, 49, 43, 40, 32, 28, 30, 21, 30, 20, 20, 20, 6, 10, 18, 16, 16, 9, 8, 2, 6, 3, 2, 2, 3, 2]
YTOT: [0, 0, 0, 0, 0, 0, 0, 1, 1, 1, 1, 1, 1, 1, 1, 1, 1, 1, 1, 1, 1, 1, 1, 1, 1, 1, 1, 1, 1, 1, 1, 1, 1, 1, 1, 2, 3, 4, 6, 8, 11, 14, 17, 21, 27, 34, 41, 51, 63, 80, 100, 130, 166, 202, 238, 278, 322, 370, 424, 474, 520, 574, 634, 701, 772, 842, 902, 948, 1002, 1056, 1110, 1167, 1219, 1262, 1303, 1348, 1391, 1445, 1505, 1573, 1634, 1683, 1726, 1766, 1798, 1826, 1856, 1877, 1907, 1927, 1947, 1967, 1973, 1983, 2001, 2017, 2033, 2042, 2050, 2052, 2058, 2061, 2063, 2065, 2068, 2070]

INFO: Total Population: 1922200
INFO: R0: 2
INFO: Incubation Period: 5
INFO: Illness Period: 7
X:[0, 1, 2, 3, 4, 5, 6, 7, 8, 9, 10, 11, 12, 13, 14, 15, 16, 17, 18, 19, 20, 21, 22, 23, 24, 25, 26, 27, 28, 29, 30, 31, 32, 33, 34, 35, 36, 37, 38, 39, 40, 41, 42, 43, 44, 45, 46, 47, 48, 49, 50, 51, 52, 53, 54, 55, 56, 57, 58, 59, 60, 61, 62, 63, 64, 65, 66, 67, 68, 69, 70, 71, 72, 73, 74, 75, 76, 77, 78, 79, 80, 81, 82, 83, 84, 85, 86, 87, 88, 89, 90, 91, 92, 93, 94, 95, 96, 97, 98, 99, 100, 101, 102, 103, 104, 105, 106]
YNEW:[0, 0, 0, 0, 0, 0, 0, 1, 0, 0, 0, 0, 0, 0, 0, 0, 0, 0, 0, 0, 0, 0, 0, 0, 0, 0, 0, 0, 0, 0, 0, 0, 0, 0, 0, 1, 1, 1, 2, 2, 3, 3, 3, 4, 6, 7, 7, 10, 12, 17, 20, 30, 36, 36, 36, 40, 44, 48, 54, 50, 46, 54, 60, 67, 71, 70, 60, 46, 54, 54, 54, 57, 52, 43, 41, 45, 43, 54, 60, 68, 61, 49, 43, 40, 32, 28, 30, 23, 26, 24, 18, 17, 10, 14, 7, 15, 13, 8, 7, 9, 8, 5, 3, 1, 2, 1]
YTOT: [0, 0, 0, 0, 0, 0, 0, 1, 1, 1, 1, 1, 1, 1, 1, 1, 1, 1, 1, 1, 1, 1, 1, 1, 1, 1, 1, 1, 1, 1, 1, 1, 1, 1, 1, 2, 3, 4, 6, 8, 11, 14, 17, 21, 27, 34, 41, 51, 63, 80, 100, 130, 166, 202, 238, 278, 322, 370, 424, 474, 520, 574, 634, 701, 772, 842, 902, 948, 1002, 1056, 1110, 1167, 1219, 1262, 1303, 1348, 1391, 1445, 1505, 1573, 1634, 1683, 1726, 1766, 1798, 1826, 1856, 1879, 1905, 1929, 1947, 1964, 1974, 1988, 1995, 2010, 2023, 2031, 2038, 2047, 2055, 2060, 2063, 2064, 2066, 2067]

INFO: Total Population: 1922200
INFO: R0: 2
INFO: Incubation Period: 5
INFO: Illness Period: 7
X:[0, 1, 2, 3, 4, 5, 6, 7, 8, 9, 10, 11, 12, 13, 14, 15, 16, 17, 18, 19, 20, 21, 22, 23, 24, 25, 26, 27, 28, 29, 30, 31, 32, 33, 34, 35, 36, 37, 38, 39, 40, 41, 42, 43, 44, 45, 46, 47, 48, 49, 50, 51, 52, 53, 54, 55, 56, 57, 58, 59, 60, 61, 62, 63, 64, 65, 66, 67, 68, 69, 70, 71, 72, 73, 74, 75, 76, 77, 78, 79, 80, 81, 82, 83, 84, 85, 86, 87, 88, 89, 90, 91, 92, 93, 94, 95, 96, 97, 98, 99, 100, 101, 102, 103, 104, 105, 106, 107]
YNEW:[0, 0, 0, 0, 0, 0, 0, 1, 0, 0, 0, 0, 0, 0, 0, 0, 0, 0, 0, 0, 0, 0, 0, 0, 0, 0, 0, 0, 0, 0, 0, 0, 0, 0, 0, 1, 1, 1, 2, 2, 3, 3, 3, 4, 6, 7, 7, 10, 12, 17, 20, 30, 36, 36, 36, 40, 44, 48, 54, 50, 46, 54, 60, 67, 71, 70, 60, 46, 54, 54, 54, 57, 52, 43, 41, 45, 43, 54, 60, 68, 61, 49, 43, 40, 32, 28, 30, 23, 27, 26, 17, 20, 17, 15, 13, 10, 13, 11, 13, 4, 5, 8, 1, 3, 4, 3, 2]
YTOT: [0, 0, 0, 0, 0, 0, 0, 1, 1, 1, 1, 1, 1, 1, 1, 1, 1, 1, 1, 1, 1, 1, 1, 1, 1, 1, 1, 1, 1, 1, 1, 1, 1, 1, 1, 2, 3, 4, 6, 8, 11, 14, 17, 21, 27, 34, 41, 51, 63, 80, 100, 130, 166, 202, 238, 278, 322, 370, 424, 474, 520, 574, 634, 701, 772, 842, 902, 948, 1002, 1056, 1110, 1167, 1219, 1262, 1303, 1348, 1391, 1445, 1505, 1573, 1634, 1683, 1726, 1766, 1798, 1826, 1856, 1879, 1906, 1932, 1949, 1969, 1986, 2001, 2014, 2024, 2037, 2048, 2061, 2065, 2070, 2078, 2079, 2082, 2086, 2089, 2091]

INFO: Total Population: 1922200
INFO: R0: 2
INFO: Incubation Period: 5
INFO: Illness Period: 7
X:[0, 1, 2, 3, 4, 5, 6, 7, 8, 9, 10, 11, 12, 13, 14, 15, 16, 17, 18, 19, 20, 21, 22, 23, 24, 25, 26, 27, 28, 29, 30, 31, 32, 33, 34, 35, 36, 37, 38, 39, 40, 41, 42, 43, 44, 45, 46, 47, 48, 49, 50, 51, 52, 53, 54, 55, 56, 57, 58, 59, 60, 61, 62, 63, 64, 65, 66, 67, 68, 69, 70, 71, 72, 73, 74, 75, 76, 77, 78, 79, 80, 81, 82, 83, 84, 85, 86, 87, 88, 89, 90, 91, 92, 93, 94, 95, 96, 97, 98, 99, 100, 101, 102, 103, 104, 105, 106]
YNEW:[0, 0, 0, 0, 0, 0, 0, 1, 0, 0, 0, 0, 0, 0, 0, 0, 0, 0, 0, 0, 0, 0, 0, 0, 0, 0, 0, 0, 0, 0, 0, 0, 0, 0, 0, 1, 1, 1, 2, 2, 3, 3, 3, 4, 6, 7, 7, 10, 12, 17, 20, 30, 36, 36, 36, 40, 44, 48, 54, 50, 46, 54, 60, 67, 71, 70, 60, 46, 54, 54, 54, 57, 52, 43, 41, 45, 43, 54, 60, 68, 61, 49, 43, 40, 32, 28, 30, 23, 21, 21, 20, 19, 14, 17, 15, 14, 15, 12, 8, 2, 8, 6, 4, 5, 2, 1]
YTOT: [0, 0, 0, 0, 0, 0, 0, 1, 1, 1, 1, 1, 1, 1, 1, 1, 1, 1, 1, 1, 1, 1, 1, 1, 1, 1, 1, 1, 1, 1, 1, 1, 1, 1, 1, 2, 3, 4, 6, 8, 11, 14, 17, 21, 27, 34, 41, 51, 63, 80, 100, 130, 166, 202, 238, 278, 322, 370, 424, 474, 520, 574, 634, 701, 772, 842, 902, 948, 1002, 1056, 1110, 1167, 1219, 1262, 1303, 1348, 1391, 1445, 1505, 1573, 1634, 1683, 1726, 1766, 1798, 1826, 1856, 1879, 1900, 1921, 1941, 1960, 1974, 1991, 2006, 2020, 2035, 2047, 2055, 2057, 2065, 2071, 2075, 2080, 2082, 2083]

INFO: Total Population: 1922200
INFO: R0: 2
INFO: Incubation Period: 5
INFO: Illness Period: 7
X:[0, 1, 2, 3, 4, 5, 6, 7, 8, 9, 10, 11, 12, 13, 14, 15, 16, 17, 18, 19, 20, 21, 22, 23, 24, 25, 26, 27, 28, 29, 30, 31, 32, 33, 34, 35, 36, 37, 38, 39, 40, 41, 42, 43, 44, 45, 46, 47, 48, 49, 50, 51, 52, 53, 54, 55, 56, 57, 58, 59, 60, 61, 62, 63, 64, 65, 66, 67, 68, 69, 70, 71, 72, 73, 74, 75, 76, 77, 78, 79, 80, 81, 82, 83, 84, 85, 86, 87, 88, 89, 90, 91, 92, 93, 94, 95, 96, 97, 98, 99, 100, 101, 102, 103, 104, 105, 106, 107]
YNEW:[0, 0, 0, 0, 0, 0, 0, 1, 0, 0, 0, 0, 0, 0, 0, 0, 0, 0, 0, 0, 0, 0, 0, 0, 0, 0, 0, 0, 0, 0, 0, 0, 0, 0, 0, 1, 1, 1, 2, 2, 3, 3, 3, 4, 6, 7, 7, 10, 12, 17, 20, 30, 36, 36, 36, 40, 44, 48, 54, 50, 46, 54, 60, 67, 71, 70, 60, 46, 54, 54, 54, 57, 52, 43, 41, 45, 43, 54, 60, 68, 61, 49, 43, 40, 32, 28, 30, 33, 33, 15, 24, 14, 16, 18, 17, 20, 16, 6, 6, 8, 6, 4, 6, 2, 3, 2, 2]
YTOT: [0, 0, 0, 0, 0, 0, 0, 1, 1, 1, 1, 1, 1, 1, 1, 1, 1, 1, 1, 1, 1, 1, 1, 1, 1, 1, 1, 1, 1, 1, 1, 1, 1, 1, 1, 2, 3, 4, 6, 8, 11, 14, 17, 21, 27, 34, 41, 51, 63, 80, 100, 130, 166, 202, 238, 278, 322, 370, 424, 474, 520, 574, 634, 701, 772, 842, 902, 948, 1002, 1056, 1110, 1167, 1219, 1262, 1303, 1348, 1391, 1445, 1505, 1573, 1634, 1683, 1726, 1766, 1798, 1826, 1856, 1889, 1922, 1937, 1961, 1975, 1991, 2009, 2026, 2046, 2062, 2068, 2074, 2082, 2088, 2092, 2098, 2100, 2103, 2105, 2107]

INFO: Total Population: 1922200
INFO: R0: 2
INFO: Incubation Period: 5
INFO: Illness Period: 7
X:[0, 1, 2, 3, 4, 5, 6, 7, 8, 9, 10, 11, 12, 13, 14, 15, 16, 17, 18, 19, 20, 21, 22, 23, 24, 25, 26, 27, 28, 29, 30, 31, 32, 33, 34, 35, 36, 37, 38, 39, 40, 41, 42, 43, 44, 45, 46, 47, 48, 49, 50, 51, 52, 53, 54, 55, 56, 57, 58, 59, 60, 61, 62, 63, 64, 65, 66, 67, 68, 69, 70, 71, 72, 73, 74, 75, 76, 77, 78, 79, 80, 81, 82, 83, 84, 85, 86, 87, 88, 89, 90, 91, 92, 93, 94, 95, 96, 97, 98, 99, 100, 101, 102, 103, 104, 105, 106, 107, 108]
YNEW:[0, 0, 0, 0, 0, 0, 0, 1, 0, 0, 0, 0, 0, 0, 0, 0, 0, 0, 0, 0, 0, 0, 0, 0, 0, 0, 0, 0, 0, 0, 0, 0, 0, 0, 0, 1, 1, 1, 2, 2, 3, 3, 3, 4, 6, 7, 7, 10, 12, 17, 20, 30, 36, 36, 36, 40, 44, 48, 54, 50, 46, 54, 60, 67, 71, 70, 60, 46, 54, 54, 54, 57, 52, 43, 41, 45, 43, 54, 60, 68, 61, 49, 43, 40, 32, 28, 30, 19, 24, 20, 13, 19, 15, 7, 9, 20, 9, 16, 6, 5, 7, 5, 5, 2, 3, 2, 1, 1]
YTOT: [0, 0, 0, 0, 0, 0, 0, 1, 1, 1, 1, 1, 1, 1, 1, 1, 1, 1, 1, 1, 1, 1, 1, 1, 1, 1, 1, 1, 1, 1, 1, 1, 1, 1, 1, 2, 3, 4, 6, 8, 11, 14, 17, 21, 27, 34, 41, 51, 63, 80, 100, 130, 166, 202, 238, 278, 322, 370, 424, 474, 520, 574, 634, 701, 772, 842, 902, 948, 1002, 1056, 1110, 1167, 1219, 1262, 1303, 1348, 1391, 1445, 1505, 1573, 1634, 1683, 1726, 1766, 1798, 1826, 1856, 1875, 1899, 1919, 1932, 1951, 1966, 1973, 1982, 2002, 2011, 2027, 2033, 2038, 2045, 2050, 2055, 2057, 2060, 2062, 2063, 2064]

INFO: Total Population: 1922200
INFO: R0: 2
INFO: Incubation Period: 5
INFO: Illness Period: 7
X:[0, 1, 2, 3, 4, 5, 6, 7, 8, 9, 10, 11, 12, 13, 14, 15, 16, 17, 18, 19, 20, 21, 22, 23, 24, 25, 26, 27, 28, 29, 30, 31, 32, 33, 34, 35, 36, 37, 38, 39, 40, 41, 42, 43, 44, 45, 46, 47, 48, 49, 50, 51, 52, 53, 54, 55, 56, 57, 58, 59, 60, 61, 62, 63, 64, 65, 66, 67, 68, 69, 70, 71, 72, 73, 74, 75, 76, 77, 78, 79, 80, 81, 82, 83, 84, 85, 86, 87, 88, 89, 90, 91, 92, 93, 94, 95, 96, 97, 98, 99, 100, 101, 102, 103, 104, 105, 106, 107, 108]
YNEW:[0, 0, 0, 0, 0, 0, 0, 1, 0, 0, 0, 0, 0, 0, 0, 0, 0, 0, 0, 0, 0, 0, 0, 0, 0, 0, 0, 0, 0, 0, 0, 0, 0, 0, 0, 1, 1, 1, 2, 2, 3, 3, 3, 4, 6, 7, 7, 10, 12, 17, 20, 30, 36, 36, 36, 40, 44, 48, 54, 50, 46, 54, 60, 67, 71, 70, 60, 46, 54, 54, 54, 57, 52, 43, 41, 45, 43, 54, 60, 68, 61, 49, 43, 40, 32, 28, 30, 19, 19, 19, 26, 13, 18, 9, 15, 10, 10, 11, 10, 8, 1, 10, 6, 2, 2, 3, 4, 1]
YTOT: [0, 0, 0, 0, 0, 0, 0, 1, 1, 1, 1, 1, 1, 1, 1, 1, 1, 1, 1, 1, 1, 1, 1, 1, 1, 1, 1, 1, 1, 1, 1, 1, 1, 1, 1, 2, 3, 4, 6, 8, 11, 14, 17, 21, 27, 34, 41, 51, 63, 80, 100, 130, 166, 202, 238, 278, 322, 370, 424, 474, 520, 574, 634, 701, 772, 842, 902, 948, 1002, 1056, 1110, 1167, 1219, 1262, 1303, 1348, 1391, 1445, 1505, 1573, 1634, 1683, 1726, 1766, 1798, 1826, 1856, 1875, 1894, 1913, 1939, 1952, 1970, 1979, 1994, 2004, 2014, 2025, 2035, 2043, 2044, 2054, 2060, 2062, 2064, 2067, 2071, 2072]

INFO: Total Population: 1922200
INFO: R0: 2
INFO: Incubation Period: 5
INFO: Illness Period: 7
X:[0, 1, 2, 3, 4, 5, 6, 7, 8, 9, 10, 11, 12, 13, 14, 15, 16, 17, 18, 19, 20, 21, 22, 23, 24, 25, 26, 27, 28, 29, 30, 31, 32, 33, 34, 35, 36, 37, 38, 39, 40, 41, 42, 43, 44, 45, 46, 47, 48, 49, 50, 51, 52, 53, 54, 55, 56, 57, 58, 59, 60, 61, 62, 63, 64, 65, 66, 67, 68, 69, 70, 71, 72, 73, 74, 75, 76, 77, 78, 79, 80, 81, 82, 83, 84, 85, 86, 87, 88, 89, 90, 91, 92, 93, 94, 95, 96, 97, 98, 99, 100, 101, 102, 103, 104, 105, 106, 107]
YNEW:[0, 0, 0, 0, 0, 0, 0, 1, 0, 0, 0, 0, 0, 0, 0, 0, 0, 0, 0, 0, 0, 0, 0, 0, 0, 0, 0, 0, 0, 0, 0, 0, 0, 0, 0, 1, 1, 1, 2, 2, 3, 3, 3, 4, 6, 7, 7, 10, 12, 17, 20, 30, 36, 36, 36, 40, 44, 48, 54, 50, 46, 54, 60, 67, 71, 70, 60, 46, 54, 54, 54, 57, 52, 43, 41, 45, 43, 54, 60, 68, 61, 49, 43, 40, 32, 28, 30, 23, 23, 23, 19, 17, 13, 16, 11, 19, 12, 7, 7, 4, 4, 3, 2, 4, 2, 2, 2]
YTOT: [0, 0, 0, 0, 0, 0, 0, 1, 1, 1, 1, 1, 1, 1, 1, 1, 1, 1, 1, 1, 1, 1, 1, 1, 1, 1, 1, 1, 1, 1, 1, 1, 1, 1, 1, 2, 3, 4, 6, 8, 11, 14, 17, 21, 27, 34, 41, 51, 63, 80, 100, 130, 166, 202, 238, 278, 322, 370, 424, 474, 520, 574, 634, 701, 772, 842, 902, 948, 1002, 1056, 1110, 1167, 1219, 1262, 1303, 1348, 1391, 1445, 1505, 1573, 1634, 1683, 1726, 1766, 1798, 1826, 1856, 1879, 1902, 1925, 1944, 1961, 1974, 1990, 2001, 2020, 2032, 2039, 2046, 2050, 2054, 2057, 2059, 2063, 2065, 2067, 2069]

INFO: Total Population: 1922200
INFO: R0: 2
INFO: Incubation Period: 5
INFO: Illness Period: 7
X:[0, 1, 2, 3, 4, 5, 6, 7, 8, 9, 10, 11, 12, 13, 14, 15, 16, 17, 18, 19, 20, 21, 22, 23, 24, 25, 26, 27, 28, 29, 30, 31, 32, 33, 34, 35, 36, 37, 38, 39, 40, 41, 42, 43, 44, 45, 46, 47, 48, 49, 50, 51, 52, 53, 54, 55, 56, 57, 58, 59, 60, 61, 62, 63, 64, 65, 66, 67, 68, 69, 70, 71, 72, 73, 74, 75, 76, 77, 78, 79, 80, 81, 82, 83, 84, 85, 86, 87, 88, 89, 90, 91, 92, 93, 94, 95, 96, 97, 98, 99, 100, 101, 102, 103, 104, 105, 106, 107]
YNEW:[0, 0, 0, 0, 0, 0, 0, 1, 0, 0, 0, 0, 0, 0, 0, 0, 0, 0, 0, 0, 0, 0, 0, 0, 0, 0, 0, 0, 0, 0, 0, 0, 0, 0, 0, 1, 1, 1, 2, 2, 3, 3, 3, 4, 6, 7, 7, 10, 12, 17, 20, 30, 36, 36, 36, 40, 44, 48, 54, 50, 46, 54, 60, 67, 71, 70, 60, 46, 54, 54, 54, 57, 52, 43, 41, 45, 43, 54, 60, 68, 61, 49, 43, 40, 32, 28, 30, 18, 19, 28, 23, 18, 13, 10, 10, 12, 18, 16, 6, 4, 4, 5, 2, 4, 2, 3, 3]
YTOT: [0, 0, 0, 0, 0, 0, 0, 1, 1, 1, 1, 1, 1, 1, 1, 1, 1, 1, 1, 1, 1, 1, 1, 1, 1, 1, 1, 1, 1, 1, 1, 1, 1, 1, 1, 2, 3, 4, 6, 8, 11, 14, 17, 21, 27, 34, 41, 51, 63, 80, 100, 130, 166, 202, 238, 278, 322, 370, 424, 474, 520, 574, 634, 701, 772, 842, 902, 948, 1002, 1056, 1110, 1167, 1219, 1262, 1303, 1348, 1391, 1445, 1505, 1573, 1634, 1683, 1726, 1766, 1798, 1826, 1856, 1874, 1893, 1921, 1944, 1962, 1975, 1985, 1995, 2007, 2025, 2041, 2047, 2051, 2055, 2060, 2062, 2066, 2068, 2071, 2074]

INFO: Total Population: 1922200
INFO: R0: 2
INFO: Incubation Period: 5
INFO: Illness Period: 7
X:[0, 1, 2, 3, 4, 5, 6, 7, 8, 9, 10, 11, 12, 13, 14, 15, 16, 17, 18, 19, 20, 21, 22, 23, 24, 25, 26, 27, 28, 29, 30, 31, 32, 33, 34, 35, 36, 37, 38, 39, 40, 41, 42, 43, 44, 45, 46, 47, 48, 49, 50, 51, 52, 53, 54, 55, 56, 57, 58, 59, 60, 61, 62, 63, 64, 65, 66, 67, 68, 69, 70, 71, 72, 73, 74, 75, 76, 77, 78, 79, 80, 81, 82, 83, 84, 85, 86, 87, 88, 89, 90, 91, 92, 93, 94, 95, 96, 97, 98, 99, 100, 101, 102, 103, 104, 105, 106, 107]
YNEW:[0, 0, 0, 0, 0, 0, 0, 1, 0, 0, 0, 0, 0, 0, 0, 0, 0, 0, 0, 0, 0, 0, 0, 0, 0, 0, 0, 0, 0, 0, 0, 0, 0, 0, 0, 1, 1, 1, 2, 2, 3, 3, 3, 4, 6, 7, 7, 10, 12, 17, 20, 30, 36, 36, 36, 40, 44, 48, 54, 50, 46, 54, 60, 67, 71, 70, 60, 46, 54, 54, 54, 57, 52, 43, 41, 45, 43, 54, 60, 68, 61, 49, 43, 40, 32, 28, 30, 22, 22, 23, 11, 15, 18, 16, 13, 11, 14, 8, 8, 5, 5, 5, 1, 2, 6, 3, 1]
YTOT: [0, 0, 0, 0, 0, 0, 0, 1, 1, 1, 1, 1, 1, 1, 1, 1, 1, 1, 1, 1, 1, 1, 1, 1, 1, 1, 1, 1, 1, 1, 1, 1, 1, 1, 1, 2, 3, 4, 6, 8, 11, 14, 17, 21, 27, 34, 41, 51, 63, 80, 100, 130, 166, 202, 238, 278, 322, 370, 424, 474, 520, 574, 634, 701, 772, 842, 902, 948, 1002, 1056, 1110, 1167, 1219, 1262, 1303, 1348, 1391, 1445, 1505, 1573, 1634, 1683, 1726, 1766, 1798, 1826, 1856, 1878, 1900, 1923, 1934, 1949, 1967, 1983, 1996, 2007, 2021, 2029, 2037, 2042, 2047, 2052, 2053, 2055, 2061, 2064, 2065]

INFO: Total Population: 1922200
INFO: R0: 2
INFO: Incubation Period: 5
INFO: Illness Period: 7
X:[0, 1, 2, 3, 4, 5, 6, 7, 8, 9, 10, 11, 12, 13, 14, 15, 16, 17, 18, 19, 20, 21, 22, 23, 24, 25, 26, 27, 28, 29, 30, 31, 32, 33, 34, 35, 36, 37, 38, 39, 40, 41, 42, 43, 44, 45, 46, 47, 48, 49, 50, 51, 52, 53, 54, 55, 56, 57, 58, 59, 60, 61, 62, 63, 64, 65, 66, 67, 68, 69, 70, 71, 72, 73, 74, 75, 76, 77, 78, 79, 80, 81, 82, 83, 84, 85, 86, 87, 88, 89, 90, 91, 92, 93, 94, 95, 96, 97, 98, 99, 100, 101, 102, 103, 104, 105, 106, 107, 108, 109]
YNEW:[0, 0, 0, 0, 0, 0, 0, 1, 0, 0, 0, 0, 0, 0, 0, 0, 0, 0, 0, 0, 0, 0, 0, 0, 0, 0, 0, 0, 0, 0, 0, 0, 0, 0, 0, 1, 1, 1, 2, 2, 3, 3, 3, 4, 6, 7, 7, 10, 12, 17, 20, 30, 36, 36, 36, 40, 44, 48, 54, 50, 46, 54, 60, 67, 71, 70, 60, 46, 54, 54, 54, 57, 52, 43, 41, 45, 43, 54, 60, 68, 61, 49, 43, 40, 32, 28, 30, 21, 22, 17, 22, 16, 18, 18, 15, 14, 11, 14, 6, 7, 2, 4, 4, 3, 1, 1, 3, 1, 1]
YTOT: [0, 0, 0, 0, 0, 0, 0, 1, 1, 1, 1, 1, 1, 1, 1, 1, 1, 1, 1, 1, 1, 1, 1, 1, 1, 1, 1, 1, 1, 1, 1, 1, 1, 1, 1, 2, 3, 4, 6, 8, 11, 14, 17, 21, 27, 34, 41, 51, 63, 80, 100, 130, 166, 202, 238, 278, 322, 370, 424, 474, 520, 574, 634, 701, 772, 842, 902, 948, 1002, 1056, 1110, 1167, 1219, 1262, 1303, 1348, 1391, 1445, 1505, 1573, 1634, 1683, 1726, 1766, 1798, 1826, 1856, 1877, 1899, 1916, 1938, 1954, 1972, 1990, 2005, 2019, 2030, 2044, 2050, 2057, 2059, 2063, 2067, 2070, 2071, 2072, 2075, 2076, 2077]

INFO: Total Population: 1922200
INFO: R0: 2
INFO: Incubation Period: 5
INFO: Illness Period: 7
X:[0, 1, 2, 3, 4, 5, 6, 7, 8, 9, 10, 11, 12, 13, 14, 15, 16, 17, 18, 19, 20, 21, 22, 23, 24, 25, 26, 27, 28, 29, 30, 31, 32, 33, 34, 35, 36, 37, 38, 39, 40, 41, 42, 43, 44, 45, 46, 47, 48, 49, 50, 51, 52, 53, 54, 55, 56, 57, 58, 59, 60, 61, 62, 63, 64, 65, 66, 67, 68, 69, 70, 71, 72, 73, 74, 75, 76, 77, 78, 79, 80, 81, 82, 83, 84, 85, 86, 87, 88, 89, 90, 91, 92, 93, 94, 95, 96, 97, 98, 99, 100, 101, 102, 103, 104, 105, 106]
YNEW:[0, 0, 0, 0, 0, 0, 0, 1, 0, 0, 0, 0, 0, 0, 0, 0, 0, 0, 0, 0, 0, 0, 0, 0, 0, 0, 0, 0, 0, 0, 0, 0, 0, 0, 0, 1, 1, 1, 2, 2, 3, 3, 3, 4, 6, 7, 7, 10, 12, 17, 20, 30, 36, 36, 36, 40, 44, 48, 54, 50, 46, 54, 60, 67, 71, 70, 60, 46, 54, 54, 54, 57, 52, 43, 41, 45, 43, 54, 60, 68, 61, 49, 43, 40, 32, 28, 30, 25, 24, 13, 23, 18, 23, 13, 16, 11, 14, 14, 6, 4, 4, 4, 4, 1, 3, 1]
YTOT: [0, 0, 0, 0, 0, 0, 0, 1, 1, 1, 1, 1, 1, 1, 1, 1, 1, 1, 1, 1, 1, 1, 1, 1, 1, 1, 1, 1, 1, 1, 1, 1, 1, 1, 1, 2, 3, 4, 6, 8, 11, 14, 17, 21, 27, 34, 41, 51, 63, 80, 100, 130, 166, 202, 238, 278, 322, 370, 424, 474, 520, 574, 634, 701, 772, 842, 902, 948, 1002, 1056, 1110, 1167, 1219, 1262, 1303, 1348, 1391, 1445, 1505, 1573, 1634, 1683, 1726, 1766, 1798, 1826, 1856, 1881, 1905, 1918, 1941, 1959, 1982, 1995, 2011, 2022, 2036, 2050, 2056, 2060, 2064, 2068, 2072, 2073, 2076, 2077]

INFO: Total Population: 1922200
INFO: R0: 2
INFO: Incubation Period: 5
INFO: Illness Period: 7
X:[0, 1, 2, 3, 4, 5, 6, 7, 8, 9, 10, 11, 12, 13, 14, 15, 16, 17, 18, 19, 20, 21, 22, 23, 24, 25, 26, 27, 28, 29, 30, 31, 32, 33, 34, 35, 36, 37, 38, 39, 40, 41, 42, 43, 44, 45, 46, 47, 48, 49, 50, 51, 52, 53, 54, 55, 56, 57, 58, 59, 60, 61, 62, 63, 64, 65, 66, 67, 68, 69, 70, 71, 72, 73, 74, 75, 76, 77, 78, 79, 80, 81, 82, 83, 84, 85, 86, 87, 88, 89, 90, 91, 92, 93, 94, 95, 96, 97, 98, 99, 100, 101, 102, 103, 104, 105, 106, 107]
YNEW:[0, 0, 0, 0, 0, 0, 0, 1, 0, 0, 0, 0, 0, 0, 0, 0, 0, 0, 0, 0, 0, 0, 0, 0, 0, 0, 0, 0, 0, 0, 0, 0, 0, 0, 0, 1, 1, 1, 2, 2, 3, 3, 3, 4, 6, 7, 7, 10, 12, 17, 20, 30, 36, 36, 36, 40, 44, 48, 54, 50, 46, 54, 60, 67, 71, 70, 60, 46, 54, 54, 54, 57, 52, 43, 41, 45, 43, 54, 60, 68, 61, 49, 43, 40, 32, 28, 30, 27, 21, 21, 19, 15, 13, 8, 12, 12, 14, 10, 10, 4, 6, 3, 8, 3, 2, 2, 1]
YTOT: [0, 0, 0, 0, 0, 0, 0, 1, 1, 1, 1, 1, 1, 1, 1, 1, 1, 1, 1, 1, 1, 1, 1, 1, 1, 1, 1, 1, 1, 1, 1, 1, 1, 1, 1, 2, 3, 4, 6, 8, 11, 14, 17, 21, 27, 34, 41, 51, 63, 80, 100, 130, 166, 202, 238, 278, 322, 370, 424, 474, 520, 574, 634, 701, 772, 842, 902, 948, 1002, 1056, 1110, 1167, 1219, 1262, 1303, 1348, 1391, 1445, 1505, 1573, 1634, 1683, 1726, 1766, 1798, 1826, 1856, 1883, 1904, 1925, 1944, 1959, 1972, 1980, 1992, 2004, 2018, 2028, 2038, 2042, 2048, 2051, 2059, 2062, 2064, 2066, 2067]

INFO: Total Population: 1922200
INFO: R0: 2
INFO: Incubation Period: 5
INFO: Illness Period: 7
X:[0, 1, 2, 3, 4, 5, 6, 7, 8, 9, 10, 11, 12, 13, 14, 15, 16, 17, 18, 19, 20, 21, 22, 23, 24, 25, 26, 27, 28, 29, 30, 31, 32, 33, 34, 35, 36, 37, 38, 39, 40, 41, 42, 43, 44, 45, 46, 47, 48, 49, 50, 51, 52, 53, 54, 55, 56, 57, 58, 59, 60, 61, 62, 63, 64, 65, 66, 67, 68, 69, 70, 71, 72, 73, 74, 75, 76, 77, 78, 79, 80, 81, 82, 83, 84, 85, 86, 87, 88, 89, 90, 91, 92, 93, 94, 95, 96, 97, 98, 99, 100, 101, 102, 103, 104, 105, 106, 107, 108, 109]
YNEW:[0, 0, 0, 0, 0, 0, 0, 1, 0, 0, 0, 0, 0, 0, 0, 0, 0, 0, 0, 0, 0, 0, 0, 0, 0, 0, 0, 0, 0, 0, 0, 0, 0, 0, 0, 1, 1, 1, 2, 2, 3, 3, 3, 4, 6, 7, 7, 10, 12, 17, 20, 30, 36, 36, 36, 40, 44, 48, 54, 50, 46, 54, 60, 67, 71, 70, 60, 46, 54, 54, 54, 57, 52, 43, 41, 45, 43, 54, 60, 68, 61, 49, 43, 40, 32, 28, 30, 18, 34, 18, 16, 17, 17, 17, 15, 14, 8, 7, 7, 5, 2, 7, 3, 1, 1, 1, 1, 3, 1]
YTOT: [0, 0, 0, 0, 0, 0, 0, 1, 1, 1, 1, 1, 1, 1, 1, 1, 1, 1, 1, 1, 1, 1, 1, 1, 1, 1, 1, 1, 1, 1, 1, 1, 1, 1, 1, 2, 3, 4, 6, 8, 11, 14, 17, 21, 27, 34, 41, 51, 63, 80, 100, 130, 166, 202, 238, 278, 322, 370, 424, 474, 520, 574, 634, 701, 772, 842, 902, 948, 1002, 1056, 1110, 1167, 1219, 1262, 1303, 1348, 1391, 1445, 1505, 1573, 1634, 1683, 1726, 1766, 1798, 1826, 1856, 1874, 1908, 1926, 1942, 1959, 1976, 1993, 2008, 2022, 2030, 2037, 2044, 2049, 2051, 2058, 2061, 2062, 2063, 2064, 2065, 2068, 2069]

END