

INFO: Total Population: 2212172
INFO: R0: 2
INFO: Incubation Period: 5
INFO: Illness Period: 7
X:[0, 1, 2, 3, 4, 5, 6, 7, 8, 9, 10, 11, 12, 13, 14, 15, 16, 17, 18, 19, 20, 21, 22, 23, 24, 25, 26, 27, 28, 29, 30, 31, 32, 33, 34, 35, 36, 37, 38, 39, 40, 41, 42, 43, 44, 45, 46, 47, 48, 49, 50, 51, 52, 53, 54, 55, 56, 57, 58, 59, 60, 61, 62, 63, 64, 65, 66, 67, 68, 69, 70, 71, 72, 73, 74, 75, 76, 77, 78, 79, 80, 81, 82, 83, 84, 85, 86, 87, 88, 89, 90, 91, 92, 93, 94, 95, 96, 97, 98, 99, 100, 101, 102, 103, 104, 105, 106, 107, 108, 109, 110, 111, 112, 113, 114]
YNEW:[0, 0, 0, 0, 0, 0, 0, 0, 0, 0, 0, 0, 0, 0, 0, 0, 0, 0, 0, 0, 0, 0, 0, 0, 0, 0, 0, 0, 0, 0, 0, 0, 0, 0, 0, 0, 0, 0, 0, 0, 0, 0, 0, 0, 1, 0, 0, 0, 1, 1, 1, 0, 0, 1, 2, 3, 3, 3, 4, 4, 4, 5, 8, 10, 13, 15, 18, 16, 16, 22, 25, 28, 33, 36, 34, 35, 43, 49, 48, 49, 45, 44, 45, 48, 66, 77, 68, 91, 73, 62, 70, 43, 72, 61, 52, 36, 35, 79, 67, 108, 100, 98, 86, 61, 60, 49, 32, 24, 17, 16, 10, 2, 1, 2]
YTOT: [0, 0, 0, 0, 0, 0, 0, 0, 0, 0, 0, 0, 0, 0, 0, 0, 0, 0, 0, 0, 0, 0, 0, 0, 0, 0, 0, 0, 0, 0, 0, 0, 0, 0, 0, 0, 0, 0, 0, 0, 0, 0, 0, 0, 1, 1, 1, 1, 2, 3, 4, 4, 4, 5, 7, 10, 13, 16, 20, 24, 28, 33, 41, 51, 64, 79, 97, 113, 129, 151, 176, 204, 237, 273, 307, 342, 385, 434, 482, 531, 576, 620, 665, 713, 779, 856, 924, 1015, 1088, 1150, 1220, 1263, 1335, 1396, 1448, 1484, 1519, 1598, 1665, 1773, 1873, 1971, 2057, 2118, 2178, 2227, 2259, 2283, 2300, 2316, 2326, 2328, 2329, 2331]

INFO: Total Population: 2212172
INFO: R0: 2
INFO: Incubation Period: 5
INFO: Illness Period: 7
X:[0, 1, 2, 3, 4, 5, 6, 7, 8, 9, 10, 11, 12, 13, 14, 15, 16, 17, 18, 19, 20, 21, 22, 23, 24, 25, 26, 27, 28, 29, 30, 31, 32, 33, 34, 35, 36, 37, 38, 39, 40, 41, 42, 43, 44, 45, 46, 47, 48, 49, 50, 51, 52, 53, 54, 55, 56, 57, 58, 59, 60, 61, 62, 63, 64, 65, 66, 67, 68, 69, 70, 71, 72, 73, 74, 75, 76, 77, 78, 79, 80, 81, 82, 83, 84, 85, 86, 87, 88, 89, 90, 91, 92, 93, 94, 95, 96, 97, 98, 99, 100, 101, 102, 103, 104, 105, 106, 107, 108, 109, 110, 111, 112, 113]
YNEW:[0, 0, 0, 0, 0, 0, 0, 0, 0, 0, 0, 0, 0, 0, 0, 0, 0, 0, 0, 0, 0, 0, 0, 0, 0, 0, 0, 0, 0, 0, 0, 0, 0, 0, 0, 0, 0, 0, 0, 0, 0, 0, 0, 0, 1, 0, 0, 0, 1, 1, 1, 0, 0, 1, 2, 3, 3, 3, 4, 4, 4, 5, 8, 10, 13, 15, 18, 16, 16, 22, 25, 28, 33, 36, 34, 35, 43, 49, 48, 49, 45, 44, 45, 48, 66, 77, 68, 91, 73, 62, 70, 61, 53, 44, 52, 48, 36, 80, 96, 93, 91, 104, 79, 62, 50, 39, 33, 36, 31, 14, 13, 5, 2]
YTOT: [0, 0, 0, 0, 0, 0, 0, 0, 0, 0, 0, 0, 0, 0, 0, 0, 0, 0, 0, 0, 0, 0, 0, 0, 0, 0, 0, 0, 0, 0, 0, 0, 0, 0, 0, 0, 0, 0, 0, 0, 0, 0, 0, 0, 1, 1, 1, 1, 2, 3, 4, 4, 4, 5, 7, 10, 13, 16, 20, 24, 28, 33, 41, 51, 64, 79, 97, 113, 129, 151, 176, 204, 237, 273, 307, 342, 385, 434, 482, 531, 576, 620, 665, 713, 779, 856, 924, 1015, 1088, 1150, 1220, 1281, 1334, 1378, 1430, 1478, 1514, 1594, 1690, 1783, 1874, 1978, 2057, 2119, 2169, 2208, 2241, 2277, 2308, 2322, 2335, 2340, 2342]

INFO: Total Population: 2212172
INFO: R0: 2
INFO: Incubation Period: 5
INFO: Illness Period: 7
X:[0, 1, 2, 3, 4, 5, 6, 7, 8, 9, 10, 11, 12, 13, 14, 15, 16, 17, 18, 19, 20, 21, 22, 23, 24, 25, 26, 27, 28, 29, 30, 31, 32, 33, 34, 35, 36, 37, 38, 39, 40, 41, 42, 43, 44, 45, 46, 47, 48, 49, 50, 51, 52, 53, 54, 55, 56, 57, 58, 59, 60, 61, 62, 63, 64, 65, 66, 67, 68, 69, 70, 71, 72, 73, 74, 75, 76, 77, 78, 79, 80, 81, 82, 83, 84, 85, 86, 87, 88, 89, 90, 91, 92, 93, 94, 95, 96, 97, 98, 99, 100, 101, 102, 103, 104, 105, 106, 107, 108, 109, 110, 111, 112, 113, 114]
YNEW:[0, 0, 0, 0, 0, 0, 0, 0, 0, 0, 0, 0, 0, 0, 0, 0, 0, 0, 0, 0, 0, 0, 0, 0, 0, 0, 0, 0, 0, 0, 0, 0, 0, 0, 0, 0, 0, 0, 0, 0, 0, 0, 0, 0, 1, 0, 0, 0, 1, 1, 1, 0, 0, 1, 2, 3, 3, 3, 4, 4, 4, 5, 8, 10, 13, 15, 18, 16, 16, 22, 25, 28, 33, 36, 34, 35, 43, 49, 48, 49, 45, 44, 45, 48, 66, 77, 68, 91, 73, 62, 70, 47, 55, 50, 54, 39, 42, 77, 76, 81, 87, 87, 87, 62, 53, 41, 37, 30, 18, 11, 16, 10, 4, 1]
YTOT: [0, 0, 0, 0, 0, 0, 0, 0, 0, 0, 0, 0, 0, 0, 0, 0, 0, 0, 0, 0, 0, 0, 0, 0, 0, 0, 0, 0, 0, 0, 0, 0, 0, 0, 0, 0, 0, 0, 0, 0, 0, 0, 0, 0, 1, 1, 1, 1, 2, 3, 4, 4, 4, 5, 7, 10, 13, 16, 20, 24, 28, 33, 41, 51, 64, 79, 97, 113, 129, 151, 176, 204, 237, 273, 307, 342, 385, 434, 482, 531, 576, 620, 665, 713, 779, 856, 924, 1015, 1088, 1150, 1220, 1267, 1322, 1372, 1426, 1465, 1507, 1584, 1660, 1741, 1828, 1915, 2002, 2064, 2117, 2158, 2195, 2225, 2243, 2254, 2270, 2280, 2284, 2285]

INFO: Total Population: 2212172
INFO: R0: 2
INFO: Incubation Period: 5
INFO: Illness Period: 7
X:[0, 1, 2, 3, 4, 5, 6, 7, 8, 9, 10, 11, 12, 13, 14, 15, 16, 17, 18, 19, 20, 21, 22, 23, 24, 25, 26, 27, 28, 29, 30, 31, 32, 33, 34, 35, 36, 37, 38, 39, 40, 41, 42, 43, 44, 45, 46, 47, 48, 49, 50, 51, 52, 53, 54, 55, 56, 57, 58, 59, 60, 61, 62, 63, 64, 65, 66, 67, 68, 69, 70, 71, 72, 73, 74, 75, 76, 77, 78, 79, 80, 81, 82, 83, 84, 85, 86, 87, 88, 89, 90, 91, 92, 93, 94, 95, 96, 97, 98, 99, 100, 101, 102, 103, 104, 105, 106, 107, 108, 109, 110, 111, 112, 113]
YNEW:[0, 0, 0, 0, 0, 0, 0, 0, 0, 0, 0, 0, 0, 0, 0, 0, 0, 0, 0, 0, 0, 0, 0, 0, 0, 0, 0, 0, 0, 0, 0, 0, 0, 0, 0, 0, 0, 0, 0, 0, 0, 0, 0, 0, 1, 0, 0, 0, 1, 1, 1, 0, 0, 1, 2, 3, 3, 3, 4, 4, 4, 5, 8, 10, 13, 15, 18, 16, 16, 22, 25, 28, 33, 36, 34, 35, 43, 49, 48, 49, 45, 44, 45, 48, 66, 77, 68, 91, 73, 62, 70, 52, 43, 63, 47, 37, 55, 74, 94, 105, 89, 99, 89, 67, 50, 35, 49, 35, 24, 14, 8, 8, 4]
YTOT: [0, 0, 0, 0, 0, 0, 0, 0, 0, 0, 0, 0, 0, 0, 0, 0, 0, 0, 0, 0, 0, 0, 0, 0, 0, 0, 0, 0, 0, 0, 0, 0, 0, 0, 0, 0, 0, 0, 0, 0, 0, 0, 0, 0, 1, 1, 1, 1, 2, 3, 4, 4, 4, 5, 7, 10, 13, 16, 20, 24, 28, 33, 41, 51, 64, 79, 97, 113, 129, 151, 176, 204, 237, 273, 307, 342, 385, 434, 482, 531, 576, 620, 665, 713, 779, 856, 924, 1015, 1088, 1150, 1220, 1272, 1315, 1378, 1425, 1462, 1517, 1591, 1685, 1790, 1879, 1978, 2067, 2134, 2184, 2219, 2268, 2303, 2327, 2341, 2349, 2357, 2361]

INFO: Total Population: 2212172
INFO: R0: 2
INFO: Incubation Period: 5
INFO: Illness Period: 7
X:[0, 1, 2, 3, 4, 5, 6, 7, 8, 9, 10, 11, 12, 13, 14, 15, 16, 17, 18, 19, 20, 21, 22, 23, 24, 25, 26, 27, 28, 29, 30, 31, 32, 33, 34, 35, 36, 37, 38, 39, 40, 41, 42, 43, 44, 45, 46, 47, 48, 49, 50, 51, 52, 53, 54, 55, 56, 57, 58, 59, 60, 61, 62, 63, 64, 65, 66, 67, 68, 69, 70, 71, 72, 73, 74, 75, 76, 77, 78, 79, 80, 81, 82, 83, 84, 85, 86, 87, 88, 89, 90, 91, 92, 93, 94, 95, 96, 97, 98, 99, 100, 101, 102, 103, 104, 105, 106, 107, 108, 109, 110, 111, 112, 113, 114]
YNEW:[0, 0, 0, 0, 0, 0, 0, 0, 0, 0, 0, 0, 0, 0, 0, 0, 0, 0, 0, 0, 0, 0, 0, 0, 0, 0, 0, 0, 0, 0, 0, 0, 0, 0, 0, 0, 0, 0, 0, 0, 0, 0, 0, 0, 1, 0, 0, 0, 1, 1, 1, 0, 0, 1, 2, 3, 3, 3, 4, 4, 4, 5, 8, 10, 13, 15, 18, 16, 16, 22, 25, 28, 33, 36, 34, 35, 43, 49, 48, 49, 45, 44, 45, 48, 66, 77, 68, 91, 73, 62, 70, 67, 65, 47, 46, 52, 68, 58, 100, 89, 92, 122, 96, 69, 70, 64, 60, 36, 24, 9, 17, 8, 3, 1]
YTOT: [0, 0, 0, 0, 0, 0, 0, 0, 0, 0, 0, 0, 0, 0, 0, 0, 0, 0, 0, 0, 0, 0, 0, 0, 0, 0, 0, 0, 0, 0, 0, 0, 0, 0, 0, 0, 0, 0, 0, 0, 0, 0, 0, 0, 1, 1, 1, 1, 2, 3, 4, 4, 4, 5, 7, 10, 13, 16, 20, 24, 28, 33, 41, 51, 64, 79, 97, 113, 129, 151, 176, 204, 237, 273, 307, 342, 385, 434, 482, 531, 576, 620, 665, 713, 779, 856, 924, 1015, 1088, 1150, 1220, 1287, 1352, 1399, 1445, 1497, 1565, 1623, 1723, 1812, 1904, 2026, 2122, 2191, 2261, 2325, 2385, 2421, 2445, 2454, 2471, 2479, 2482, 2483]

INFO: Total Population: 2212172
INFO: R0: 2
INFO: Incubation Period: 5
INFO: Illness Period: 7
X:[0, 1, 2, 3, 4, 5, 6, 7, 8, 9, 10, 11, 12, 13, 14, 15, 16, 17, 18, 19, 20, 21, 22, 23, 24, 25, 26, 27, 28, 29, 30, 31, 32, 33, 34, 35, 36, 37, 38, 39, 40, 41, 42, 43, 44, 45, 46, 47, 48, 49, 50, 51, 52, 53, 54, 55, 56, 57, 58, 59, 60, 61, 62, 63, 64, 65, 66, 67, 68, 69, 70, 71, 72, 73, 74, 75, 76, 77, 78, 79, 80, 81, 82, 83, 84, 85, 86, 87, 88, 89, 90, 91, 92, 93, 94, 95, 96, 97, 98, 99, 100, 101, 102, 103, 104, 105, 106, 107, 108, 109, 110, 111, 112, 113, 114]
YNEW:[0, 0, 0, 0, 0, 0, 0, 0, 0, 0, 0, 0, 0, 0, 0, 0, 0, 0, 0, 0, 0, 0, 0, 0, 0, 0, 0, 0, 0, 0, 0, 0, 0, 0, 0, 0, 0, 0, 0, 0, 0, 0, 0, 0, 1, 0, 0, 0, 1, 1, 1, 0, 0, 1, 2, 3, 3, 3, 4, 4, 4, 5, 8, 10, 13, 15, 18, 16, 16, 22, 25, 28, 33, 36, 34, 35, 43, 49, 48, 49, 45, 44, 45, 48, 66, 77, 68, 91, 73, 62, 70, 46, 58, 46, 47, 36, 38, 69, 105, 105, 84, 95, 57, 50, 46, 42, 38, 30, 30, 11, 6, 6, 2, 2]
YTOT: [0, 0, 0, 0, 0, 0, 0, 0, 0, 0, 0, 0, 0, 0, 0, 0, 0, 0, 0, 0, 0, 0, 0, 0, 0, 0, 0, 0, 0, 0, 0, 0, 0, 0, 0, 0, 0, 0, 0, 0, 0, 0, 0, 0, 1, 1, 1, 1, 2, 3, 4, 4, 4, 5, 7, 10, 13, 16, 20, 24, 28, 33, 41, 51, 64, 79, 97, 113, 129, 151, 176, 204, 237, 273, 307, 342, 385, 434, 482, 531, 576, 620, 665, 713, 779, 856, 924, 1015, 1088, 1150, 1220, 1266, 1324, 1370, 1417, 1453, 1491, 1560, 1665, 1770, 1854, 1949, 2006, 2056, 2102, 2144, 2182, 2212, 2242, 2253, 2259, 2265, 2267, 2269]

INFO: Total Population: 2212172
INFO: R0: 2
INFO: Incubation Period: 5
INFO: Illness Period: 7
X:[0, 1, 2, 3, 4, 5, 6, 7, 8, 9, 10, 11, 12, 13, 14, 15, 16, 17, 18, 19, 20, 21, 22, 23, 24, 25, 26, 27, 28, 29, 30, 31, 32, 33, 34, 35, 36, 37, 38, 39, 40, 41, 42, 43, 44, 45, 46, 47, 48, 49, 50, 51, 52, 53, 54, 55, 56, 57, 58, 59, 60, 61, 62, 63, 64, 65, 66, 67, 68, 69, 70, 71, 72, 73, 74, 75, 76, 77, 78, 79, 80, 81, 82, 83, 84, 85, 86, 87, 88, 89, 90, 91, 92, 93, 94, 95, 96, 97, 98, 99, 100, 101, 102, 103, 104, 105, 106, 107, 108, 109, 110, 111, 112, 113, 114]
YNEW:[0, 0, 0, 0, 0, 0, 0, 0, 0, 0, 0, 0, 0, 0, 0, 0, 0, 0, 0, 0, 0, 0, 0, 0, 0, 0, 0, 0, 0, 0, 0, 0, 0, 0, 0, 0, 0, 0, 0, 0, 0, 0, 0, 0, 1, 0, 0, 0, 1, 1, 1, 0, 0, 1, 2, 3, 3, 3, 4, 4, 4, 5, 8, 10, 13, 15, 18, 16, 16, 22, 25, 28, 33, 36, 34, 35, 43, 49, 48, 49, 45, 44, 45, 48, 66, 77, 68, 91, 73, 62, 70, 56, 55, 52, 47, 50, 35, 74, 75, 92, 111, 101, 92, 54, 46, 42, 33, 34, 21, 15, 11, 7, 3, 1]
YTOT: [0, 0, 0, 0, 0, 0, 0, 0, 0, 0, 0, 0, 0, 0, 0, 0, 0, 0, 0, 0, 0, 0, 0, 0, 0, 0, 0, 0, 0, 0, 0, 0, 0, 0, 0, 0, 0, 0, 0, 0, 0, 0, 0, 0, 1, 1, 1, 1, 2, 3, 4, 4, 4, 5, 7, 10, 13, 16, 20, 24, 28, 33, 41, 51, 64, 79, 97, 113, 129, 151, 176, 204, 237, 273, 307, 342, 385, 434, 482, 531, 576, 620, 665, 713, 779, 856, 924, 1015, 1088, 1150, 1220, 1276, 1331, 1383, 1430, 1480, 1515, 1589, 1664, 1756, 1867, 1968, 2060, 2114, 2160, 2202, 2235, 2269, 2290, 2305, 2316, 2323, 2326, 2327]

INFO: Total Population: 2212172
INFO: R0: 2
INFO: Incubation Period: 5
INFO: Illness Period: 7
X:[0, 1, 2, 3, 4, 5, 6, 7, 8, 9, 10, 11, 12, 13, 14, 15, 16, 17, 18, 19, 20, 21, 22, 23, 24, 25, 26, 27, 28, 29, 30, 31, 32, 33, 34, 35, 36, 37, 38, 39, 40, 41, 42, 43, 44, 45, 46, 47, 48, 49, 50, 51, 52, 53, 54, 55, 56, 57, 58, 59, 60, 61, 62, 63, 64, 65, 66, 67, 68, 69, 70, 71, 72, 73, 74, 75, 76, 77, 78, 79, 80, 81, 82, 83, 84, 85, 86, 87, 88, 89, 90, 91, 92, 93, 94, 95, 96, 97, 98, 99, 100, 101, 102, 103, 104, 105, 106, 107, 108, 109, 110, 111, 112, 113]
YNEW:[0, 0, 0, 0, 0, 0, 0, 0, 0, 0, 0, 0, 0, 0, 0, 0, 0, 0, 0, 0, 0, 0, 0, 0, 0, 0, 0, 0, 0, 0, 0, 0, 0, 0, 0, 0, 0, 0, 0, 0, 0, 0, 0, 0, 1, 0, 0, 0, 1, 1, 1, 0, 0, 1, 2, 3, 3, 3, 4, 4, 4, 5, 8, 10, 13, 15, 18, 16, 16, 22, 25, 28, 33, 36, 34, 35, 43, 49, 48, 49, 45, 44, 45, 48, 66, 77, 68, 91, 73, 62, 70, 53, 62, 54, 54, 42, 45, 74, 85, 94, 89, 112, 75, 73, 60, 41, 42, 39, 27, 21, 12, 3, 1]
YTOT: [0, 0, 0, 0, 0, 0, 0, 0, 0, 0, 0, 0, 0, 0, 0, 0, 0, 0, 0, 0, 0, 0, 0, 0, 0, 0, 0, 0, 0, 0, 0, 0, 0, 0, 0, 0, 0, 0, 0, 0, 0, 0, 0, 0, 1, 1, 1, 1, 2, 3, 4, 4, 4, 5, 7, 10, 13, 16, 20, 24, 28, 33, 41, 51, 64, 79, 97, 113, 129, 151, 176, 204, 237, 273, 307, 342, 385, 434, 482, 531, 576, 620, 665, 713, 779, 856, 924, 1015, 1088, 1150, 1220, 1273, 1335, 1389, 1443, 1485, 1530, 1604, 1689, 1783, 1872, 1984, 2059, 2132, 2192, 2233, 2275, 2314, 2341, 2362, 2374, 2377, 2378]

INFO: Total Population: 2212172
INFO: R0: 2
INFO: Incubation Period: 5
INFO: Illness Period: 7
X:[0, 1, 2, 3, 4, 5, 6, 7, 8, 9, 10, 11, 12, 13, 14, 15, 16, 17, 18, 19, 20, 21, 22, 23, 24, 25, 26, 27, 28, 29, 30, 31, 32, 33, 34, 35, 36, 37, 38, 39, 40, 41, 42, 43, 44, 45, 46, 47, 48, 49, 50, 51, 52, 53, 54, 55, 56, 57, 58, 59, 60, 61, 62, 63, 64, 65, 66, 67, 68, 69, 70, 71, 72, 73, 74, 75, 76, 77, 78, 79, 80, 81, 82, 83, 84, 85, 86, 87, 88, 89, 90, 91, 92, 93, 94, 95, 96, 97, 98, 99, 100, 101, 102, 103, 104, 105, 106, 107, 108, 109, 110, 111, 112, 113, 114]
YNEW:[0, 0, 0, 0, 0, 0, 0, 0, 0, 0, 0, 0, 0, 0, 0, 0, 0, 0, 0, 0, 0, 0, 0, 0, 0, 0, 0, 0, 0, 0, 0, 0, 0, 0, 0, 0, 0, 0, 0, 0, 0, 0, 0, 0, 1, 0, 0, 0, 1, 1, 1, 0, 0, 1, 2, 3, 3, 3, 4, 4, 4, 5, 8, 10, 13, 15, 18, 16, 16, 22, 25, 28, 33, 36, 34, 35, 43, 49, 48, 49, 45, 44, 45, 48, 66, 77, 68, 91, 73, 62, 70, 52, 56, 51, 47, 46, 51, 72, 85, 84, 98, 95, 87, 78, 61, 44, 46, 29, 25, 20, 15, 9, 1, 4]
YTOT: [0, 0, 0, 0, 0, 0, 0, 0, 0, 0, 0, 0, 0, 0, 0, 0, 0, 0, 0, 0, 0, 0, 0, 0, 0, 0, 0, 0, 0, 0, 0, 0, 0, 0, 0, 0, 0, 0, 0, 0, 0, 0, 0, 0, 1, 1, 1, 1, 2, 3, 4, 4, 4, 5, 7, 10, 13, 16, 20, 24, 28, 33, 41, 51, 64, 79, 97, 113, 129, 151, 176, 204, 237, 273, 307, 342, 385, 434, 482, 531, 576, 620, 665, 713, 779, 856, 924, 1015, 1088, 1150, 1220, 1272, 1328, 1379, 1426, 1472, 1523, 1595, 1680, 1764, 1862, 1957, 2044, 2122, 2183, 2227, 2273, 2302, 2327, 2347, 2362, 2371, 2372, 2376]

INFO: Total Population: 2212172
INFO: R0: 2
INFO: Incubation Period: 5
INFO: Illness Period: 7
X:[0, 1, 2, 3, 4, 5, 6, 7, 8, 9, 10, 11, 12, 13, 14, 15, 16, 17, 18, 19, 20, 21, 22, 23, 24, 25, 26, 27, 28, 29, 30, 31, 32, 33, 34, 35, 36, 37, 38, 39, 40, 41, 42, 43, 44, 45, 46, 47, 48, 49, 50, 51, 52, 53, 54, 55, 56, 57, 58, 59, 60, 61, 62, 63, 64, 65, 66, 67, 68, 69, 70, 71, 72, 73, 74, 75, 76, 77, 78, 79, 80, 81, 82, 83, 84, 85, 86, 87, 88, 89, 90, 91, 92, 93, 94, 95, 96, 97, 98, 99, 100, 101, 102, 103, 104, 105, 106, 107, 108, 109, 110, 111, 112, 113, 114]
YNEW:[0, 0, 0, 0, 0, 0, 0, 0, 0, 0, 0, 0, 0, 0, 0, 0, 0, 0, 0, 0, 0, 0, 0, 0, 0, 0, 0, 0, 0, 0, 0, 0, 0, 0, 0, 0, 0, 0, 0, 0, 0, 0, 0, 0, 1, 0, 0, 0, 1, 1, 1, 0, 0, 1, 2, 3, 3, 3, 4, 4, 4, 5, 8, 10, 13, 15, 18, 16, 16, 22, 25, 28, 33, 36, 34, 35, 43, 49, 48, 49, 45, 44, 45, 48, 66, 77, 68, 91, 73, 62, 70, 48, 62, 53, 34, 37, 53, 99, 98, 85, 85, 85, 86, 63, 50, 32, 35, 32, 25, 15, 6, 11, 2, 2]
YTOT: [0, 0, 0, 0, 0, 0, 0, 0, 0, 0, 0, 0, 0, 0, 0, 0, 0, 0, 0, 0, 0, 0, 0, 0, 0, 0, 0, 0, 0, 0, 0, 0, 0, 0, 0, 0, 0, 0, 0, 0, 0, 0, 0, 0, 1, 1, 1, 1, 2, 3, 4, 4, 4, 5, 7, 10, 13, 16, 20, 24, 28, 33, 41, 51, 64, 79, 97, 113, 129, 151, 176, 204, 237, 273, 307, 342, 385, 434, 482, 531, 576, 620, 665, 713, 779, 856, 924, 1015, 1088, 1150, 1220, 1268, 1330, 1383, 1417, 1454, 1507, 1606, 1704, 1789, 1874, 1959, 2045, 2108, 2158, 2190, 2225, 2257, 2282, 2297, 2303, 2314, 2316, 2318]

INFO: Total Population: 2212172
INFO: R0: 2
INFO: Incubation Period: 5
INFO: Illness Period: 7
X:[0, 1, 2, 3, 4, 5, 6, 7, 8, 9, 10, 11, 12, 13, 14, 15, 16, 17, 18, 19, 20, 21, 22, 23, 24, 25, 26, 27, 28, 29, 30, 31, 32, 33, 34, 35, 36, 37, 38, 39, 40, 41, 42, 43, 44, 45, 46, 47, 48, 49, 50, 51, 52, 53, 54, 55, 56, 57, 58, 59, 60, 61, 62, 63, 64, 65, 66, 67, 68, 69, 70, 71, 72, 73, 74, 75, 76, 77, 78, 79, 80, 81, 82, 83, 84, 85, 86, 87, 88, 89, 90, 91, 92, 93, 94, 95, 96, 97, 98, 99, 100, 101, 102, 103, 104, 105, 106, 107, 108, 109, 110, 111, 112, 113, 114]
YNEW:[0, 0, 0, 0, 0, 0, 0, 0, 0, 0, 0, 0, 0, 0, 0, 0, 0, 0, 0, 0, 0, 0, 0, 0, 0, 0, 0, 0, 0, 0, 0, 0, 0, 0, 0, 0, 0, 0, 0, 0, 0, 0, 0, 0, 1, 0, 0, 0, 1, 1, 1, 0, 0, 1, 2, 3, 3, 3, 4, 4, 4, 5, 8, 10, 13, 15, 18, 16, 16, 22, 25, 28, 33, 36, 34, 35, 43, 49, 48, 49, 45, 44, 45, 48, 66, 77, 68, 91, 73, 62, 70, 60, 50, 60, 53, 44, 63, 73, 85, 100, 95, 92, 93, 67, 74, 34, 52, 38, 29, 22, 11, 2, 2, 1]
YTOT: [0, 0, 0, 0, 0, 0, 0, 0, 0, 0, 0, 0, 0, 0, 0, 0, 0, 0, 0, 0, 0, 0, 0, 0, 0, 0, 0, 0, 0, 0, 0, 0, 0, 0, 0, 0, 0, 0, 0, 0, 0, 0, 0, 0, 1, 1, 1, 1, 2, 3, 4, 4, 4, 5, 7, 10, 13, 16, 20, 24, 28, 33, 41, 51, 64, 79, 97, 113, 129, 151, 176, 204, 237, 273, 307, 342, 385, 434, 482, 531, 576, 620, 665, 713, 779, 856, 924, 1015, 1088, 1150, 1220, 1280, 1330, 1390, 1443, 1487, 1550, 1623, 1708, 1808, 1903, 1995, 2088, 2155, 2229, 2263, 2315, 2353, 2382, 2404, 2415, 2417, 2419, 2420]

INFO: Total Population: 2212172
INFO: R0: 2
INFO: Incubation Period: 5
INFO: Illness Period: 7
X:[0, 1, 2, 3, 4, 5, 6, 7, 8, 9, 10, 11, 12, 13, 14, 15, 16, 17, 18, 19, 20, 21, 22, 23, 24, 25, 26, 27, 28, 29, 30, 31, 32, 33, 34, 35, 36, 37, 38, 39, 40, 41, 42, 43, 44, 45, 46, 47, 48, 49, 50, 51, 52, 53, 54, 55, 56, 57, 58, 59, 60, 61, 62, 63, 64, 65, 66, 67, 68, 69, 70, 71, 72, 73, 74, 75, 76, 77, 78, 79, 80, 81, 82, 83, 84, 85, 86, 87, 88, 89, 90, 91, 92, 93, 94, 95, 96, 97, 98, 99, 100, 101, 102, 103, 104, 105, 106, 107, 108, 109, 110, 111, 112, 113, 114]
YNEW:[0, 0, 0, 0, 0, 0, 0, 0, 0, 0, 0, 0, 0, 0, 0, 0, 0, 0, 0, 0, 0, 0, 0, 0, 0, 0, 0, 0, 0, 0, 0, 0, 0, 0, 0, 0, 0, 0, 0, 0, 0, 0, 0, 0, 1, 0, 0, 0, 1, 1, 1, 0, 0, 1, 2, 3, 3, 3, 4, 4, 4, 5, 8, 10, 13, 15, 18, 16, 16, 22, 25, 28, 33, 36, 34, 35, 43, 49, 48, 49, 45, 44, 45, 48, 66, 77, 68, 91, 73, 62, 70, 62, 54, 62, 46, 39, 53, 79, 95, 95, 96, 105, 85, 55, 66, 39, 47, 31, 26, 17, 13, 6, 5, 2]
YTOT: [0, 0, 0, 0, 0, 0, 0, 0, 0, 0, 0, 0, 0, 0, 0, 0, 0, 0, 0, 0, 0, 0, 0, 0, 0, 0, 0, 0, 0, 0, 0, 0, 0, 0, 0, 0, 0, 0, 0, 0, 0, 0, 0, 0, 1, 1, 1, 1, 2, 3, 4, 4, 4, 5, 7, 10, 13, 16, 20, 24, 28, 33, 41, 51, 64, 79, 97, 113, 129, 151, 176, 204, 237, 273, 307, 342, 385, 434, 482, 531, 576, 620, 665, 713, 779, 856, 924, 1015, 1088, 1150, 1220, 1282, 1336, 1398, 1444, 1483, 1536, 1615, 1710, 1805, 1901, 2006, 2091, 2146, 2212, 2251, 2298, 2329, 2355, 2372, 2385, 2391, 2396, 2398]

INFO: Total Population: 2212172
INFO: R0: 2
INFO: Incubation Period: 5
INFO: Illness Period: 7
X:[0, 1, 2, 3, 4, 5, 6, 7, 8, 9, 10, 11, 12, 13, 14, 15, 16, 17, 18, 19, 20, 21, 22, 23, 24, 25, 26, 27, 28, 29, 30, 31, 32, 33, 34, 35, 36, 37, 38, 39, 40, 41, 42, 43, 44, 45, 46, 47, 48, 49, 50, 51, 52, 53, 54, 55, 56, 57, 58, 59, 60, 61, 62, 63, 64, 65, 66, 67, 68, 69, 70, 71, 72, 73, 74, 75, 76, 77, 78, 79, 80, 81, 82, 83, 84, 85, 86, 87, 88, 89, 90, 91, 92, 93, 94, 95, 96, 97, 98, 99, 100, 101, 102, 103, 104, 105, 106, 107, 108, 109, 110, 111, 112, 113]
YNEW:[0, 0, 0, 0, 0, 0, 0, 0, 0, 0, 0, 0, 0, 0, 0, 0, 0, 0, 0, 0, 0, 0, 0, 0, 0, 0, 0, 0, 0, 0, 0, 0, 0, 0, 0, 0, 0, 0, 0, 0, 0, 0, 0, 0, 1, 0, 0, 0, 1, 1, 1, 0, 0, 1, 2, 3, 3, 3, 4, 4, 4, 5, 8, 10, 13, 15, 18, 16, 16, 22, 25, 28, 33, 36, 34, 35, 43, 49, 48, 49, 45, 44, 45, 48, 66, 77, 68, 91, 73, 62, 70, 65, 52, 53, 65, 35, 39, 85, 95, 105, 81, 90, 99, 64, 78, 59, 35, 23, 11, 11, 10, 10, 4]
YTOT: [0, 0, 0, 0, 0, 0, 0, 0, 0, 0, 0, 0, 0, 0, 0, 0, 0, 0, 0, 0, 0, 0, 0, 0, 0, 0, 0, 0, 0, 0, 0, 0, 0, 0, 0, 0, 0, 0, 0, 0, 0, 0, 0, 0, 1, 1, 1, 1, 2, 3, 4, 4, 4, 5, 7, 10, 13, 16, 20, 24, 28, 33, 41, 51, 64, 79, 97, 113, 129, 151, 176, 204, 237, 273, 307, 342, 385, 434, 482, 531, 576, 620, 665, 713, 779, 856, 924, 1015, 1088, 1150, 1220, 1285, 1337, 1390, 1455, 1490, 1529, 1614, 1709, 1814, 1895, 1985, 2084, 2148, 2226, 2285, 2320, 2343, 2354, 2365, 2375, 2385, 2389]

INFO: Total Population: 2212172
INFO: R0: 2
INFO: Incubation Period: 5
INFO: Illness Period: 7
X:[0, 1, 2, 3, 4, 5, 6, 7, 8, 9, 10, 11, 12, 13, 14, 15, 16, 17, 18, 19, 20, 21, 22, 23, 24, 25, 26, 27, 28, 29, 30, 31, 32, 33, 34, 35, 36, 37, 38, 39, 40, 41, 42, 43, 44, 45, 46, 47, 48, 49, 50, 51, 52, 53, 54, 55, 56, 57, 58, 59, 60, 61, 62, 63, 64, 65, 66, 67, 68, 69, 70, 71, 72, 73, 74, 75, 76, 77, 78, 79, 80, 81, 82, 83, 84, 85, 86, 87, 88, 89, 90, 91, 92, 93, 94, 95, 96, 97, 98, 99, 100, 101, 102, 103, 104, 105, 106, 107, 108, 109, 110, 111, 112, 113, 114]
YNEW:[0, 0, 0, 0, 0, 0, 0, 0, 0, 0, 0, 0, 0, 0, 0, 0, 0, 0, 0, 0, 0, 0, 0, 0, 0, 0, 0, 0, 0, 0, 0, 0, 0, 0, 0, 0, 0, 0, 0, 0, 0, 0, 0, 0, 1, 0, 0, 0, 1, 1, 1, 0, 0, 1, 2, 3, 3, 3, 4, 4, 4, 5, 8, 10, 13, 15, 18, 16, 16, 22, 25, 28, 33, 36, 34, 35, 43, 49, 48, 49, 45, 44, 45, 48, 66, 77, 68, 91, 73, 62, 70, 53, 52, 53, 58, 47, 34, 77, 70, 98, 109, 105, 95, 69, 44, 40, 43, 34, 25, 17, 6, 5, 4, 1]
YTOT: [0, 0, 0, 0, 0, 0, 0, 0, 0, 0, 0, 0, 0, 0, 0, 0, 0, 0, 0, 0, 0, 0, 0, 0, 0, 0, 0, 0, 0, 0, 0, 0, 0, 0, 0, 0, 0, 0, 0, 0, 0, 0, 0, 0, 1, 1, 1, 1, 2, 3, 4, 4, 4, 5, 7, 10, 13, 16, 20, 24, 28, 33, 41, 51, 64, 79, 97, 113, 129, 151, 176, 204, 237, 273, 307, 342, 385, 434, 482, 531, 576, 620, 665, 713, 779, 856, 924, 1015, 1088, 1150, 1220, 1273, 1325, 1378, 1436, 1483, 1517, 1594, 1664, 1762, 1871, 1976, 2071, 2140, 2184, 2224, 2267, 2301, 2326, 2343, 2349, 2354, 2358, 2359]

INFO: Total Population: 2212172
INFO: R0: 2
INFO: Incubation Period: 5
INFO: Illness Period: 7
X:[0, 1, 2, 3, 4, 5, 6, 7, 8, 9, 10, 11, 12, 13, 14, 15, 16, 17, 18, 19, 20, 21, 22, 23, 24, 25, 26, 27, 28, 29, 30, 31, 32, 33, 34, 35, 36, 37, 38, 39, 40, 41, 42, 43, 44, 45, 46, 47, 48, 49, 50, 51, 52, 53, 54, 55, 56, 57, 58, 59, 60, 61, 62, 63, 64, 65, 66, 67, 68, 69, 70, 71, 72, 73, 74, 75, 76, 77, 78, 79, 80, 81, 82, 83, 84, 85, 86, 87, 88, 89, 90, 91, 92, 93, 94, 95, 96, 97, 98, 99, 100, 101, 102, 103, 104, 105, 106, 107, 108, 109, 110, 111, 112, 113, 114]
YNEW:[0, 0, 0, 0, 0, 0, 0, 0, 0, 0, 0, 0, 0, 0, 0, 0, 0, 0, 0, 0, 0, 0, 0, 0, 0, 0, 0, 0, 0, 0, 0, 0, 0, 0, 0, 0, 0, 0, 0, 0, 0, 0, 0, 0, 1, 0, 0, 0, 1, 1, 1, 0, 0, 1, 2, 3, 3, 3, 4, 4, 4, 5, 8, 10, 13, 15, 18, 16, 16, 22, 25, 28, 33, 36, 34, 35, 43, 49, 48, 49, 45, 44, 45, 48, 66, 77, 68, 91, 73, 62, 70, 53, 74, 46, 41, 49, 49, 78, 88, 102, 100, 112, 77, 58, 69, 38, 40, 33, 21, 15, 13, 3, 5, 4]
YTOT: [0, 0, 0, 0, 0, 0, 0, 0, 0, 0, 0, 0, 0, 0, 0, 0, 0, 0, 0, 0, 0, 0, 0, 0, 0, 0, 0, 0, 0, 0, 0, 0, 0, 0, 0, 0, 0, 0, 0, 0, 0, 0, 0, 0, 1, 1, 1, 1, 2, 3, 4, 4, 4, 5, 7, 10, 13, 16, 20, 24, 28, 33, 41, 51, 64, 79, 97, 113, 129, 151, 176, 204, 237, 273, 307, 342, 385, 434, 482, 531, 576, 620, 665, 713, 779, 856, 924, 1015, 1088, 1150, 1220, 1273, 1347, 1393, 1434, 1483, 1532, 1610, 1698, 1800, 1900, 2012, 2089, 2147, 2216, 2254, 2294, 2327, 2348, 2363, 2376, 2379, 2384, 2388]

INFO: Total Population: 2212172
INFO: R0: 2
INFO: Incubation Period: 5
INFO: Illness Period: 7
X:[0, 1, 2, 3, 4, 5, 6, 7, 8, 9, 10, 11, 12, 13, 14, 15, 16, 17, 18, 19, 20, 21, 22, 23, 24, 25, 26, 27, 28, 29, 30, 31, 32, 33, 34, 35, 36, 37, 38, 39, 40, 41, 42, 43, 44, 45, 46, 47, 48, 49, 50, 51, 52, 53, 54, 55, 56, 57, 58, 59, 60, 61, 62, 63, 64, 65, 66, 67, 68, 69, 70, 71, 72, 73, 74, 75, 76, 77, 78, 79, 80, 81, 82, 83, 84, 85, 86, 87, 88, 89, 90, 91, 92, 93, 94, 95, 96, 97, 98, 99, 100, 101, 102, 103, 104, 105, 106, 107, 108, 109, 110, 111, 112, 113]
YNEW:[0, 0, 0, 0, 0, 0, 0, 0, 0, 0, 0, 0, 0, 0, 0, 0, 0, 0, 0, 0, 0, 0, 0, 0, 0, 0, 0, 0, 0, 0, 0, 0, 0, 0, 0, 0, 0, 0, 0, 0, 0, 0, 0, 0, 1, 0, 0, 0, 1, 1, 1, 0, 0, 1, 2, 3, 3, 3, 4, 4, 4, 5, 8, 10, 13, 15, 18, 16, 16, 22, 25, 28, 33, 36, 34, 35, 43, 49, 48, 49, 45, 44, 45, 48, 66, 77, 68, 91, 73, 62, 70, 50, 53, 53, 52, 40, 68, 68, 91, 82, 84, 97, 86, 71, 65, 53, 43, 35, 25, 19, 12, 5, 4]
YTOT: [0, 0, 0, 0, 0, 0, 0, 0, 0, 0, 0, 0, 0, 0, 0, 0, 0, 0, 0, 0, 0, 0, 0, 0, 0, 0, 0, 0, 0, 0, 0, 0, 0, 0, 0, 0, 0, 0, 0, 0, 0, 0, 0, 0, 1, 1, 1, 1, 2, 3, 4, 4, 4, 5, 7, 10, 13, 16, 20, 24, 28, 33, 41, 51, 64, 79, 97, 113, 129, 151, 176, 204, 237, 273, 307, 342, 385, 434, 482, 531, 576, 620, 665, 713, 779, 856, 924, 1015, 1088, 1150, 1220, 1270, 1323, 1376, 1428, 1468, 1536, 1604, 1695, 1777, 1861, 1958, 2044, 2115, 2180, 2233, 2276, 2311, 2336, 2355, 2367, 2372, 2376]

INFO: Total Population: 2212172
INFO: R0: 2
INFO: Incubation Period: 5
INFO: Illness Period: 7
X:[0, 1, 2, 3, 4, 5, 6, 7, 8, 9, 10, 11, 12, 13, 14, 15, 16, 17, 18, 19, 20, 21, 22, 23, 24, 25, 26, 27, 28, 29, 30, 31, 32, 33, 34, 35, 36, 37, 38, 39, 40, 41, 42, 43, 44, 45, 46, 47, 48, 49, 50, 51, 52, 53, 54, 55, 56, 57, 58, 59, 60, 61, 62, 63, 64, 65, 66, 67, 68, 69, 70, 71, 72, 73, 74, 75, 76, 77, 78, 79, 80, 81, 82, 83, 84, 85, 86, 87, 88, 89, 90, 91, 92, 93, 94, 95, 96, 97, 98, 99, 100, 101, 102, 103, 104, 105, 106, 107, 108, 109, 110, 111, 112, 113]
YNEW:[0, 0, 0, 0, 0, 0, 0, 0, 0, 0, 0, 0, 0, 0, 0, 0, 0, 0, 0, 0, 0, 0, 0, 0, 0, 0, 0, 0, 0, 0, 0, 0, 0, 0, 0, 0, 0, 0, 0, 0, 0, 0, 0, 0, 1, 0, 0, 0, 1, 1, 1, 0, 0, 1, 2, 3, 3, 3, 4, 4, 4, 5, 8, 10, 13, 15, 18, 16, 16, 22, 25, 28, 33, 36, 34, 35, 43, 49, 48, 49, 45, 44, 45, 48, 66, 77, 68, 91, 73, 62, 70, 65, 53, 65, 52, 45, 84, 82, 92, 105, 89, 121, 98, 79, 77, 58, 43, 39, 25, 26, 16, 7, 2]
YTOT: [0, 0, 0, 0, 0, 0, 0, 0, 0, 0, 0, 0, 0, 0, 0, 0, 0, 0, 0, 0, 0, 0, 0, 0, 0, 0, 0, 0, 0, 0, 0, 0, 0, 0, 0, 0, 0, 0, 0, 0, 0, 0, 0, 0, 1, 1, 1, 1, 2, 3, 4, 4, 4, 5, 7, 10, 13, 16, 20, 24, 28, 33, 41, 51, 64, 79, 97, 113, 129, 151, 176, 204, 237, 273, 307, 342, 385, 434, 482, 531, 576, 620, 665, 713, 779, 856, 924, 1015, 1088, 1150, 1220, 1285, 1338, 1403, 1455, 1500, 1584, 1666, 1758, 1863, 1952, 2073, 2171, 2250, 2327, 2385, 2428, 2467, 2492, 2518, 2534, 2541, 2543]

INFO: Total Population: 2212172
INFO: R0: 2
INFO: Incubation Period: 5
INFO: Illness Period: 7
X:[0, 1, 2, 3, 4, 5, 6, 7, 8, 9, 10, 11, 12, 13, 14, 15, 16, 17, 18, 19, 20, 21, 22, 23, 24, 25, 26, 27, 28, 29, 30, 31, 32, 33, 34, 35, 36, 37, 38, 39, 40, 41, 42, 43, 44, 45, 46, 47, 48, 49, 50, 51, 52, 53, 54, 55, 56, 57, 58, 59, 60, 61, 62, 63, 64, 65, 66, 67, 68, 69, 70, 71, 72, 73, 74, 75, 76, 77, 78, 79, 80, 81, 82, 83, 84, 85, 86, 87, 88, 89, 90, 91, 92, 93, 94, 95, 96, 97, 98, 99, 100, 101, 102, 103, 104, 105, 106, 107, 108, 109, 110, 111, 112, 113, 114]
YNEW:[0, 0, 0, 0, 0, 0, 0, 0, 0, 0, 0, 0, 0, 0, 0, 0, 0, 0, 0, 0, 0, 0, 0, 0, 0, 0, 0, 0, 0, 0, 0, 0, 0, 0, 0, 0, 0, 0, 0, 0, 0, 0, 0, 0, 1, 0, 0, 0, 1, 1, 1, 0, 0, 1, 2, 3, 3, 3, 4, 4, 4, 5, 8, 10, 13, 15, 18, 16, 16, 22, 25, 28, 33, 36, 34, 35, 43, 49, 48, 49, 45, 44, 45, 48, 66, 77, 68, 91, 73, 62, 70, 67, 50, 55, 52, 44, 63, 75, 82, 96, 101, 114, 75, 76, 62, 45, 38, 32, 30, 18, 9, 8, 5, 1]
YTOT: [0, 0, 0, 0, 0, 0, 0, 0, 0, 0, 0, 0, 0, 0, 0, 0, 0, 0, 0, 0, 0, 0, 0, 0, 0, 0, 0, 0, 0, 0, 0, 0, 0, 0, 0, 0, 0, 0, 0, 0, 0, 0, 0, 0, 1, 1, 1, 1, 2, 3, 4, 4, 4, 5, 7, 10, 13, 16, 20, 24, 28, 33, 41, 51, 64, 79, 97, 113, 129, 151, 176, 204, 237, 273, 307, 342, 385, 434, 482, 531, 576, 620, 665, 713, 779, 856, 924, 1015, 1088, 1150, 1220, 1287, 1337, 1392, 1444, 1488, 1551, 1626, 1708, 1804, 1905, 2019, 2094, 2170, 2232, 2277, 2315, 2347, 2377, 2395, 2404, 2412, 2417, 2418]

INFO: Total Population: 2212172
INFO: R0: 2
INFO: Incubation Period: 5
INFO: Illness Period: 7
X:[0, 1, 2, 3, 4, 5, 6, 7, 8, 9, 10, 11, 12, 13, 14, 15, 16, 17, 18, 19, 20, 21, 22, 23, 24, 25, 26, 27, 28, 29, 30, 31, 32, 33, 34, 35, 36, 37, 38, 39, 40, 41, 42, 43, 44, 45, 46, 47, 48, 49, 50, 51, 52, 53, 54, 55, 56, 57, 58, 59, 60, 61, 62, 63, 64, 65, 66, 67, 68, 69, 70, 71, 72, 73, 74, 75, 76, 77, 78, 79, 80, 81, 82, 83, 84, 85, 86, 87, 88, 89, 90, 91, 92, 93, 94, 95, 96, 97, 98, 99, 100, 101, 102, 103, 104, 105, 106, 107, 108, 109, 110, 111, 112, 113, 114]
YNEW:[0, 0, 0, 0, 0, 0, 0, 0, 0, 0, 0, 0, 0, 0, 0, 0, 0, 0, 0, 0, 0, 0, 0, 0, 0, 0, 0, 0, 0, 0, 0, 0, 0, 0, 0, 0, 0, 0, 0, 0, 0, 0, 0, 0, 1, 0, 0, 0, 1, 1, 1, 0, 0, 1, 2, 3, 3, 3, 4, 4, 4, 5, 8, 10, 13, 15, 18, 16, 16, 22, 25, 28, 33, 36, 34, 35, 43, 49, 48, 49, 45, 44, 45, 48, 66, 77, 68, 91, 73, 62, 70, 62, 54, 61, 61, 41, 38, 76, 86, 113, 120, 106, 93, 67, 56, 42, 45, 21, 19, 16, 11, 5, 1, 3]
YTOT: [0, 0, 0, 0, 0, 0, 0, 0, 0, 0, 0, 0, 0, 0, 0, 0, 0, 0, 0, 0, 0, 0, 0, 0, 0, 0, 0, 0, 0, 0, 0, 0, 0, 0, 0, 0, 0, 0, 0, 0, 0, 0, 0, 0, 1, 1, 1, 1, 2, 3, 4, 4, 4, 5, 7, 10, 13, 16, 20, 24, 28, 33, 41, 51, 64, 79, 97, 113, 129, 151, 176, 204, 237, 273, 307, 342, 385, 434, 482, 531, 576, 620, 665, 713, 779, 856, 924, 1015, 1088, 1150, 1220, 1282, 1336, 1397, 1458, 1499, 1537, 1613, 1699, 1812, 1932, 2038, 2131, 2198, 2254, 2296, 2341, 2362, 2381, 2397, 2408, 2413, 2414, 2417]

INFO: Total Population: 2212172
INFO: R0: 2
INFO: Incubation Period: 5
INFO: Illness Period: 7
X:[0, 1, 2, 3, 4, 5, 6, 7, 8, 9, 10, 11, 12, 13, 14, 15, 16, 17, 18, 19, 20, 21, 22, 23, 24, 25, 26, 27, 28, 29, 30, 31, 32, 33, 34, 35, 36, 37, 38, 39, 40, 41, 42, 43, 44, 45, 46, 47, 48, 49, 50, 51, 52, 53, 54, 55, 56, 57, 58, 59, 60, 61, 62, 63, 64, 65, 66, 67, 68, 69, 70, 71, 72, 73, 74, 75, 76, 77, 78, 79, 80, 81, 82, 83, 84, 85, 86, 87, 88, 89, 90, 91, 92, 93, 94, 95, 96, 97, 98, 99, 100, 101, 102, 103, 104, 105, 106, 107, 108, 109, 110, 111, 112, 113]
YNEW:[0, 0, 0, 0, 0, 0, 0, 0, 0, 0, 0, 0, 0, 0, 0, 0, 0, 0, 0, 0, 0, 0, 0, 0, 0, 0, 0, 0, 0, 0, 0, 0, 0, 0, 0, 0, 0, 0, 0, 0, 0, 0, 0, 0, 1, 0, 0, 0, 1, 1, 1, 0, 0, 1, 2, 3, 3, 3, 4, 4, 4, 5, 8, 10, 13, 15, 18, 16, 16, 22, 25, 28, 33, 36, 34, 35, 43, 49, 48, 49, 45, 44, 45, 48, 66, 77, 68, 91, 73, 62, 70, 62, 64, 49, 61, 42, 39, 83, 82, 101, 100, 91, 94, 67, 58, 48, 45, 22, 26, 17, 12, 9, 3]
YTOT: [0, 0, 0, 0, 0, 0, 0, 0, 0, 0, 0, 0, 0, 0, 0, 0, 0, 0, 0, 0, 0, 0, 0, 0, 0, 0, 0, 0, 0, 0, 0, 0, 0, 0, 0, 0, 0, 0, 0, 0, 0, 0, 0, 0, 1, 1, 1, 1, 2, 3, 4, 4, 4, 5, 7, 10, 13, 16, 20, 24, 28, 33, 41, 51, 64, 79, 97, 113, 129, 151, 176, 204, 237, 273, 307, 342, 385, 434, 482, 531, 576, 620, 665, 713, 779, 856, 924, 1015, 1088, 1150, 1220, 1282, 1346, 1395, 1456, 1498, 1537, 1620, 1702, 1803, 1903, 1994, 2088, 2155, 2213, 2261, 2306, 2328, 2354, 2371, 2383, 2392, 2395]

END