

INFO: Total Population: 3164182
INFO: R0: 2
INFO: Incubation Period: 5
INFO: Illness Period: 7
X:[0, 1, 2, 3, 4, 5, 6, 7, 8, 9, 10, 11, 12, 13, 14, 15, 16, 17, 18, 19, 20, 21, 22, 23, 24, 25, 26, 27, 28, 29, 30, 31, 32, 33, 34, 35, 36, 37, 38, 39, 40, 41, 42, 43, 44, 45, 46, 47, 48, 49, 50, 51, 52, 53, 54, 55, 56, 57, 58, 59, 60, 61, 62, 63, 64, 65, 66, 67, 68, 69, 70, 71, 72, 73, 74, 75, 76, 77, 78, 79, 80, 81, 82, 83, 84, 85, 86, 87, 88, 89, 90, 91, 92, 93, 94, 95, 96, 97, 98, 99, 100, 101, 102, 103, 104, 105, 106, 107, 108, 109, 110, 111, 112, 113, 114, 115, 116]
YNEW:[0, 0, 0, 0, 0, 0, 0, 0, 0, 0, 0, 0, 0, 0, 0, 0, 0, 0, 0, 0, 0, 0, 0, 0, 0, 0, 0, 0, 0, 0, 0, 0, 0, 0, 0, 0, 0, 0, 0, 0, 0, 0, 1, 1, 0, 0, 0, 1, 1, 1, 1, 3, 2, 3, 4, 5, 8, 9, 11, 12, 14, 19, 23, 28, 43, 53, 65, 56, 48, 42, 61, 58, 60, 66, 61, 54, 52, 62, 63, 63, 71, 67, 46, 33, 44, 45, 56, 60, 68, 59, 44, 47, 55, 43, 43, 45, 41, 36, 44, 35, 38, 46, 51, 53, 59, 53, 43, 25, 34, 23, 23, 14, 7, 8, 6, 2]
YTOT: [0, 0, 0, 0, 0, 0, 0, 0, 0, 0, 0, 0, 0, 0, 0, 0, 0, 0, 0, 0, 0, 0, 0, 0, 0, 0, 0, 0, 0, 0, 0, 0, 0, 0, 0, 0, 0, 0, 0, 0, 0, 0, 1, 2, 2, 2, 2, 3, 4, 5, 6, 9, 11, 14, 18, 23, 31, 40, 51, 63, 77, 96, 119, 147, 190, 243, 308, 364, 412, 454, 515, 573, 633, 699, 760, 814, 866, 928, 991, 1054, 1125, 1192, 1238, 1271, 1315, 1360, 1416, 1476, 1544, 1603, 1647, 1694, 1749, 1792, 1835, 1880, 1921, 1957, 2001, 2036, 2074, 2120, 2171, 2224, 2283, 2336, 2379, 2404, 2438, 2461, 2484, 2498, 2505, 2513, 2519, 2521]

INFO: Total Population: 3164182
INFO: R0: 2
INFO: Incubation Period: 5
INFO: Illness Period: 7
X:[0, 1, 2, 3, 4, 5, 6, 7, 8, 9, 10, 11, 12, 13, 14, 15, 16, 17, 18, 19, 20, 21, 22, 23, 24, 25, 26, 27, 28, 29, 30, 31, 32, 33, 34, 35, 36, 37, 38, 39, 40, 41, 42, 43, 44, 45, 46, 47, 48, 49, 50, 51, 52, 53, 54, 55, 56, 57, 58, 59, 60, 61, 62, 63, 64, 65, 66, 67, 68, 69, 70, 71, 72, 73, 74, 75, 76, 77, 78, 79, 80, 81, 82, 83, 84, 85, 86, 87, 88, 89, 90, 91, 92, 93, 94, 95, 96, 97, 98, 99, 100, 101, 102, 103, 104, 105, 106, 107, 108, 109, 110, 111, 112, 113, 114, 115, 116]
YNEW:[0, 0, 0, 0, 0, 0, 0, 0, 0, 0, 0, 0, 0, 0, 0, 0, 0, 0, 0, 0, 0, 0, 0, 0, 0, 0, 0, 0, 0, 0, 0, 0, 0, 0, 0, 0, 0, 0, 0, 0, 0, 0, 1, 1, 0, 0, 0, 1, 1, 1, 1, 3, 2, 3, 4, 5, 8, 9, 11, 12, 14, 19, 23, 28, 43, 53, 65, 56, 48, 42, 61, 58, 60, 66, 61, 54, 52, 62, 63, 63, 71, 67, 46, 33, 44, 45, 56, 60, 68, 59, 44, 47, 55, 43, 56, 49, 39, 43, 41, 38, 58, 48, 49, 58, 66, 60, 48, 32, 26, 33, 20, 13, 9, 9, 1, 1]
YTOT: [0, 0, 0, 0, 0, 0, 0, 0, 0, 0, 0, 0, 0, 0, 0, 0, 0, 0, 0, 0, 0, 0, 0, 0, 0, 0, 0, 0, 0, 0, 0, 0, 0, 0, 0, 0, 0, 0, 0, 0, 0, 0, 1, 2, 2, 2, 2, 3, 4, 5, 6, 9, 11, 14, 18, 23, 31, 40, 51, 63, 77, 96, 119, 147, 190, 243, 308, 364, 412, 454, 515, 573, 633, 699, 760, 814, 866, 928, 991, 1054, 1125, 1192, 1238, 1271, 1315, 1360, 1416, 1476, 1544, 1603, 1647, 1694, 1749, 1792, 1848, 1897, 1936, 1979, 2020, 2058, 2116, 2164, 2213, 2271, 2337, 2397, 2445, 2477, 2503, 2536, 2556, 2569, 2578, 2587, 2588, 2589]

INFO: Total Population: 3164182
INFO: R0: 2
INFO: Incubation Period: 5
INFO: Illness Period: 7
X:[0, 1, 2, 3, 4, 5, 6, 7, 8, 9, 10, 11, 12, 13, 14, 15, 16, 17, 18, 19, 20, 21, 22, 23, 24, 25, 26, 27, 28, 29, 30, 31, 32, 33, 34, 35, 36, 37, 38, 39, 40, 41, 42, 43, 44, 45, 46, 47, 48, 49, 50, 51, 52, 53, 54, 55, 56, 57, 58, 59, 60, 61, 62, 63, 64, 65, 66, 67, 68, 69, 70, 71, 72, 73, 74, 75, 76, 77, 78, 79, 80, 81, 82, 83, 84, 85, 86, 87, 88, 89, 90, 91, 92, 93, 94, 95, 96, 97, 98, 99, 100, 101, 102, 103, 104, 105, 106, 107, 108, 109, 110, 111, 112, 113, 114, 115, 116]
YNEW:[0, 0, 0, 0, 0, 0, 0, 0, 0, 0, 0, 0, 0, 0, 0, 0, 0, 0, 0, 0, 0, 0, 0, 0, 0, 0, 0, 0, 0, 0, 0, 0, 0, 0, 0, 0, 0, 0, 0, 0, 0, 0, 1, 1, 0, 0, 0, 1, 1, 1, 1, 3, 2, 3, 4, 5, 8, 9, 11, 12, 14, 19, 23, 28, 43, 53, 65, 56, 48, 42, 61, 58, 60, 66, 61, 54, 52, 62, 63, 63, 71, 67, 46, 33, 44, 45, 56, 60, 68, 59, 44, 47, 55, 43, 57, 48, 41, 47, 34, 30, 52, 58, 51, 60, 56, 61, 37, 40, 29, 18, 15, 13, 9, 10, 7, 4]
YTOT: [0, 0, 0, 0, 0, 0, 0, 0, 0, 0, 0, 0, 0, 0, 0, 0, 0, 0, 0, 0, 0, 0, 0, 0, 0, 0, 0, 0, 0, 0, 0, 0, 0, 0, 0, 0, 0, 0, 0, 0, 0, 0, 1, 2, 2, 2, 2, 3, 4, 5, 6, 9, 11, 14, 18, 23, 31, 40, 51, 63, 77, 96, 119, 147, 190, 243, 308, 364, 412, 454, 515, 573, 633, 699, 760, 814, 866, 928, 991, 1054, 1125, 1192, 1238, 1271, 1315, 1360, 1416, 1476, 1544, 1603, 1647, 1694, 1749, 1792, 1849, 1897, 1938, 1985, 2019, 2049, 2101, 2159, 2210, 2270, 2326, 2387, 2424, 2464, 2493, 2511, 2526, 2539, 2548, 2558, 2565, 2569]

INFO: Total Population: 3164182
INFO: R0: 2
INFO: Incubation Period: 5
INFO: Illness Period: 7
X:[0, 1, 2, 3, 4, 5, 6, 7, 8, 9, 10, 11, 12, 13, 14, 15, 16, 17, 18, 19, 20, 21, 22, 23, 24, 25, 26, 27, 28, 29, 30, 31, 32, 33, 34, 35, 36, 37, 38, 39, 40, 41, 42, 43, 44, 45, 46, 47, 48, 49, 50, 51, 52, 53, 54, 55, 56, 57, 58, 59, 60, 61, 62, 63, 64, 65, 66, 67, 68, 69, 70, 71, 72, 73, 74, 75, 76, 77, 78, 79, 80, 81, 82, 83, 84, 85, 86, 87, 88, 89, 90, 91, 92, 93, 94, 95, 96, 97, 98, 99, 100, 101, 102, 103, 104, 105, 106, 107, 108, 109, 110, 111, 112, 113, 114, 115, 116]
YNEW:[0, 0, 0, 0, 0, 0, 0, 0, 0, 0, 0, 0, 0, 0, 0, 0, 0, 0, 0, 0, 0, 0, 0, 0, 0, 0, 0, 0, 0, 0, 0, 0, 0, 0, 0, 0, 0, 0, 0, 0, 0, 0, 1, 1, 0, 0, 0, 1, 1, 1, 1, 3, 2, 3, 4, 5, 8, 9, 11, 12, 14, 19, 23, 28, 43, 53, 65, 56, 48, 42, 61, 58, 60, 66, 61, 54, 52, 62, 63, 63, 71, 67, 46, 33, 44, 45, 56, 60, 68, 59, 44, 47, 55, 43, 49, 49, 39, 38, 31, 46, 46, 56, 57, 48, 64, 46, 43, 39, 36, 18, 18, 20, 9, 3, 4, 1]
YTOT: [0, 0, 0, 0, 0, 0, 0, 0, 0, 0, 0, 0, 0, 0, 0, 0, 0, 0, 0, 0, 0, 0, 0, 0, 0, 0, 0, 0, 0, 0, 0, 0, 0, 0, 0, 0, 0, 0, 0, 0, 0, 0, 1, 2, 2, 2, 2, 3, 4, 5, 6, 9, 11, 14, 18, 23, 31, 40, 51, 63, 77, 96, 119, 147, 190, 243, 308, 364, 412, 454, 515, 573, 633, 699, 760, 814, 866, 928, 991, 1054, 1125, 1192, 1238, 1271, 1315, 1360, 1416, 1476, 1544, 1603, 1647, 1694, 1749, 1792, 1841, 1890, 1929, 1967, 1998, 2044, 2090, 2146, 2203, 2251, 2315, 2361, 2404, 2443, 2479, 2497, 2515, 2535, 2544, 2547, 2551, 2552]

INFO: Total Population: 3164182
INFO: R0: 2
INFO: Incubation Period: 5
INFO: Illness Period: 7
X:[0, 1, 2, 3, 4, 5, 6, 7, 8, 9, 10, 11, 12, 13, 14, 15, 16, 17, 18, 19, 20, 21, 22, 23, 24, 25, 26, 27, 28, 29, 30, 31, 32, 33, 34, 35, 36, 37, 38, 39, 40, 41, 42, 43, 44, 45, 46, 47, 48, 49, 50, 51, 52, 53, 54, 55, 56, 57, 58, 59, 60, 61, 62, 63, 64, 65, 66, 67, 68, 69, 70, 71, 72, 73, 74, 75, 76, 77, 78, 79, 80, 81, 82, 83, 84, 85, 86, 87, 88, 89, 90, 91, 92, 93, 94, 95, 96, 97, 98, 99, 100, 101, 102, 103, 104, 105, 106, 107, 108, 109, 110, 111, 112, 113, 114, 115, 116, 117]
YNEW:[0, 0, 0, 0, 0, 0, 0, 0, 0, 0, 0, 0, 0, 0, 0, 0, 0, 0, 0, 0, 0, 0, 0, 0, 0, 0, 0, 0, 0, 0, 0, 0, 0, 0, 0, 0, 0, 0, 0, 0, 0, 0, 1, 1, 0, 0, 0, 1, 1, 1, 1, 3, 2, 3, 4, 5, 8, 9, 11, 12, 14, 19, 23, 28, 43, 53, 65, 56, 48, 42, 61, 58, 60, 66, 61, 54, 52, 62, 63, 63, 71, 67, 46, 33, 44, 45, 56, 60, 68, 59, 44, 47, 55, 43, 51, 45, 61, 37, 42, 34, 50, 55, 58, 66, 65, 52, 52, 35, 34, 31, 14, 20, 8, 4, 6, 5, 1]
YTOT: [0, 0, 0, 0, 0, 0, 0, 0, 0, 0, 0, 0, 0, 0, 0, 0, 0, 0, 0, 0, 0, 0, 0, 0, 0, 0, 0, 0, 0, 0, 0, 0, 0, 0, 0, 0, 0, 0, 0, 0, 0, 0, 1, 2, 2, 2, 2, 3, 4, 5, 6, 9, 11, 14, 18, 23, 31, 40, 51, 63, 77, 96, 119, 147, 190, 243, 308, 364, 412, 454, 515, 573, 633, 699, 760, 814, 866, 928, 991, 1054, 1125, 1192, 1238, 1271, 1315, 1360, 1416, 1476, 1544, 1603, 1647, 1694, 1749, 1792, 1843, 1888, 1949, 1986, 2028, 2062, 2112, 2167, 2225, 2291, 2356, 2408, 2460, 2495, 2529, 2560, 2574, 2594, 2602, 2606, 2612, 2617, 2618]

INFO: Total Population: 3164182
INFO: R0: 2
INFO: Incubation Period: 5
INFO: Illness Period: 7
X:[0, 1, 2, 3, 4, 5, 6, 7, 8, 9, 10, 11, 12, 13, 14, 15, 16, 17, 18, 19, 20, 21, 22, 23, 24, 25, 26, 27, 28, 29, 30, 31, 32, 33, 34, 35, 36, 37, 38, 39, 40, 41, 42, 43, 44, 45, 46, 47, 48, 49, 50, 51, 52, 53, 54, 55, 56, 57, 58, 59, 60, 61, 62, 63, 64, 65, 66, 67, 68, 69, 70, 71, 72, 73, 74, 75, 76, 77, 78, 79, 80, 81, 82, 83, 84, 85, 86, 87, 88, 89, 90, 91, 92, 93, 94, 95, 96, 97, 98, 99, 100, 101, 102, 103, 104, 105, 106, 107, 108, 109, 110, 111, 112, 113, 114, 115, 116, 117]
YNEW:[0, 0, 0, 0, 0, 0, 0, 0, 0, 0, 0, 0, 0, 0, 0, 0, 0, 0, 0, 0, 0, 0, 0, 0, 0, 0, 0, 0, 0, 0, 0, 0, 0, 0, 0, 0, 0, 0, 0, 0, 0, 0, 1, 1, 0, 0, 0, 1, 1, 1, 1, 3, 2, 3, 4, 5, 8, 9, 11, 12, 14, 19, 23, 28, 43, 53, 65, 56, 48, 42, 61, 58, 60, 66, 61, 54, 52, 62, 63, 63, 71, 67, 46, 33, 44, 45, 56, 60, 68, 59, 44, 47, 55, 43, 35, 50, 42, 53, 37, 32, 41, 39, 76, 67, 55, 57, 42, 33, 31, 24, 24, 13, 7, 4, 4, 1, 1]
YTOT: [0, 0, 0, 0, 0, 0, 0, 0, 0, 0, 0, 0, 0, 0, 0, 0, 0, 0, 0, 0, 0, 0, 0, 0, 0, 0, 0, 0, 0, 0, 0, 0, 0, 0, 0, 0, 0, 0, 0, 0, 0, 0, 1, 2, 2, 2, 2, 3, 4, 5, 6, 9, 11, 14, 18, 23, 31, 40, 51, 63, 77, 96, 119, 147, 190, 243, 308, 364, 412, 454, 515, 573, 633, 699, 760, 814, 866, 928, 991, 1054, 1125, 1192, 1238, 1271, 1315, 1360, 1416, 1476, 1544, 1603, 1647, 1694, 1749, 1792, 1827, 1877, 1919, 1972, 2009, 2041, 2082, 2121, 2197, 2264, 2319, 2376, 2418, 2451, 2482, 2506, 2530, 2543, 2550, 2554, 2558, 2559, 2560]

INFO: Total Population: 3164182
INFO: R0: 2
INFO: Incubation Period: 5
INFO: Illness Period: 7
X:[0, 1, 2, 3, 4, 5, 6, 7, 8, 9, 10, 11, 12, 13, 14, 15, 16, 17, 18, 19, 20, 21, 22, 23, 24, 25, 26, 27, 28, 29, 30, 31, 32, 33, 34, 35, 36, 37, 38, 39, 40, 41, 42, 43, 44, 45, 46, 47, 48, 49, 50, 51, 52, 53, 54, 55, 56, 57, 58, 59, 60, 61, 62, 63, 64, 65, 66, 67, 68, 69, 70, 71, 72, 73, 74, 75, 76, 77, 78, 79, 80, 81, 82, 83, 84, 85, 86, 87, 88, 89, 90, 91, 92, 93, 94, 95, 96, 97, 98, 99, 100, 101, 102, 103, 104, 105, 106, 107, 108, 109, 110, 111, 112, 113, 114, 115, 116, 117]
YNEW:[0, 0, 0, 0, 0, 0, 0, 0, 0, 0, 0, 0, 0, 0, 0, 0, 0, 0, 0, 0, 0, 0, 0, 0, 0, 0, 0, 0, 0, 0, 0, 0, 0, 0, 0, 0, 0, 0, 0, 0, 0, 0, 1, 1, 0, 0, 0, 1, 1, 1, 1, 3, 2, 3, 4, 5, 8, 9, 11, 12, 14, 19, 23, 28, 43, 53, 65, 56, 48, 42, 61, 58, 60, 66, 61, 54, 52, 62, 63, 63, 71, 67, 46, 33, 44, 45, 56, 60, 68, 59, 44, 47, 55, 43, 36, 53, 43, 37, 34, 51, 56, 42, 60, 59, 61, 57, 38, 26, 34, 19, 22, 22, 10, 4, 4, 2, 1]
YTOT: [0, 0, 0, 0, 0, 0, 0, 0, 0, 0, 0, 0, 0, 0, 0, 0, 0, 0, 0, 0, 0, 0, 0, 0, 0, 0, 0, 0, 0, 0, 0, 0, 0, 0, 0, 0, 0, 0, 0, 0, 0, 0, 1, 2, 2, 2, 2, 3, 4, 5, 6, 9, 11, 14, 18, 23, 31, 40, 51, 63, 77, 96, 119, 147, 190, 243, 308, 364, 412, 454, 515, 573, 633, 699, 760, 814, 866, 928, 991, 1054, 1125, 1192, 1238, 1271, 1315, 1360, 1416, 1476, 1544, 1603, 1647, 1694, 1749, 1792, 1828, 1881, 1924, 1961, 1995, 2046, 2102, 2144, 2204, 2263, 2324, 2381, 2419, 2445, 2479, 2498, 2520, 2542, 2552, 2556, 2560, 2562, 2563]

INFO: Total Population: 3164182
INFO: R0: 2
INFO: Incubation Period: 5
INFO: Illness Period: 7
X:[0, 1, 2, 3, 4, 5, 6, 7, 8, 9, 10, 11, 12, 13, 14, 15, 16, 17, 18, 19, 20, 21, 22, 23, 24, 25, 26, 27, 28, 29, 30, 31, 32, 33, 34, 35, 36, 37, 38, 39, 40, 41, 42, 43, 44, 45, 46, 47, 48, 49, 50, 51, 52, 53, 54, 55, 56, 57, 58, 59, 60, 61, 62, 63, 64, 65, 66, 67, 68, 69, 70, 71, 72, 73, 74, 75, 76, 77, 78, 79, 80, 81, 82, 83, 84, 85, 86, 87, 88, 89, 90, 91, 92, 93, 94, 95, 96, 97, 98, 99, 100, 101, 102, 103, 104, 105, 106, 107, 108, 109, 110, 111, 112, 113, 114, 115, 116, 117]
YNEW:[0, 0, 0, 0, 0, 0, 0, 0, 0, 0, 0, 0, 0, 0, 0, 0, 0, 0, 0, 0, 0, 0, 0, 0, 0, 0, 0, 0, 0, 0, 0, 0, 0, 0, 0, 0, 0, 0, 0, 0, 0, 0, 1, 1, 0, 0, 0, 1, 1, 1, 1, 3, 2, 3, 4, 5, 8, 9, 11, 12, 14, 19, 23, 28, 43, 53, 65, 56, 48, 42, 61, 58, 60, 66, 61, 54, 52, 62, 63, 63, 71, 67, 46, 33, 44, 45, 56, 60, 68, 59, 44, 47, 55, 43, 41, 51, 47, 54, 32, 33, 44, 47, 57, 59, 67, 49, 32, 31, 32, 28, 28, 19, 10, 5, 2, 1, 1]
YTOT: [0, 0, 0, 0, 0, 0, 0, 0, 0, 0, 0, 0, 0, 0, 0, 0, 0, 0, 0, 0, 0, 0, 0, 0, 0, 0, 0, 0, 0, 0, 0, 0, 0, 0, 0, 0, 0, 0, 0, 0, 0, 0, 1, 2, 2, 2, 2, 3, 4, 5, 6, 9, 11, 14, 18, 23, 31, 40, 51, 63, 77, 96, 119, 147, 190, 243, 308, 364, 412, 454, 515, 573, 633, 699, 760, 814, 866, 928, 991, 1054, 1125, 1192, 1238, 1271, 1315, 1360, 1416, 1476, 1544, 1603, 1647, 1694, 1749, 1792, 1833, 1884, 1931, 1985, 2017, 2050, 2094, 2141, 2198, 2257, 2324, 2373, 2405, 2436, 2468, 2496, 2524, 2543, 2553, 2558, 2560, 2561, 2562]

INFO: Total Population: 3164182
INFO: R0: 2
INFO: Incubation Period: 5
INFO: Illness Period: 7
X:[0, 1, 2, 3, 4, 5, 6, 7, 8, 9, 10, 11, 12, 13, 14, 15, 16, 17, 18, 19, 20, 21, 22, 23, 24, 25, 26, 27, 28, 29, 30, 31, 32, 33, 34, 35, 36, 37, 38, 39, 40, 41, 42, 43, 44, 45, 46, 47, 48, 49, 50, 51, 52, 53, 54, 55, 56, 57, 58, 59, 60, 61, 62, 63, 64, 65, 66, 67, 68, 69, 70, 71, 72, 73, 74, 75, 76, 77, 78, 79, 80, 81, 82, 83, 84, 85, 86, 87, 88, 89, 90, 91, 92, 93, 94, 95, 96, 97, 98, 99, 100, 101, 102, 103, 104, 105, 106, 107, 108, 109, 110, 111, 112, 113, 114, 115, 116]
YNEW:[0, 0, 0, 0, 0, 0, 0, 0, 0, 0, 0, 0, 0, 0, 0, 0, 0, 0, 0, 0, 0, 0, 0, 0, 0, 0, 0, 0, 0, 0, 0, 0, 0, 0, 0, 0, 0, 0, 0, 0, 0, 0, 1, 1, 0, 0, 0, 1, 1, 1, 1, 3, 2, 3, 4, 5, 8, 9, 11, 12, 14, 19, 23, 28, 43, 53, 65, 56, 48, 42, 61, 58, 60, 66, 61, 54, 52, 62, 63, 63, 71, 67, 46, 33, 44, 45, 56, 60, 68, 59, 44, 47, 55, 43, 53, 47, 44, 50, 47, 53, 46, 46, 63, 53, 82, 59, 48, 55, 25, 24, 19, 13, 9, 7, 4, 6]
YTOT: [0, 0, 0, 0, 0, 0, 0, 0, 0, 0, 0, 0, 0, 0, 0, 0, 0, 0, 0, 0, 0, 0, 0, 0, 0, 0, 0, 0, 0, 0, 0, 0, 0, 0, 0, 0, 0, 0, 0, 0, 0, 0, 1, 2, 2, 2, 2, 3, 4, 5, 6, 9, 11, 14, 18, 23, 31, 40, 51, 63, 77, 96, 119, 147, 190, 243, 308, 364, 412, 454, 515, 573, 633, 699, 760, 814, 866, 928, 991, 1054, 1125, 1192, 1238, 1271, 1315, 1360, 1416, 1476, 1544, 1603, 1647, 1694, 1749, 1792, 1845, 1892, 1936, 1986, 2033, 2086, 2132, 2178, 2241, 2294, 2376, 2435, 2483, 2538, 2563, 2587, 2606, 2619, 2628, 2635, 2639, 2645]

INFO: Total Population: 3164182
INFO: R0: 2
INFO: Incubation Period: 5
INFO: Illness Period: 7
X:[0, 1, 2, 3, 4, 5, 6, 7, 8, 9, 10, 11, 12, 13, 14, 15, 16, 17, 18, 19, 20, 21, 22, 23, 24, 25, 26, 27, 28, 29, 30, 31, 32, 33, 34, 35, 36, 37, 38, 39, 40, 41, 42, 43, 44, 45, 46, 47, 48, 49, 50, 51, 52, 53, 54, 55, 56, 57, 58, 59, 60, 61, 62, 63, 64, 65, 66, 67, 68, 69, 70, 71, 72, 73, 74, 75, 76, 77, 78, 79, 80, 81, 82, 83, 84, 85, 86, 87, 88, 89, 90, 91, 92, 93, 94, 95, 96, 97, 98, 99, 100, 101, 102, 103, 104, 105, 106, 107, 108, 109, 110, 111, 112, 113, 114, 115, 116]
YNEW:[0, 0, 0, 0, 0, 0, 0, 0, 0, 0, 0, 0, 0, 0, 0, 0, 0, 0, 0, 0, 0, 0, 0, 0, 0, 0, 0, 0, 0, 0, 0, 0, 0, 0, 0, 0, 0, 0, 0, 0, 0, 0, 1, 1, 0, 0, 0, 1, 1, 1, 1, 3, 2, 3, 4, 5, 8, 9, 11, 12, 14, 19, 23, 28, 43, 53, 65, 56, 48, 42, 61, 58, 60, 66, 61, 54, 52, 62, 63, 63, 71, 67, 46, 33, 44, 45, 56, 60, 68, 59, 44, 47, 55, 43, 38, 40, 52, 45, 31, 38, 43, 46, 54, 62, 53, 51, 37, 36, 30, 27, 21, 13, 7, 7, 6, 1]
YTOT: [0, 0, 0, 0, 0, 0, 0, 0, 0, 0, 0, 0, 0, 0, 0, 0, 0, 0, 0, 0, 0, 0, 0, 0, 0, 0, 0, 0, 0, 0, 0, 0, 0, 0, 0, 0, 0, 0, 0, 0, 0, 0, 1, 2, 2, 2, 2, 3, 4, 5, 6, 9, 11, 14, 18, 23, 31, 40, 51, 63, 77, 96, 119, 147, 190, 243, 308, 364, 412, 454, 515, 573, 633, 699, 760, 814, 866, 928, 991, 1054, 1125, 1192, 1238, 1271, 1315, 1360, 1416, 1476, 1544, 1603, 1647, 1694, 1749, 1792, 1830, 1870, 1922, 1967, 1998, 2036, 2079, 2125, 2179, 2241, 2294, 2345, 2382, 2418, 2448, 2475, 2496, 2509, 2516, 2523, 2529, 2530]

INFO: Total Population: 3164182
INFO: R0: 2
INFO: Incubation Period: 5
INFO: Illness Period: 7
X:[0, 1, 2, 3, 4, 5, 6, 7, 8, 9, 10, 11, 12, 13, 14, 15, 16, 17, 18, 19, 20, 21, 22, 23, 24, 25, 26, 27, 28, 29, 30, 31, 32, 33, 34, 35, 36, 37, 38, 39, 40, 41, 42, 43, 44, 45, 46, 47, 48, 49, 50, 51, 52, 53, 54, 55, 56, 57, 58, 59, 60, 61, 62, 63, 64, 65, 66, 67, 68, 69, 70, 71, 72, 73, 74, 75, 76, 77, 78, 79, 80, 81, 82, 83, 84, 85, 86, 87, 88, 89, 90, 91, 92, 93, 94, 95, 96, 97, 98, 99, 100, 101, 102, 103, 104, 105, 106, 107, 108, 109, 110, 111, 112, 113, 114, 115, 116]
YNEW:[0, 0, 0, 0, 0, 0, 0, 0, 0, 0, 0, 0, 0, 0, 0, 0, 0, 0, 0, 0, 0, 0, 0, 0, 0, 0, 0, 0, 0, 0, 0, 0, 0, 0, 0, 0, 0, 0, 0, 0, 0, 0, 1, 1, 0, 0, 0, 1, 1, 1, 1, 3, 2, 3, 4, 5, 8, 9, 11, 12, 14, 19, 23, 28, 43, 53, 65, 56, 48, 42, 61, 58, 60, 66, 61, 54, 52, 62, 63, 63, 71, 67, 46, 33, 44, 45, 56, 60, 68, 59, 44, 47, 55, 43, 45, 45, 56, 45, 44, 28, 43, 68, 57, 69, 66, 32, 35, 37, 30, 23, 18, 21, 13, 7, 5, 1]
YTOT: [0, 0, 0, 0, 0, 0, 0, 0, 0, 0, 0, 0, 0, 0, 0, 0, 0, 0, 0, 0, 0, 0, 0, 0, 0, 0, 0, 0, 0, 0, 0, 0, 0, 0, 0, 0, 0, 0, 0, 0, 0, 0, 1, 2, 2, 2, 2, 3, 4, 5, 6, 9, 11, 14, 18, 23, 31, 40, 51, 63, 77, 96, 119, 147, 190, 243, 308, 364, 412, 454, 515, 573, 633, 699, 760, 814, 866, 928, 991, 1054, 1125, 1192, 1238, 1271, 1315, 1360, 1416, 1476, 1544, 1603, 1647, 1694, 1749, 1792, 1837, 1882, 1938, 1983, 2027, 2055, 2098, 2166, 2223, 2292, 2358, 2390, 2425, 2462, 2492, 2515, 2533, 2554, 2567, 2574, 2579, 2580]

INFO: Total Population: 3164182
INFO: R0: 2
INFO: Incubation Period: 5
INFO: Illness Period: 7
X:[0, 1, 2, 3, 4, 5, 6, 7, 8, 9, 10, 11, 12, 13, 14, 15, 16, 17, 18, 19, 20, 21, 22, 23, 24, 25, 26, 27, 28, 29, 30, 31, 32, 33, 34, 35, 36, 37, 38, 39, 40, 41, 42, 43, 44, 45, 46, 47, 48, 49, 50, 51, 52, 53, 54, 55, 56, 57, 58, 59, 60, 61, 62, 63, 64, 65, 66, 67, 68, 69, 70, 71, 72, 73, 74, 75, 76, 77, 78, 79, 80, 81, 82, 83, 84, 85, 86, 87, 88, 89, 90, 91, 92, 93, 94, 95, 96, 97, 98, 99, 100, 101, 102, 103, 104, 105, 106, 107, 108, 109, 110, 111, 112, 113, 114, 115, 116]
YNEW:[0, 0, 0, 0, 0, 0, 0, 0, 0, 0, 0, 0, 0, 0, 0, 0, 0, 0, 0, 0, 0, 0, 0, 0, 0, 0, 0, 0, 0, 0, 0, 0, 0, 0, 0, 0, 0, 0, 0, 0, 0, 0, 1, 1, 0, 0, 0, 1, 1, 1, 1, 3, 2, 3, 4, 5, 8, 9, 11, 12, 14, 19, 23, 28, 43, 53, 65, 56, 48, 42, 61, 58, 60, 66, 61, 54, 52, 62, 63, 63, 71, 67, 46, 33, 44, 45, 56, 60, 68, 59, 44, 47, 55, 43, 51, 40, 32, 48, 34, 46, 52, 48, 60, 46, 62, 44, 43, 31, 34, 28, 27, 13, 9, 5, 5, 1]
YTOT: [0, 0, 0, 0, 0, 0, 0, 0, 0, 0, 0, 0, 0, 0, 0, 0, 0, 0, 0, 0, 0, 0, 0, 0, 0, 0, 0, 0, 0, 0, 0, 0, 0, 0, 0, 0, 0, 0, 0, 0, 0, 0, 1, 2, 2, 2, 2, 3, 4, 5, 6, 9, 11, 14, 18, 23, 31, 40, 51, 63, 77, 96, 119, 147, 190, 243, 308, 364, 412, 454, 515, 573, 633, 699, 760, 814, 866, 928, 991, 1054, 1125, 1192, 1238, 1271, 1315, 1360, 1416, 1476, 1544, 1603, 1647, 1694, 1749, 1792, 1843, 1883, 1915, 1963, 1997, 2043, 2095, 2143, 2203, 2249, 2311, 2355, 2398, 2429, 2463, 2491, 2518, 2531, 2540, 2545, 2550, 2551]

INFO: Total Population: 3164182
INFO: R0: 2
INFO: Incubation Period: 5
INFO: Illness Period: 7
X:[0, 1, 2, 3, 4, 5, 6, 7, 8, 9, 10, 11, 12, 13, 14, 15, 16, 17, 18, 19, 20, 21, 22, 23, 24, 25, 26, 27, 28, 29, 30, 31, 32, 33, 34, 35, 36, 37, 38, 39, 40, 41, 42, 43, 44, 45, 46, 47, 48, 49, 50, 51, 52, 53, 54, 55, 56, 57, 58, 59, 60, 61, 62, 63, 64, 65, 66, 67, 68, 69, 70, 71, 72, 73, 74, 75, 76, 77, 78, 79, 80, 81, 82, 83, 84, 85, 86, 87, 88, 89, 90, 91, 92, 93, 94, 95, 96, 97, 98, 99, 100, 101, 102, 103, 104, 105, 106, 107, 108, 109, 110, 111, 112, 113, 114, 115, 116, 117]
YNEW:[0, 0, 0, 0, 0, 0, 0, 0, 0, 0, 0, 0, 0, 0, 0, 0, 0, 0, 0, 0, 0, 0, 0, 0, 0, 0, 0, 0, 0, 0, 0, 0, 0, 0, 0, 0, 0, 0, 0, 0, 0, 0, 1, 1, 0, 0, 0, 1, 1, 1, 1, 3, 2, 3, 4, 5, 8, 9, 11, 12, 14, 19, 23, 28, 43, 53, 65, 56, 48, 42, 61, 58, 60, 66, 61, 54, 52, 62, 63, 63, 71, 67, 46, 33, 44, 45, 56, 60, 68, 59, 44, 47, 55, 43, 52, 40, 33, 48, 42, 54, 52, 48, 61, 62, 72, 58, 41, 34, 24, 36, 20, 22, 8, 10, 4, 1, 1]
YTOT: [0, 0, 0, 0, 0, 0, 0, 0, 0, 0, 0, 0, 0, 0, 0, 0, 0, 0, 0, 0, 0, 0, 0, 0, 0, 0, 0, 0, 0, 0, 0, 0, 0, 0, 0, 0, 0, 0, 0, 0, 0, 0, 1, 2, 2, 2, 2, 3, 4, 5, 6, 9, 11, 14, 18, 23, 31, 40, 51, 63, 77, 96, 119, 147, 190, 243, 308, 364, 412, 454, 515, 573, 633, 699, 760, 814, 866, 928, 991, 1054, 1125, 1192, 1238, 1271, 1315, 1360, 1416, 1476, 1544, 1603, 1647, 1694, 1749, 1792, 1844, 1884, 1917, 1965, 2007, 2061, 2113, 2161, 2222, 2284, 2356, 2414, 2455, 2489, 2513, 2549, 2569, 2591, 2599, 2609, 2613, 2614, 2615]

INFO: Total Population: 3164182
INFO: R0: 2
INFO: Incubation Period: 5
INFO: Illness Period: 7
X:[0, 1, 2, 3, 4, 5, 6, 7, 8, 9, 10, 11, 12, 13, 14, 15, 16, 17, 18, 19, 20, 21, 22, 23, 24, 25, 26, 27, 28, 29, 30, 31, 32, 33, 34, 35, 36, 37, 38, 39, 40, 41, 42, 43, 44, 45, 46, 47, 48, 49, 50, 51, 52, 53, 54, 55, 56, 57, 58, 59, 60, 61, 62, 63, 64, 65, 66, 67, 68, 69, 70, 71, 72, 73, 74, 75, 76, 77, 78, 79, 80, 81, 82, 83, 84, 85, 86, 87, 88, 89, 90, 91, 92, 93, 94, 95, 96, 97, 98, 99, 100, 101, 102, 103, 104, 105, 106, 107, 108, 109, 110, 111, 112, 113, 114, 115, 116]
YNEW:[0, 0, 0, 0, 0, 0, 0, 0, 0, 0, 0, 0, 0, 0, 0, 0, 0, 0, 0, 0, 0, 0, 0, 0, 0, 0, 0, 0, 0, 0, 0, 0, 0, 0, 0, 0, 0, 0, 0, 0, 0, 0, 1, 1, 0, 0, 0, 1, 1, 1, 1, 3, 2, 3, 4, 5, 8, 9, 11, 12, 14, 19, 23, 28, 43, 53, 65, 56, 48, 42, 61, 58, 60, 66, 61, 54, 52, 62, 63, 63, 71, 67, 46, 33, 44, 45, 56, 60, 68, 59, 44, 47, 55, 43, 50, 41, 54, 29, 49, 32, 46, 57, 64, 50, 49, 58, 44, 36, 27, 32, 18, 13, 12, 4, 7, 3]
YTOT: [0, 0, 0, 0, 0, 0, 0, 0, 0, 0, 0, 0, 0, 0, 0, 0, 0, 0, 0, 0, 0, 0, 0, 0, 0, 0, 0, 0, 0, 0, 0, 0, 0, 0, 0, 0, 0, 0, 0, 0, 0, 0, 1, 2, 2, 2, 2, 3, 4, 5, 6, 9, 11, 14, 18, 23, 31, 40, 51, 63, 77, 96, 119, 147, 190, 243, 308, 364, 412, 454, 515, 573, 633, 699, 760, 814, 866, 928, 991, 1054, 1125, 1192, 1238, 1271, 1315, 1360, 1416, 1476, 1544, 1603, 1647, 1694, 1749, 1792, 1842, 1883, 1937, 1966, 2015, 2047, 2093, 2150, 2214, 2264, 2313, 2371, 2415, 2451, 2478, 2510, 2528, 2541, 2553, 2557, 2564, 2567]

INFO: Total Population: 3164182
INFO: R0: 2
INFO: Incubation Period: 5
INFO: Illness Period: 7
X:[0, 1, 2, 3, 4, 5, 6, 7, 8, 9, 10, 11, 12, 13, 14, 15, 16, 17, 18, 19, 20, 21, 22, 23, 24, 25, 26, 27, 28, 29, 30, 31, 32, 33, 34, 35, 36, 37, 38, 39, 40, 41, 42, 43, 44, 45, 46, 47, 48, 49, 50, 51, 52, 53, 54, 55, 56, 57, 58, 59, 60, 61, 62, 63, 64, 65, 66, 67, 68, 69, 70, 71, 72, 73, 74, 75, 76, 77, 78, 79, 80, 81, 82, 83, 84, 85, 86, 87, 88, 89, 90, 91, 92, 93, 94, 95, 96, 97, 98, 99, 100, 101, 102, 103, 104, 105, 106, 107, 108, 109, 110, 111, 112, 113, 114, 115, 116, 117]
YNEW:[0, 0, 0, 0, 0, 0, 0, 0, 0, 0, 0, 0, 0, 0, 0, 0, 0, 0, 0, 0, 0, 0, 0, 0, 0, 0, 0, 0, 0, 0, 0, 0, 0, 0, 0, 0, 0, 0, 0, 0, 0, 0, 1, 1, 0, 0, 0, 1, 1, 1, 1, 3, 2, 3, 4, 5, 8, 9, 11, 12, 14, 19, 23, 28, 43, 53, 65, 56, 48, 42, 61, 58, 60, 66, 61, 54, 52, 62, 63, 63, 71, 67, 46, 33, 44, 45, 56, 60, 68, 59, 44, 47, 55, 43, 47, 38, 42, 41, 36, 33, 48, 50, 52, 54, 60, 48, 52, 21, 25, 22, 20, 16, 17, 5, 5, 1, 1]
YTOT: [0, 0, 0, 0, 0, 0, 0, 0, 0, 0, 0, 0, 0, 0, 0, 0, 0, 0, 0, 0, 0, 0, 0, 0, 0, 0, 0, 0, 0, 0, 0, 0, 0, 0, 0, 0, 0, 0, 0, 0, 0, 0, 1, 2, 2, 2, 2, 3, 4, 5, 6, 9, 11, 14, 18, 23, 31, 40, 51, 63, 77, 96, 119, 147, 190, 243, 308, 364, 412, 454, 515, 573, 633, 699, 760, 814, 866, 928, 991, 1054, 1125, 1192, 1238, 1271, 1315, 1360, 1416, 1476, 1544, 1603, 1647, 1694, 1749, 1792, 1839, 1877, 1919, 1960, 1996, 2029, 2077, 2127, 2179, 2233, 2293, 2341, 2393, 2414, 2439, 2461, 2481, 2497, 2514, 2519, 2524, 2525, 2526]

INFO: Total Population: 3164182
INFO: R0: 2
INFO: Incubation Period: 5
INFO: Illness Period: 7
X:[0, 1, 2, 3, 4, 5, 6, 7, 8, 9, 10, 11, 12, 13, 14, 15, 16, 17, 18, 19, 20, 21, 22, 23, 24, 25, 26, 27, 28, 29, 30, 31, 32, 33, 34, 35, 36, 37, 38, 39, 40, 41, 42, 43, 44, 45, 46, 47, 48, 49, 50, 51, 52, 53, 54, 55, 56, 57, 58, 59, 60, 61, 62, 63, 64, 65, 66, 67, 68, 69, 70, 71, 72, 73, 74, 75, 76, 77, 78, 79, 80, 81, 82, 83, 84, 85, 86, 87, 88, 89, 90, 91, 92, 93, 94, 95, 96, 97, 98, 99, 100, 101, 102, 103, 104, 105, 106, 107, 108, 109, 110, 111, 112, 113, 114, 115]
YNEW:[0, 0, 0, 0, 0, 0, 0, 0, 0, 0, 0, 0, 0, 0, 0, 0, 0, 0, 0, 0, 0, 0, 0, 0, 0, 0, 0, 0, 0, 0, 0, 0, 0, 0, 0, 0, 0, 0, 0, 0, 0, 0, 1, 1, 0, 0, 0, 1, 1, 1, 1, 3, 2, 3, 4, 5, 8, 9, 11, 12, 14, 19, 23, 28, 43, 53, 65, 56, 48, 42, 61, 58, 60, 66, 61, 54, 52, 62, 63, 63, 71, 67, 46, 33, 44, 45, 56, 60, 68, 59, 44, 47, 55, 43, 34, 41, 50, 45, 36, 29, 44, 54, 66, 45, 55, 49, 46, 40, 26, 19, 19, 14, 8, 5, 2]
YTOT: [0, 0, 0, 0, 0, 0, 0, 0, 0, 0, 0, 0, 0, 0, 0, 0, 0, 0, 0, 0, 0, 0, 0, 0, 0, 0, 0, 0, 0, 0, 0, 0, 0, 0, 0, 0, 0, 0, 0, 0, 0, 0, 1, 2, 2, 2, 2, 3, 4, 5, 6, 9, 11, 14, 18, 23, 31, 40, 51, 63, 77, 96, 119, 147, 190, 243, 308, 364, 412, 454, 515, 573, 633, 699, 760, 814, 866, 928, 991, 1054, 1125, 1192, 1238, 1271, 1315, 1360, 1416, 1476, 1544, 1603, 1647, 1694, 1749, 1792, 1826, 1867, 1917, 1962, 1998, 2027, 2071, 2125, 2191, 2236, 2291, 2340, 2386, 2426, 2452, 2471, 2490, 2504, 2512, 2517, 2519]

INFO: Total Population: 3164182
INFO: R0: 2
INFO: Incubation Period: 5
INFO: Illness Period: 7
X:[0, 1, 2, 3, 4, 5, 6, 7, 8, 9, 10, 11, 12, 13, 14, 15, 16, 17, 18, 19, 20, 21, 22, 23, 24, 25, 26, 27, 28, 29, 30, 31, 32, 33, 34, 35, 36, 37, 38, 39, 40, 41, 42, 43, 44, 45, 46, 47, 48, 49, 50, 51, 52, 53, 54, 55, 56, 57, 58, 59, 60, 61, 62, 63, 64, 65, 66, 67, 68, 69, 70, 71, 72, 73, 74, 75, 76, 77, 78, 79, 80, 81, 82, 83, 84, 85, 86, 87, 88, 89, 90, 91, 92, 93, 94, 95, 96, 97, 98, 99, 100, 101, 102, 103, 104, 105, 106, 107, 108, 109, 110, 111, 112, 113, 114, 115, 116, 117]
YNEW:[0, 0, 0, 0, 0, 0, 0, 0, 0, 0, 0, 0, 0, 0, 0, 0, 0, 0, 0, 0, 0, 0, 0, 0, 0, 0, 0, 0, 0, 0, 0, 0, 0, 0, 0, 0, 0, 0, 0, 0, 0, 0, 1, 1, 0, 0, 0, 1, 1, 1, 1, 3, 2, 3, 4, 5, 8, 9, 11, 12, 14, 19, 23, 28, 43, 53, 65, 56, 48, 42, 61, 58, 60, 66, 61, 54, 52, 62, 63, 63, 71, 67, 46, 33, 44, 45, 56, 60, 68, 59, 44, 47, 55, 43, 41, 46, 46, 28, 33, 36, 57, 42, 45, 55, 73, 53, 31, 33, 31, 14, 13, 16, 3, 1, 5, 3, 1]
YTOT: [0, 0, 0, 0, 0, 0, 0, 0, 0, 0, 0, 0, 0, 0, 0, 0, 0, 0, 0, 0, 0, 0, 0, 0, 0, 0, 0, 0, 0, 0, 0, 0, 0, 0, 0, 0, 0, 0, 0, 0, 0, 0, 1, 2, 2, 2, 2, 3, 4, 5, 6, 9, 11, 14, 18, 23, 31, 40, 51, 63, 77, 96, 119, 147, 190, 243, 308, 364, 412, 454, 515, 573, 633, 699, 760, 814, 866, 928, 991, 1054, 1125, 1192, 1238, 1271, 1315, 1360, 1416, 1476, 1544, 1603, 1647, 1694, 1749, 1792, 1833, 1879, 1925, 1953, 1986, 2022, 2079, 2121, 2166, 2221, 2294, 2347, 2378, 2411, 2442, 2456, 2469, 2485, 2488, 2489, 2494, 2497, 2498]

INFO: Total Population: 3164182
INFO: R0: 2
INFO: Incubation Period: 5
INFO: Illness Period: 7
X:[0, 1, 2, 3, 4, 5, 6, 7, 8, 9, 10, 11, 12, 13, 14, 15, 16, 17, 18, 19, 20, 21, 22, 23, 24, 25, 26, 27, 28, 29, 30, 31, 32, 33, 34, 35, 36, 37, 38, 39, 40, 41, 42, 43, 44, 45, 46, 47, 48, 49, 50, 51, 52, 53, 54, 55, 56, 57, 58, 59, 60, 61, 62, 63, 64, 65, 66, 67, 68, 69, 70, 71, 72, 73, 74, 75, 76, 77, 78, 79, 80, 81, 82, 83, 84, 85, 86, 87, 88, 89, 90, 91, 92, 93, 94, 95, 96, 97, 98, 99, 100, 101, 102, 103, 104, 105, 106, 107, 108, 109, 110, 111, 112, 113, 114, 115, 116]
YNEW:[0, 0, 0, 0, 0, 0, 0, 0, 0, 0, 0, 0, 0, 0, 0, 0, 0, 0, 0, 0, 0, 0, 0, 0, 0, 0, 0, 0, 0, 0, 0, 0, 0, 0, 0, 0, 0, 0, 0, 0, 0, 0, 1, 1, 0, 0, 0, 1, 1, 1, 1, 3, 2, 3, 4, 5, 8, 9, 11, 12, 14, 19, 23, 28, 43, 53, 65, 56, 48, 42, 61, 58, 60, 66, 61, 54, 52, 62, 63, 63, 71, 67, 46, 33, 44, 45, 56, 60, 68, 59, 44, 47, 55, 43, 45, 50, 30, 42, 38, 45, 53, 55, 50, 57, 57, 45, 45, 37, 27, 26, 11, 16, 6, 14, 6, 2]
YTOT: [0, 0, 0, 0, 0, 0, 0, 0, 0, 0, 0, 0, 0, 0, 0, 0, 0, 0, 0, 0, 0, 0, 0, 0, 0, 0, 0, 0, 0, 0, 0, 0, 0, 0, 0, 0, 0, 0, 0, 0, 0, 0, 1, 2, 2, 2, 2, 3, 4, 5, 6, 9, 11, 14, 18, 23, 31, 40, 51, 63, 77, 96, 119, 147, 190, 243, 308, 364, 412, 454, 515, 573, 633, 699, 760, 814, 866, 928, 991, 1054, 1125, 1192, 1238, 1271, 1315, 1360, 1416, 1476, 1544, 1603, 1647, 1694, 1749, 1792, 1837, 1887, 1917, 1959, 1997, 2042, 2095, 2150, 2200, 2257, 2314, 2359, 2404, 2441, 2468, 2494, 2505, 2521, 2527, 2541, 2547, 2549]

INFO: Total Population: 3164182
INFO: R0: 2
INFO: Incubation Period: 5
INFO: Illness Period: 7
X:[0, 1, 2, 3, 4, 5, 6, 7, 8, 9, 10, 11, 12, 13, 14, 15, 16, 17, 18, 19, 20, 21, 22, 23, 24, 25, 26, 27, 28, 29, 30, 31, 32, 33, 34, 35, 36, 37, 38, 39, 40, 41, 42, 43, 44, 45, 46, 47, 48, 49, 50, 51, 52, 53, 54, 55, 56, 57, 58, 59, 60, 61, 62, 63, 64, 65, 66, 67, 68, 69, 70, 71, 72, 73, 74, 75, 76, 77, 78, 79, 80, 81, 82, 83, 84, 85, 86, 87, 88, 89, 90, 91, 92, 93, 94, 95, 96, 97, 98, 99, 100, 101, 102, 103, 104, 105, 106, 107, 108, 109, 110, 111, 112, 113, 114, 115, 116, 117]
YNEW:[0, 0, 0, 0, 0, 0, 0, 0, 0, 0, 0, 0, 0, 0, 0, 0, 0, 0, 0, 0, 0, 0, 0, 0, 0, 0, 0, 0, 0, 0, 0, 0, 0, 0, 0, 0, 0, 0, 0, 0, 0, 0, 1, 1, 0, 0, 0, 1, 1, 1, 1, 3, 2, 3, 4, 5, 8, 9, 11, 12, 14, 19, 23, 28, 43, 53, 65, 56, 48, 42, 61, 58, 60, 66, 61, 54, 52, 62, 63, 63, 71, 67, 46, 33, 44, 45, 56, 60, 68, 59, 44, 47, 55, 43, 54, 45, 40, 47, 40, 31, 52, 60, 51, 67, 68, 52, 34, 32, 27, 32, 22, 8, 7, 6, 2, 1, 1]
YTOT: [0, 0, 0, 0, 0, 0, 0, 0, 0, 0, 0, 0, 0, 0, 0, 0, 0, 0, 0, 0, 0, 0, 0, 0, 0, 0, 0, 0, 0, 0, 0, 0, 0, 0, 0, 0, 0, 0, 0, 0, 0, 0, 1, 2, 2, 2, 2, 3, 4, 5, 6, 9, 11, 14, 18, 23, 31, 40, 51, 63, 77, 96, 119, 147, 190, 243, 308, 364, 412, 454, 515, 573, 633, 699, 760, 814, 866, 928, 991, 1054, 1125, 1192, 1238, 1271, 1315, 1360, 1416, 1476, 1544, 1603, 1647, 1694, 1749, 1792, 1846, 1891, 1931, 1978, 2018, 2049, 2101, 2161, 2212, 2279, 2347, 2399, 2433, 2465, 2492, 2524, 2546, 2554, 2561, 2567, 2569, 2570, 2571]

INFO: Total Population: 3164182
INFO: R0: 2
INFO: Incubation Period: 5
INFO: Illness Period: 7
X:[0, 1, 2, 3, 4, 5, 6, 7, 8, 9, 10, 11, 12, 13, 14, 15, 16, 17, 18, 19, 20, 21, 22, 23, 24, 25, 26, 27, 28, 29, 30, 31, 32, 33, 34, 35, 36, 37, 38, 39, 40, 41, 42, 43, 44, 45, 46, 47, 48, 49, 50, 51, 52, 53, 54, 55, 56, 57, 58, 59, 60, 61, 62, 63, 64, 65, 66, 67, 68, 69, 70, 71, 72, 73, 74, 75, 76, 77, 78, 79, 80, 81, 82, 83, 84, 85, 86, 87, 88, 89, 90, 91, 92, 93, 94, 95, 96, 97, 98, 99, 100, 101, 102, 103, 104, 105, 106, 107, 108, 109, 110, 111, 112, 113, 114, 115, 116]
YNEW:[0, 0, 0, 0, 0, 0, 0, 0, 0, 0, 0, 0, 0, 0, 0, 0, 0, 0, 0, 0, 0, 0, 0, 0, 0, 0, 0, 0, 0, 0, 0, 0, 0, 0, 0, 0, 0, 0, 0, 0, 0, 0, 1, 1, 0, 0, 0, 1, 1, 1, 1, 3, 2, 3, 4, 5, 8, 9, 11, 12, 14, 19, 23, 28, 43, 53, 65, 56, 48, 42, 61, 58, 60, 66, 61, 54, 52, 62, 63, 63, 71, 67, 46, 33, 44, 45, 56, 60, 68, 59, 44, 47, 55, 43, 44, 38, 48, 29, 35, 31, 45, 60, 59, 53, 57, 57, 28, 33, 21, 16, 22, 15, 10, 11, 5, 2]
YTOT: [0, 0, 0, 0, 0, 0, 0, 0, 0, 0, 0, 0, 0, 0, 0, 0, 0, 0, 0, 0, 0, 0, 0, 0, 0, 0, 0, 0, 0, 0, 0, 0, 0, 0, 0, 0, 0, 0, 0, 0, 0, 0, 1, 2, 2, 2, 2, 3, 4, 5, 6, 9, 11, 14, 18, 23, 31, 40, 51, 63, 77, 96, 119, 147, 190, 243, 308, 364, 412, 454, 515, 573, 633, 699, 760, 814, 866, 928, 991, 1054, 1125, 1192, 1238, 1271, 1315, 1360, 1416, 1476, 1544, 1603, 1647, 1694, 1749, 1792, 1836, 1874, 1922, 1951, 1986, 2017, 2062, 2122, 2181, 2234, 2291, 2348, 2376, 2409, 2430, 2446, 2468, 2483, 2493, 2504, 2509, 2511]

END