

INFO: Total Population: 501317
INFO: R0: 2
INFO: Incubation Period: 5
INFO: Illness Period: 7
X:[0, 1, 2, 3, 4, 5, 6, 7, 8, 9, 10, 11, 12, 13, 14, 15, 16, 17, 18, 19, 20, 21, 22, 23, 24, 25, 26, 27, 28, 29, 30, 31, 32, 33, 34, 35, 36, 37, 38, 39, 40, 41, 42, 43, 44, 45, 46, 47, 48, 49, 50, 51, 52, 53, 54, 55, 56, 57, 58, 59, 60, 61, 62, 63, 64, 65, 66, 67, 68, 69, 70, 71, 72, 73, 74, 75, 76, 77, 78, 79, 80, 81, 82, 83, 84, 85, 86, 87, 88, 89, 90, 91, 92, 93, 94, 95, 96, 97, 98, 99, 100, 101, 102, 103, 104, 105, 106, 107, 108, 109, 110, 111, 112, 113, 114, 115, 116, 117, 118, 119, 120, 121, 122]
YNEW:[0, 0, 0, 0, 0, 0, 0, 0, 0, 0, 0, 0, 0, 0, 0, 0, 0, 0, 0, 0, 0, 0, 0, 0, 0, 0, 0, 0, 0, 0, 0, 0, 0, 0, 0, 0, 0, 0, 0, 0, 0, 0, 0, 0, 0, 0, 0, 1, 1, 0, 0, 0, 0, 1, 1, 1, 1, 1, 5, 4, 4, 4, 4, 4, 4, 2, 6, 5, 9, 11, 10, 8, 7, 5, 4, 5, 5, 9, 6, 7, 5, 3, 2, 3, 4, 4, 6, 7, 5, 3, 2, 4, 4, 10, 8, 7, 4, 3, 4, 3, 6, 7, 5, 6, 5, 8, 9, 3, 4, 6, 3, 8, 5, 4, 2, 4, 4, 3, 1, 2, 1, 1]
YTOT: [0, 0, 0, 0, 0, 0, 0, 0, 0, 0, 0, 0, 0, 0, 0, 0, 0, 0, 0, 0, 0, 0, 0, 0, 0, 0, 0, 0, 0, 0, 0, 0, 0, 0, 0, 0, 0, 0, 0, 0, 0, 0, 0, 0, 0, 0, 0, 1, 2, 2, 2, 2, 2, 3, 4, 5, 6, 7, 12, 16, 20, 24, 28, 32, 36, 38, 44, 49, 58, 69, 79, 87, 94, 99, 103, 108, 113, 122, 128, 135, 140, 143, 145, 148, 152, 156, 162, 169, 174, 177, 179, 183, 187, 197, 205, 212, 216, 219, 223, 226, 232, 239, 244, 250, 255, 263, 272, 275, 279, 285, 288, 296, 301, 305, 307, 311, 315, 318, 319, 321, 322, 323]

INFO: Total Population: 501317
INFO: R0: 2
INFO: Incubation Period: 5
INFO: Illness Period: 7
X:[0, 1, 2, 3, 4, 5, 6, 7, 8, 9, 10, 11, 12, 13, 14, 15, 16, 17, 18, 19, 20, 21, 22, 23, 24, 25, 26, 27, 28, 29, 30, 31, 32, 33, 34, 35, 36, 37, 38, 39, 40, 41, 42, 43, 44, 45, 46, 47, 48, 49, 50, 51, 52, 53, 54, 55, 56, 57, 58, 59, 60, 61, 62, 63, 64, 65, 66, 67, 68, 69, 70, 71, 72, 73, 74, 75, 76, 77, 78, 79, 80, 81, 82, 83, 84, 85, 86, 87, 88, 89, 90, 91, 92, 93, 94, 95, 96, 97, 98, 99, 100, 101, 102, 103, 104, 105, 106, 107, 108, 109, 110, 111, 112, 113, 114, 115, 116, 117, 118, 119, 120, 121, 122, 123]
YNEW:[0, 0, 0, 0, 0, 0, 0, 0, 0, 0, 0, 0, 0, 0, 0, 0, 0, 0, 0, 0, 0, 0, 0, 0, 0, 0, 0, 0, 0, 0, 0, 0, 0, 0, 0, 0, 0, 0, 0, 0, 0, 0, 0, 0, 0, 0, 0, 1, 1, 0, 0, 0, 0, 1, 1, 1, 1, 1, 5, 4, 4, 4, 4, 4, 4, 2, 6, 5, 9, 11, 10, 8, 7, 5, 4, 5, 5, 9, 6, 7, 5, 3, 2, 3, 4, 4, 6, 7, 5, 3, 2, 4, 4, 10, 8, 7, 4, 3, 4, 3, 6, 7, 5, 6, 3, 5, 6, 3, 5, 1, 5, 7, 6, 5, 4, 5, 5, 2, 1, 3, 2, 1, 1]
YTOT: [0, 0, 0, 0, 0, 0, 0, 0, 0, 0, 0, 0, 0, 0, 0, 0, 0, 0, 0, 0, 0, 0, 0, 0, 0, 0, 0, 0, 0, 0, 0, 0, 0, 0, 0, 0, 0, 0, 0, 0, 0, 0, 0, 0, 0, 0, 0, 1, 2, 2, 2, 2, 2, 3, 4, 5, 6, 7, 12, 16, 20, 24, 28, 32, 36, 38, 44, 49, 58, 69, 79, 87, 94, 99, 103, 108, 113, 122, 128, 135, 140, 143, 145, 148, 152, 156, 162, 169, 174, 177, 179, 183, 187, 197, 205, 212, 216, 219, 223, 226, 232, 239, 244, 250, 253, 258, 264, 267, 272, 273, 278, 285, 291, 296, 300, 305, 310, 312, 313, 316, 318, 319, 320]

INFO: Total Population: 501317
INFO: R0: 2
INFO: Incubation Period: 5
INFO: Illness Period: 7
X:[0, 1, 2, 3, 4, 5, 6, 7, 8, 9, 10, 11, 12, 13, 14, 15, 16, 17, 18, 19, 20, 21, 22, 23, 24, 25, 26, 27, 28, 29, 30, 31, 32, 33, 34, 35, 36, 37, 38, 39, 40, 41, 42, 43, 44, 45, 46, 47, 48, 49, 50, 51, 52, 53, 54, 55, 56, 57, 58, 59, 60, 61, 62, 63, 64, 65, 66, 67, 68, 69, 70, 71, 72, 73, 74, 75, 76, 77, 78, 79, 80, 81, 82, 83, 84, 85, 86, 87, 88, 89, 90, 91, 92, 93, 94, 95, 96, 97, 98, 99, 100, 101, 102, 103, 104, 105, 106, 107, 108, 109, 110, 111, 112, 113, 114, 115, 116, 117, 118, 119, 120, 121, 122, 123]
YNEW:[0, 0, 0, 0, 0, 0, 0, 0, 0, 0, 0, 0, 0, 0, 0, 0, 0, 0, 0, 0, 0, 0, 0, 0, 0, 0, 0, 0, 0, 0, 0, 0, 0, 0, 0, 0, 0, 0, 0, 0, 0, 0, 0, 0, 0, 0, 0, 1, 1, 0, 0, 0, 0, 1, 1, 1, 1, 1, 5, 4, 4, 4, 4, 4, 4, 2, 6, 5, 9, 11, 10, 8, 7, 5, 4, 5, 5, 9, 6, 7, 5, 3, 2, 3, 4, 4, 6, 7, 5, 3, 2, 4, 4, 10, 8, 7, 4, 3, 4, 3, 6, 7, 5, 6, 7, 4, 5, 4, 1, 4, 4, 7, 5, 5, 7, 5, 3, 3, 2, 1, 1, 1, 1]
YTOT: [0, 0, 0, 0, 0, 0, 0, 0, 0, 0, 0, 0, 0, 0, 0, 0, 0, 0, 0, 0, 0, 0, 0, 0, 0, 0, 0, 0, 0, 0, 0, 0, 0, 0, 0, 0, 0, 0, 0, 0, 0, 0, 0, 0, 0, 0, 0, 1, 2, 2, 2, 2, 2, 3, 4, 5, 6, 7, 12, 16, 20, 24, 28, 32, 36, 38, 44, 49, 58, 69, 79, 87, 94, 99, 103, 108, 113, 122, 128, 135, 140, 143, 145, 148, 152, 156, 162, 169, 174, 177, 179, 183, 187, 197, 205, 212, 216, 219, 223, 226, 232, 239, 244, 250, 257, 261, 266, 270, 271, 275, 279, 286, 291, 296, 303, 308, 311, 314, 316, 317, 318, 319, 320]

INFO: Total Population: 501317
INFO: R0: 2
INFO: Incubation Period: 5
INFO: Illness Period: 7
X:[0, 1, 2, 3, 4, 5, 6, 7, 8, 9, 10, 11, 12, 13, 14, 15, 16, 17, 18, 19, 20, 21, 22, 23, 24, 25, 26, 27, 28, 29, 30, 31, 32, 33, 34, 35, 36, 37, 38, 39, 40, 41, 42, 43, 44, 45, 46, 47, 48, 49, 50, 51, 52, 53, 54, 55, 56, 57, 58, 59, 60, 61, 62, 63, 64, 65, 66, 67, 68, 69, 70, 71, 72, 73, 74, 75, 76, 77, 78, 79, 80, 81, 82, 83, 84, 85, 86, 87, 88, 89, 90, 91, 92, 93, 94, 95, 96, 97, 98, 99, 100, 101, 102, 103, 104, 105, 106, 107, 108, 109, 110, 111, 112, 113, 114, 115, 116, 117, 118, 119, 120, 121, 122, 123]
YNEW:[0, 0, 0, 0, 0, 0, 0, 0, 0, 0, 0, 0, 0, 0, 0, 0, 0, 0, 0, 0, 0, 0, 0, 0, 0, 0, 0, 0, 0, 0, 0, 0, 0, 0, 0, 0, 0, 0, 0, 0, 0, 0, 0, 0, 0, 0, 0, 1, 1, 0, 0, 0, 0, 1, 1, 1, 1, 1, 5, 4, 4, 4, 4, 4, 4, 2, 6, 5, 9, 11, 10, 8, 7, 5, 4, 5, 5, 9, 6, 7, 5, 3, 2, 3, 4, 4, 6, 7, 5, 3, 2, 4, 4, 10, 8, 7, 4, 3, 4, 3, 6, 7, 5, 6, 8, 8, 5, 4, 2, 2, 6, 9, 10, 7, 6, 3, 1, 5, 1, 2, 1, 1, 2]
YTOT: [0, 0, 0, 0, 0, 0, 0, 0, 0, 0, 0, 0, 0, 0, 0, 0, 0, 0, 0, 0, 0, 0, 0, 0, 0, 0, 0, 0, 0, 0, 0, 0, 0, 0, 0, 0, 0, 0, 0, 0, 0, 0, 0, 0, 0, 0, 0, 1, 2, 2, 2, 2, 2, 3, 4, 5, 6, 7, 12, 16, 20, 24, 28, 32, 36, 38, 44, 49, 58, 69, 79, 87, 94, 99, 103, 108, 113, 122, 128, 135, 140, 143, 145, 148, 152, 156, 162, 169, 174, 177, 179, 183, 187, 197, 205, 212, 216, 219, 223, 226, 232, 239, 244, 250, 258, 266, 271, 275, 277, 279, 285, 294, 304, 311, 317, 320, 321, 326, 327, 329, 330, 331, 333]

INFO: Total Population: 501317
INFO: R0: 2
INFO: Incubation Period: 5
INFO: Illness Period: 7
X:[0, 1, 2, 3, 4, 5, 6, 7, 8, 9, 10, 11, 12, 13, 14, 15, 16, 17, 18, 19, 20, 21, 22, 23, 24, 25, 26, 27, 28, 29, 30, 31, 32, 33, 34, 35, 36, 37, 38, 39, 40, 41, 42, 43, 44, 45, 46, 47, 48, 49, 50, 51, 52, 53, 54, 55, 56, 57, 58, 59, 60, 61, 62, 63, 64, 65, 66, 67, 68, 69, 70, 71, 72, 73, 74, 75, 76, 77, 78, 79, 80, 81, 82, 83, 84, 85, 86, 87, 88, 89, 90, 91, 92, 93, 94, 95, 96, 97, 98, 99, 100, 101, 102, 103, 104, 105, 106, 107, 108, 109, 110, 111, 112, 113, 114, 115, 116, 117, 118, 119, 120, 121, 122, 123, 124]
YNEW:[0, 0, 0, 0, 0, 0, 0, 0, 0, 0, 0, 0, 0, 0, 0, 0, 0, 0, 0, 0, 0, 0, 0, 0, 0, 0, 0, 0, 0, 0, 0, 0, 0, 0, 0, 0, 0, 0, 0, 0, 0, 0, 0, 0, 0, 0, 0, 1, 1, 0, 0, 0, 0, 1, 1, 1, 1, 1, 5, 4, 4, 4, 4, 4, 4, 2, 6, 5, 9, 11, 10, 8, 7, 5, 4, 5, 5, 9, 6, 7, 5, 3, 2, 3, 4, 4, 6, 7, 5, 3, 2, 4, 4, 10, 8, 7, 4, 3, 4, 3, 6, 7, 5, 6, 2, 5, 9, 5, 6, 3, 2, 6, 4, 6, 10, 7, 6, 4, 1, 1, 4, 1, 1, 1]
YTOT: [0, 0, 0, 0, 0, 0, 0, 0, 0, 0, 0, 0, 0, 0, 0, 0, 0, 0, 0, 0, 0, 0, 0, 0, 0, 0, 0, 0, 0, 0, 0, 0, 0, 0, 0, 0, 0, 0, 0, 0, 0, 0, 0, 0, 0, 0, 0, 1, 2, 2, 2, 2, 2, 3, 4, 5, 6, 7, 12, 16, 20, 24, 28, 32, 36, 38, 44, 49, 58, 69, 79, 87, 94, 99, 103, 108, 113, 122, 128, 135, 140, 143, 145, 148, 152, 156, 162, 169, 174, 177, 179, 183, 187, 197, 205, 212, 216, 219, 223, 226, 232, 239, 244, 250, 252, 257, 266, 271, 277, 280, 282, 288, 292, 298, 308, 315, 321, 325, 326, 327, 331, 332, 333, 334]

INFO: Total Population: 501317
INFO: R0: 2
INFO: Incubation Period: 5
INFO: Illness Period: 7
X:[0, 1, 2, 3, 4, 5, 6, 7, 8, 9, 10, 11, 12, 13, 14, 15, 16, 17, 18, 19, 20, 21, 22, 23, 24, 25, 26, 27, 28, 29, 30, 31, 32, 33, 34, 35, 36, 37, 38, 39, 40, 41, 42, 43, 44, 45, 46, 47, 48, 49, 50, 51, 52, 53, 54, 55, 56, 57, 58, 59, 60, 61, 62, 63, 64, 65, 66, 67, 68, 69, 70, 71, 72, 73, 74, 75, 76, 77, 78, 79, 80, 81, 82, 83, 84, 85, 86, 87, 88, 89, 90, 91, 92, 93, 94, 95, 96, 97, 98, 99, 100, 101, 102, 103, 104, 105, 106, 107, 108, 109, 110, 111, 112, 113, 114, 115, 116, 117, 118, 119, 120, 121]
YNEW:[0, 0, 0, 0, 0, 0, 0, 0, 0, 0, 0, 0, 0, 0, 0, 0, 0, 0, 0, 0, 0, 0, 0, 0, 0, 0, 0, 0, 0, 0, 0, 0, 0, 0, 0, 0, 0, 0, 0, 0, 0, 0, 0, 0, 0, 0, 0, 1, 1, 0, 0, 0, 0, 1, 1, 1, 1, 1, 5, 4, 4, 4, 4, 4, 4, 2, 6, 5, 9, 11, 10, 8, 7, 5, 4, 5, 5, 9, 6, 7, 5, 3, 2, 3, 4, 4, 6, 7, 5, 3, 2, 4, 4, 10, 8, 7, 4, 3, 4, 3, 6, 7, 5, 6, 2, 3, 4, 2, 2, 2, 3, 6, 6, 8, 4, 2, 3, 2, 1, 1, 2]
YTOT: [0, 0, 0, 0, 0, 0, 0, 0, 0, 0, 0, 0, 0, 0, 0, 0, 0, 0, 0, 0, 0, 0, 0, 0, 0, 0, 0, 0, 0, 0, 0, 0, 0, 0, 0, 0, 0, 0, 0, 0, 0, 0, 0, 0, 0, 0, 0, 1, 2, 2, 2, 2, 2, 3, 4, 5, 6, 7, 12, 16, 20, 24, 28, 32, 36, 38, 44, 49, 58, 69, 79, 87, 94, 99, 103, 108, 113, 122, 128, 135, 140, 143, 145, 148, 152, 156, 162, 169, 174, 177, 179, 183, 187, 197, 205, 212, 216, 219, 223, 226, 232, 239, 244, 250, 252, 255, 259, 261, 263, 265, 268, 274, 280, 288, 292, 294, 297, 299, 300, 301, 303]

INFO: Total Population: 501317
INFO: R0: 2
INFO: Incubation Period: 5
INFO: Illness Period: 7
X:[0, 1, 2, 3, 4, 5, 6, 7, 8, 9, 10, 11, 12, 13, 14, 15, 16, 17, 18, 19, 20, 21, 22, 23, 24, 25, 26, 27, 28, 29, 30, 31, 32, 33, 34, 35, 36, 37, 38, 39, 40, 41, 42, 43, 44, 45, 46, 47, 48, 49, 50, 51, 52, 53, 54, 55, 56, 57, 58, 59, 60, 61, 62, 63, 64, 65, 66, 67, 68, 69, 70, 71, 72, 73, 74, 75, 76, 77, 78, 79, 80, 81, 82, 83, 84, 85, 86, 87, 88, 89, 90, 91, 92, 93, 94, 95, 96, 97, 98, 99, 100, 101, 102, 103, 104, 105, 106, 107, 108, 109, 110, 111, 112, 113, 114, 115, 116, 117, 118, 119, 120]
YNEW:[0, 0, 0, 0, 0, 0, 0, 0, 0, 0, 0, 0, 0, 0, 0, 0, 0, 0, 0, 0, 0, 0, 0, 0, 0, 0, 0, 0, 0, 0, 0, 0, 0, 0, 0, 0, 0, 0, 0, 0, 0, 0, 0, 0, 0, 0, 0, 1, 1, 0, 0, 0, 0, 1, 1, 1, 1, 1, 5, 4, 4, 4, 4, 4, 4, 2, 6, 5, 9, 11, 10, 8, 7, 5, 4, 5, 5, 9, 6, 7, 5, 3, 2, 3, 4, 4, 6, 7, 5, 3, 2, 4, 4, 10, 8, 7, 4, 3, 4, 3, 6, 7, 5, 6, 7, 8, 6, 5, 1, 2, 4, 9, 6, 4, 5, 4, 4, 3, 1, 4]
YTOT: [0, 0, 0, 0, 0, 0, 0, 0, 0, 0, 0, 0, 0, 0, 0, 0, 0, 0, 0, 0, 0, 0, 0, 0, 0, 0, 0, 0, 0, 0, 0, 0, 0, 0, 0, 0, 0, 0, 0, 0, 0, 0, 0, 0, 0, 0, 0, 1, 2, 2, 2, 2, 2, 3, 4, 5, 6, 7, 12, 16, 20, 24, 28, 32, 36, 38, 44, 49, 58, 69, 79, 87, 94, 99, 103, 108, 113, 122, 128, 135, 140, 143, 145, 148, 152, 156, 162, 169, 174, 177, 179, 183, 187, 197, 205, 212, 216, 219, 223, 226, 232, 239, 244, 250, 257, 265, 271, 276, 277, 279, 283, 292, 298, 302, 307, 311, 315, 318, 319, 323]

INFO: Total Population: 501317
INFO: R0: 2
INFO: Incubation Period: 5
INFO: Illness Period: 7
X:[0, 1, 2, 3, 4, 5, 6, 7, 8, 9, 10, 11, 12, 13, 14, 15, 16, 17, 18, 19, 20, 21, 22, 23, 24, 25, 26, 27, 28, 29, 30, 31, 32, 33, 34, 35, 36, 37, 38, 39, 40, 41, 42, 43, 44, 45, 46, 47, 48, 49, 50, 51, 52, 53, 54, 55, 56, 57, 58, 59, 60, 61, 62, 63, 64, 65, 66, 67, 68, 69, 70, 71, 72, 73, 74, 75, 76, 77, 78, 79, 80, 81, 82, 83, 84, 85, 86, 87, 88, 89, 90, 91, 92, 93, 94, 95, 96, 97, 98, 99, 100, 101, 102, 103, 104, 105, 106, 107, 108, 109, 110, 111, 112, 113, 114, 115, 116, 117, 118, 119, 120, 121, 122, 123]
YNEW:[0, 0, 0, 0, 0, 0, 0, 0, 0, 0, 0, 0, 0, 0, 0, 0, 0, 0, 0, 0, 0, 0, 0, 0, 0, 0, 0, 0, 0, 0, 0, 0, 0, 0, 0, 0, 0, 0, 0, 0, 0, 0, 0, 0, 0, 0, 0, 1, 1, 0, 0, 0, 0, 1, 1, 1, 1, 1, 5, 4, 4, 4, 4, 4, 4, 2, 6, 5, 9, 11, 10, 8, 7, 5, 4, 5, 5, 9, 6, 7, 5, 3, 2, 3, 4, 4, 6, 7, 5, 3, 2, 4, 4, 10, 8, 7, 4, 3, 4, 3, 6, 7, 5, 6, 9, 7, 4, 2, 2, 5, 9, 6, 9, 4, 5, 1, 3, 1, 1, 4, 1, 1, 1]
YTOT: [0, 0, 0, 0, 0, 0, 0, 0, 0, 0, 0, 0, 0, 0, 0, 0, 0, 0, 0, 0, 0, 0, 0, 0, 0, 0, 0, 0, 0, 0, 0, 0, 0, 0, 0, 0, 0, 0, 0, 0, 0, 0, 0, 0, 0, 0, 0, 1, 2, 2, 2, 2, 2, 3, 4, 5, 6, 7, 12, 16, 20, 24, 28, 32, 36, 38, 44, 49, 58, 69, 79, 87, 94, 99, 103, 108, 113, 122, 128, 135, 140, 143, 145, 148, 152, 156, 162, 169, 174, 177, 179, 183, 187, 197, 205, 212, 216, 219, 223, 226, 232, 239, 244, 250, 259, 266, 270, 272, 274, 279, 288, 294, 303, 307, 312, 313, 316, 317, 318, 322, 323, 324, 325]

INFO: Total Population: 501317
INFO: R0: 2
INFO: Incubation Period: 5
INFO: Illness Period: 7
X:[0, 1, 2, 3, 4, 5, 6, 7, 8, 9, 10, 11, 12, 13, 14, 15, 16, 17, 18, 19, 20, 21, 22, 23, 24, 25, 26, 27, 28, 29, 30, 31, 32, 33, 34, 35, 36, 37, 38, 39, 40, 41, 42, 43, 44, 45, 46, 47, 48, 49, 50, 51, 52, 53, 54, 55, 56, 57, 58, 59, 60, 61, 62, 63, 64, 65, 66, 67, 68, 69, 70, 71, 72, 73, 74, 75, 76, 77, 78, 79, 80, 81, 82, 83, 84, 85, 86, 87, 88, 89, 90, 91, 92, 93, 94, 95, 96, 97, 98, 99, 100, 101, 102, 103, 104, 105, 106, 107, 108, 109, 110, 111, 112, 113, 114, 115, 116, 117, 118, 119, 120, 121, 122]
YNEW:[0, 0, 0, 0, 0, 0, 0, 0, 0, 0, 0, 0, 0, 0, 0, 0, 0, 0, 0, 0, 0, 0, 0, 0, 0, 0, 0, 0, 0, 0, 0, 0, 0, 0, 0, 0, 0, 0, 0, 0, 0, 0, 0, 0, 0, 0, 0, 1, 1, 0, 0, 0, 0, 1, 1, 1, 1, 1, 5, 4, 4, 4, 4, 4, 4, 2, 6, 5, 9, 11, 10, 8, 7, 5, 4, 5, 5, 9, 6, 7, 5, 3, 2, 3, 4, 4, 6, 7, 5, 3, 2, 4, 4, 10, 8, 7, 4, 3, 4, 3, 6, 7, 5, 6, 5, 3, 3, 2, 5, 6, 4, 5, 3, 8, 4, 4, 6, 4, 5, 2, 1, 1]
YTOT: [0, 0, 0, 0, 0, 0, 0, 0, 0, 0, 0, 0, 0, 0, 0, 0, 0, 0, 0, 0, 0, 0, 0, 0, 0, 0, 0, 0, 0, 0, 0, 0, 0, 0, 0, 0, 0, 0, 0, 0, 0, 0, 0, 0, 0, 0, 0, 1, 2, 2, 2, 2, 2, 3, 4, 5, 6, 7, 12, 16, 20, 24, 28, 32, 36, 38, 44, 49, 58, 69, 79, 87, 94, 99, 103, 108, 113, 122, 128, 135, 140, 143, 145, 148, 152, 156, 162, 169, 174, 177, 179, 183, 187, 197, 205, 212, 216, 219, 223, 226, 232, 239, 244, 250, 255, 258, 261, 263, 268, 274, 278, 283, 286, 294, 298, 302, 308, 312, 317, 319, 320, 321]

INFO: Total Population: 501317
INFO: R0: 2
INFO: Incubation Period: 5
INFO: Illness Period: 7
X:[0, 1, 2, 3, 4, 5, 6, 7, 8, 9, 10, 11, 12, 13, 14, 15, 16, 17, 18, 19, 20, 21, 22, 23, 24, 25, 26, 27, 28, 29, 30, 31, 32, 33, 34, 35, 36, 37, 38, 39, 40, 41, 42, 43, 44, 45, 46, 47, 48, 49, 50, 51, 52, 53, 54, 55, 56, 57, 58, 59, 60, 61, 62, 63, 64, 65, 66, 67, 68, 69, 70, 71, 72, 73, 74, 75, 76, 77, 78, 79, 80, 81, 82, 83, 84, 85, 86, 87, 88, 89, 90, 91, 92, 93, 94, 95, 96, 97, 98, 99, 100, 101, 102, 103, 104, 105, 106, 107, 108, 109, 110, 111, 112, 113, 114, 115, 116, 117, 118, 119, 120, 121]
YNEW:[0, 0, 0, 0, 0, 0, 0, 0, 0, 0, 0, 0, 0, 0, 0, 0, 0, 0, 0, 0, 0, 0, 0, 0, 0, 0, 0, 0, 0, 0, 0, 0, 0, 0, 0, 0, 0, 0, 0, 0, 0, 0, 0, 0, 0, 0, 0, 1, 1, 0, 0, 0, 0, 1, 1, 1, 1, 1, 5, 4, 4, 4, 4, 4, 4, 2, 6, 5, 9, 11, 10, 8, 7, 5, 4, 5, 5, 9, 6, 7, 5, 3, 2, 3, 4, 4, 6, 7, 5, 3, 2, 4, 4, 10, 8, 7, 4, 3, 4, 3, 6, 7, 5, 6, 6, 7, 4, 2, 1, 3, 4, 10, 6, 6, 11, 3, 3, 3, 1, 2, 2]
YTOT: [0, 0, 0, 0, 0, 0, 0, 0, 0, 0, 0, 0, 0, 0, 0, 0, 0, 0, 0, 0, 0, 0, 0, 0, 0, 0, 0, 0, 0, 0, 0, 0, 0, 0, 0, 0, 0, 0, 0, 0, 0, 0, 0, 0, 0, 0, 0, 1, 2, 2, 2, 2, 2, 3, 4, 5, 6, 7, 12, 16, 20, 24, 28, 32, 36, 38, 44, 49, 58, 69, 79, 87, 94, 99, 103, 108, 113, 122, 128, 135, 140, 143, 145, 148, 152, 156, 162, 169, 174, 177, 179, 183, 187, 197, 205, 212, 216, 219, 223, 226, 232, 239, 244, 250, 256, 263, 267, 269, 270, 273, 277, 287, 293, 299, 310, 313, 316, 319, 320, 322, 324]

INFO: Total Population: 501317
INFO: R0: 2
INFO: Incubation Period: 5
INFO: Illness Period: 7
X:[0, 1, 2, 3, 4, 5, 6, 7, 8, 9, 10, 11, 12, 13, 14, 15, 16, 17, 18, 19, 20, 21, 22, 23, 24, 25, 26, 27, 28, 29, 30, 31, 32, 33, 34, 35, 36, 37, 38, 39, 40, 41, 42, 43, 44, 45, 46, 47, 48, 49, 50, 51, 52, 53, 54, 55, 56, 57, 58, 59, 60, 61, 62, 63, 64, 65, 66, 67, 68, 69, 70, 71, 72, 73, 74, 75, 76, 77, 78, 79, 80, 81, 82, 83, 84, 85, 86, 87, 88, 89, 90, 91, 92, 93, 94, 95, 96, 97, 98, 99, 100, 101, 102, 103, 104, 105, 106, 107, 108, 109, 110, 111, 112, 113, 114, 115, 116, 117, 118, 119, 120, 121]
YNEW:[0, 0, 0, 0, 0, 0, 0, 0, 0, 0, 0, 0, 0, 0, 0, 0, 0, 0, 0, 0, 0, 0, 0, 0, 0, 0, 0, 0, 0, 0, 0, 0, 0, 0, 0, 0, 0, 0, 0, 0, 0, 0, 0, 0, 0, 0, 0, 1, 1, 0, 0, 0, 0, 1, 1, 1, 1, 1, 5, 4, 4, 4, 4, 4, 4, 2, 6, 5, 9, 11, 10, 8, 7, 5, 4, 5, 5, 9, 6, 7, 5, 3, 2, 3, 4, 4, 6, 7, 5, 3, 2, 4, 4, 10, 8, 7, 4, 3, 4, 3, 6, 7, 5, 6, 5, 7, 5, 3, 3, 2, 5, 9, 3, 5, 7, 5, 2, 1, 4, 4, 1]
YTOT: [0, 0, 0, 0, 0, 0, 0, 0, 0, 0, 0, 0, 0, 0, 0, 0, 0, 0, 0, 0, 0, 0, 0, 0, 0, 0, 0, 0, 0, 0, 0, 0, 0, 0, 0, 0, 0, 0, 0, 0, 0, 0, 0, 0, 0, 0, 0, 1, 2, 2, 2, 2, 2, 3, 4, 5, 6, 7, 12, 16, 20, 24, 28, 32, 36, 38, 44, 49, 58, 69, 79, 87, 94, 99, 103, 108, 113, 122, 128, 135, 140, 143, 145, 148, 152, 156, 162, 169, 174, 177, 179, 183, 187, 197, 205, 212, 216, 219, 223, 226, 232, 239, 244, 250, 255, 262, 267, 270, 273, 275, 280, 289, 292, 297, 304, 309, 311, 312, 316, 320, 321]

INFO: Total Population: 501317
INFO: R0: 2
INFO: Incubation Period: 5
INFO: Illness Period: 7
X:[0, 1, 2, 3, 4, 5, 6, 7, 8, 9, 10, 11, 12, 13, 14, 15, 16, 17, 18, 19, 20, 21, 22, 23, 24, 25, 26, 27, 28, 29, 30, 31, 32, 33, 34, 35, 36, 37, 38, 39, 40, 41, 42, 43, 44, 45, 46, 47, 48, 49, 50, 51, 52, 53, 54, 55, 56, 57, 58, 59, 60, 61, 62, 63, 64, 65, 66, 67, 68, 69, 70, 71, 72, 73, 74, 75, 76, 77, 78, 79, 80, 81, 82, 83, 84, 85, 86, 87, 88, 89, 90, 91, 92, 93, 94, 95, 96, 97, 98, 99, 100, 101, 102, 103, 104, 105, 106, 107, 108, 109, 110, 111, 112, 113, 114, 115, 116, 117, 118, 119, 120, 121, 122, 123]
YNEW:[0, 0, 0, 0, 0, 0, 0, 0, 0, 0, 0, 0, 0, 0, 0, 0, 0, 0, 0, 0, 0, 0, 0, 0, 0, 0, 0, 0, 0, 0, 0, 0, 0, 0, 0, 0, 0, 0, 0, 0, 0, 0, 0, 0, 0, 0, 0, 1, 1, 0, 0, 0, 0, 1, 1, 1, 1, 1, 5, 4, 4, 4, 4, 4, 4, 2, 6, 5, 9, 11, 10, 8, 7, 5, 4, 5, 5, 9, 6, 7, 5, 3, 2, 3, 4, 4, 6, 7, 5, 3, 2, 4, 4, 10, 8, 7, 4, 3, 4, 3, 6, 7, 5, 6, 8, 2, 6, 5, 1, 4, 2, 4, 6, 10, 7, 3, 4, 2, 1, 4, 1, 2, 2]
YTOT: [0, 0, 0, 0, 0, 0, 0, 0, 0, 0, 0, 0, 0, 0, 0, 0, 0, 0, 0, 0, 0, 0, 0, 0, 0, 0, 0, 0, 0, 0, 0, 0, 0, 0, 0, 0, 0, 0, 0, 0, 0, 0, 0, 0, 0, 0, 0, 1, 2, 2, 2, 2, 2, 3, 4, 5, 6, 7, 12, 16, 20, 24, 28, 32, 36, 38, 44, 49, 58, 69, 79, 87, 94, 99, 103, 108, 113, 122, 128, 135, 140, 143, 145, 148, 152, 156, 162, 169, 174, 177, 179, 183, 187, 197, 205, 212, 216, 219, 223, 226, 232, 239, 244, 250, 258, 260, 266, 271, 272, 276, 278, 282, 288, 298, 305, 308, 312, 314, 315, 319, 320, 322, 324]

INFO: Total Population: 501317
INFO: R0: 2
INFO: Incubation Period: 5
INFO: Illness Period: 7
X:[0, 1, 2, 3, 4, 5, 6, 7, 8, 9, 10, 11, 12, 13, 14, 15, 16, 17, 18, 19, 20, 21, 22, 23, 24, 25, 26, 27, 28, 29, 30, 31, 32, 33, 34, 35, 36, 37, 38, 39, 40, 41, 42, 43, 44, 45, 46, 47, 48, 49, 50, 51, 52, 53, 54, 55, 56, 57, 58, 59, 60, 61, 62, 63, 64, 65, 66, 67, 68, 69, 70, 71, 72, 73, 74, 75, 76, 77, 78, 79, 80, 81, 82, 83, 84, 85, 86, 87, 88, 89, 90, 91, 92, 93, 94, 95, 96, 97, 98, 99, 100, 101, 102, 103, 104, 105, 106, 107, 108, 109, 110, 111, 112, 113, 114, 115, 116, 117, 118, 119, 120, 121, 122, 123]
YNEW:[0, 0, 0, 0, 0, 0, 0, 0, 0, 0, 0, 0, 0, 0, 0, 0, 0, 0, 0, 0, 0, 0, 0, 0, 0, 0, 0, 0, 0, 0, 0, 0, 0, 0, 0, 0, 0, 0, 0, 0, 0, 0, 0, 0, 0, 0, 0, 1, 1, 0, 0, 0, 0, 1, 1, 1, 1, 1, 5, 4, 4, 4, 4, 4, 4, 2, 6, 5, 9, 11, 10, 8, 7, 5, 4, 5, 5, 9, 6, 7, 5, 3, 2, 3, 4, 4, 6, 7, 5, 3, 2, 4, 4, 10, 8, 7, 4, 3, 4, 3, 6, 7, 5, 6, 8, 4, 5, 4, 1, 5, 2, 8, 7, 4, 4, 3, 2, 4, 1, 3, 3, 1, 1]
YTOT: [0, 0, 0, 0, 0, 0, 0, 0, 0, 0, 0, 0, 0, 0, 0, 0, 0, 0, 0, 0, 0, 0, 0, 0, 0, 0, 0, 0, 0, 0, 0, 0, 0, 0, 0, 0, 0, 0, 0, 0, 0, 0, 0, 0, 0, 0, 0, 1, 2, 2, 2, 2, 2, 3, 4, 5, 6, 7, 12, 16, 20, 24, 28, 32, 36, 38, 44, 49, 58, 69, 79, 87, 94, 99, 103, 108, 113, 122, 128, 135, 140, 143, 145, 148, 152, 156, 162, 169, 174, 177, 179, 183, 187, 197, 205, 212, 216, 219, 223, 226, 232, 239, 244, 250, 258, 262, 267, 271, 272, 277, 279, 287, 294, 298, 302, 305, 307, 311, 312, 315, 318, 319, 320]

INFO: Total Population: 501317
INFO: R0: 2
INFO: Incubation Period: 5
INFO: Illness Period: 7
X:[0, 1, 2, 3, 4, 5, 6, 7, 8, 9, 10, 11, 12, 13, 14, 15, 16, 17, 18, 19, 20, 21, 22, 23, 24, 25, 26, 27, 28, 29, 30, 31, 32, 33, 34, 35, 36, 37, 38, 39, 40, 41, 42, 43, 44, 45, 46, 47, 48, 49, 50, 51, 52, 53, 54, 55, 56, 57, 58, 59, 60, 61, 62, 63, 64, 65, 66, 67, 68, 69, 70, 71, 72, 73, 74, 75, 76, 77, 78, 79, 80, 81, 82, 83, 84, 85, 86, 87, 88, 89, 90, 91, 92, 93, 94, 95, 96, 97, 98, 99, 100, 101, 102, 103, 104, 105, 106, 107, 108, 109, 110, 111, 112, 113, 114, 115, 116, 117, 118, 119, 120, 121, 122, 123, 124]
YNEW:[0, 0, 0, 0, 0, 0, 0, 0, 0, 0, 0, 0, 0, 0, 0, 0, 0, 0, 0, 0, 0, 0, 0, 0, 0, 0, 0, 0, 0, 0, 0, 0, 0, 0, 0, 0, 0, 0, 0, 0, 0, 0, 0, 0, 0, 0, 0, 1, 1, 0, 0, 0, 0, 1, 1, 1, 1, 1, 5, 4, 4, 4, 4, 4, 4, 2, 6, 5, 9, 11, 10, 8, 7, 5, 4, 5, 5, 9, 6, 7, 5, 3, 2, 3, 4, 4, 6, 7, 5, 3, 2, 4, 4, 10, 8, 7, 4, 3, 4, 3, 6, 7, 5, 6, 5, 5, 5, 5, 8, 1, 8, 3, 3, 5, 6, 5, 3, 4, 3, 2, 2, 2, 1, 1]
YTOT: [0, 0, 0, 0, 0, 0, 0, 0, 0, 0, 0, 0, 0, 0, 0, 0, 0, 0, 0, 0, 0, 0, 0, 0, 0, 0, 0, 0, 0, 0, 0, 0, 0, 0, 0, 0, 0, 0, 0, 0, 0, 0, 0, 0, 0, 0, 0, 1, 2, 2, 2, 2, 2, 3, 4, 5, 6, 7, 12, 16, 20, 24, 28, 32, 36, 38, 44, 49, 58, 69, 79, 87, 94, 99, 103, 108, 113, 122, 128, 135, 140, 143, 145, 148, 152, 156, 162, 169, 174, 177, 179, 183, 187, 197, 205, 212, 216, 219, 223, 226, 232, 239, 244, 250, 255, 260, 265, 270, 278, 279, 287, 290, 293, 298, 304, 309, 312, 316, 319, 321, 323, 325, 326, 327]

INFO: Total Population: 501317
INFO: R0: 2
INFO: Incubation Period: 5
INFO: Illness Period: 7
X:[0, 1, 2, 3, 4, 5, 6, 7, 8, 9, 10, 11, 12, 13, 14, 15, 16, 17, 18, 19, 20, 21, 22, 23, 24, 25, 26, 27, 28, 29, 30, 31, 32, 33, 34, 35, 36, 37, 38, 39, 40, 41, 42, 43, 44, 45, 46, 47, 48, 49, 50, 51, 52, 53, 54, 55, 56, 57, 58, 59, 60, 61, 62, 63, 64, 65, 66, 67, 68, 69, 70, 71, 72, 73, 74, 75, 76, 77, 78, 79, 80, 81, 82, 83, 84, 85, 86, 87, 88, 89, 90, 91, 92, 93, 94, 95, 96, 97, 98, 99, 100, 101, 102, 103, 104, 105, 106, 107, 108, 109, 110, 111, 112, 113, 114, 115, 116, 117, 118, 119, 120, 121, 122, 123]
YNEW:[0, 0, 0, 0, 0, 0, 0, 0, 0, 0, 0, 0, 0, 0, 0, 0, 0, 0, 0, 0, 0, 0, 0, 0, 0, 0, 0, 0, 0, 0, 0, 0, 0, 0, 0, 0, 0, 0, 0, 0, 0, 0, 0, 0, 0, 0, 0, 1, 1, 0, 0, 0, 0, 1, 1, 1, 1, 1, 5, 4, 4, 4, 4, 4, 4, 2, 6, 5, 9, 11, 10, 8, 7, 5, 4, 5, 5, 9, 6, 7, 5, 3, 2, 3, 4, 4, 6, 7, 5, 3, 2, 4, 4, 10, 8, 7, 4, 3, 4, 3, 6, 7, 5, 6, 8, 5, 3, 4, 2, 4, 8, 5, 7, 4, 5, 2, 6, 2, 5, 2, 1, 1, 1]
YTOT: [0, 0, 0, 0, 0, 0, 0, 0, 0, 0, 0, 0, 0, 0, 0, 0, 0, 0, 0, 0, 0, 0, 0, 0, 0, 0, 0, 0, 0, 0, 0, 0, 0, 0, 0, 0, 0, 0, 0, 0, 0, 0, 0, 0, 0, 0, 0, 1, 2, 2, 2, 2, 2, 3, 4, 5, 6, 7, 12, 16, 20, 24, 28, 32, 36, 38, 44, 49, 58, 69, 79, 87, 94, 99, 103, 108, 113, 122, 128, 135, 140, 143, 145, 148, 152, 156, 162, 169, 174, 177, 179, 183, 187, 197, 205, 212, 216, 219, 223, 226, 232, 239, 244, 250, 258, 263, 266, 270, 272, 276, 284, 289, 296, 300, 305, 307, 313, 315, 320, 322, 323, 324, 325]

INFO: Total Population: 501317
INFO: R0: 2
INFO: Incubation Period: 5
INFO: Illness Period: 7
X:[0, 1, 2, 3, 4, 5, 6, 7, 8, 9, 10, 11, 12, 13, 14, 15, 16, 17, 18, 19, 20, 21, 22, 23, 24, 25, 26, 27, 28, 29, 30, 31, 32, 33, 34, 35, 36, 37, 38, 39, 40, 41, 42, 43, 44, 45, 46, 47, 48, 49, 50, 51, 52, 53, 54, 55, 56, 57, 58, 59, 60, 61, 62, 63, 64, 65, 66, 67, 68, 69, 70, 71, 72, 73, 74, 75, 76, 77, 78, 79, 80, 81, 82, 83, 84, 85, 86, 87, 88, 89, 90, 91, 92, 93, 94, 95, 96, 97, 98, 99, 100, 101, 102, 103, 104, 105, 106, 107, 108, 109, 110, 111, 112, 113, 114, 115, 116, 117, 118, 119, 120, 121, 122, 123, 124, 125]
YNEW:[0, 0, 0, 0, 0, 0, 0, 0, 0, 0, 0, 0, 0, 0, 0, 0, 0, 0, 0, 0, 0, 0, 0, 0, 0, 0, 0, 0, 0, 0, 0, 0, 0, 0, 0, 0, 0, 0, 0, 0, 0, 0, 0, 0, 0, 0, 0, 1, 1, 0, 0, 0, 0, 1, 1, 1, 1, 1, 5, 4, 4, 4, 4, 4, 4, 2, 6, 5, 9, 11, 10, 8, 7, 5, 4, 5, 5, 9, 6, 7, 5, 3, 2, 3, 4, 4, 6, 7, 5, 3, 2, 4, 4, 10, 8, 7, 4, 3, 4, 3, 6, 7, 5, 6, 3, 9, 2, 4, 5, 4, 2, 5, 3, 5, 5, 5, 3, 3, 3, 1, 3, 2, 2, 1, 1]
YTOT: [0, 0, 0, 0, 0, 0, 0, 0, 0, 0, 0, 0, 0, 0, 0, 0, 0, 0, 0, 0, 0, 0, 0, 0, 0, 0, 0, 0, 0, 0, 0, 0, 0, 0, 0, 0, 0, 0, 0, 0, 0, 0, 0, 0, 0, 0, 0, 1, 2, 2, 2, 2, 2, 3, 4, 5, 6, 7, 12, 16, 20, 24, 28, 32, 36, 38, 44, 49, 58, 69, 79, 87, 94, 99, 103, 108, 113, 122, 128, 135, 140, 143, 145, 148, 152, 156, 162, 169, 174, 177, 179, 183, 187, 197, 205, 212, 216, 219, 223, 226, 232, 239, 244, 250, 253, 262, 264, 268, 273, 277, 279, 284, 287, 292, 297, 302, 305, 308, 311, 312, 315, 317, 319, 320, 321]

INFO: Total Population: 501317
INFO: R0: 2
INFO: Incubation Period: 5
INFO: Illness Period: 7
X:[0, 1, 2, 3, 4, 5, 6, 7, 8, 9, 10, 11, 12, 13, 14, 15, 16, 17, 18, 19, 20, 21, 22, 23, 24, 25, 26, 27, 28, 29, 30, 31, 32, 33, 34, 35, 36, 37, 38, 39, 40, 41, 42, 43, 44, 45, 46, 47, 48, 49, 50, 51, 52, 53, 54, 55, 56, 57, 58, 59, 60, 61, 62, 63, 64, 65, 66, 67, 68, 69, 70, 71, 72, 73, 74, 75, 76, 77, 78, 79, 80, 81, 82, 83, 84, 85, 86, 87, 88, 89, 90, 91, 92, 93, 94, 95, 96, 97, 98, 99, 100, 101, 102, 103, 104, 105, 106, 107, 108, 109, 110, 111, 112, 113, 114, 115, 116, 117, 118, 119, 120, 121, 122, 123]
YNEW:[0, 0, 0, 0, 0, 0, 0, 0, 0, 0, 0, 0, 0, 0, 0, 0, 0, 0, 0, 0, 0, 0, 0, 0, 0, 0, 0, 0, 0, 0, 0, 0, 0, 0, 0, 0, 0, 0, 0, 0, 0, 0, 0, 0, 0, 0, 0, 1, 1, 0, 0, 0, 0, 1, 1, 1, 1, 1, 5, 4, 4, 4, 4, 4, 4, 2, 6, 5, 9, 11, 10, 8, 7, 5, 4, 5, 5, 9, 6, 7, 5, 3, 2, 3, 4, 4, 6, 7, 5, 3, 2, 4, 4, 10, 8, 7, 4, 3, 4, 3, 6, 7, 5, 6, 3, 6, 1, 6, 2, 6, 4, 4, 10, 10, 1, 4, 7, 3, 1, 2, 1, 1, 1]
YTOT: [0, 0, 0, 0, 0, 0, 0, 0, 0, 0, 0, 0, 0, 0, 0, 0, 0, 0, 0, 0, 0, 0, 0, 0, 0, 0, 0, 0, 0, 0, 0, 0, 0, 0, 0, 0, 0, 0, 0, 0, 0, 0, 0, 0, 0, 0, 0, 1, 2, 2, 2, 2, 2, 3, 4, 5, 6, 7, 12, 16, 20, 24, 28, 32, 36, 38, 44, 49, 58, 69, 79, 87, 94, 99, 103, 108, 113, 122, 128, 135, 140, 143, 145, 148, 152, 156, 162, 169, 174, 177, 179, 183, 187, 197, 205, 212, 216, 219, 223, 226, 232, 239, 244, 250, 253, 259, 260, 266, 268, 274, 278, 282, 292, 302, 303, 307, 314, 317, 318, 320, 321, 322, 323]

INFO: Total Population: 501317
INFO: R0: 2
INFO: Incubation Period: 5
INFO: Illness Period: 7
X:[0, 1, 2, 3, 4, 5, 6, 7, 8, 9, 10, 11, 12, 13, 14, 15, 16, 17, 18, 19, 20, 21, 22, 23, 24, 25, 26, 27, 28, 29, 30, 31, 32, 33, 34, 35, 36, 37, 38, 39, 40, 41, 42, 43, 44, 45, 46, 47, 48, 49, 50, 51, 52, 53, 54, 55, 56, 57, 58, 59, 60, 61, 62, 63, 64, 65, 66, 67, 68, 69, 70, 71, 72, 73, 74, 75, 76, 77, 78, 79, 80, 81, 82, 83, 84, 85, 86, 87, 88, 89, 90, 91, 92, 93, 94, 95, 96, 97, 98, 99, 100, 101, 102, 103, 104, 105, 106, 107, 108, 109, 110, 111, 112, 113, 114, 115, 116, 117, 118, 119, 120, 121, 122, 123, 124]
YNEW:[0, 0, 0, 0, 0, 0, 0, 0, 0, 0, 0, 0, 0, 0, 0, 0, 0, 0, 0, 0, 0, 0, 0, 0, 0, 0, 0, 0, 0, 0, 0, 0, 0, 0, 0, 0, 0, 0, 0, 0, 0, 0, 0, 0, 0, 0, 0, 1, 1, 0, 0, 0, 0, 1, 1, 1, 1, 1, 5, 4, 4, 4, 4, 4, 4, 2, 6, 5, 9, 11, 10, 8, 7, 5, 4, 5, 5, 9, 6, 7, 5, 3, 2, 3, 4, 4, 6, 7, 5, 3, 2, 4, 4, 10, 8, 7, 4, 3, 4, 3, 6, 7, 5, 6, 1, 9, 3, 7, 4, 2, 8, 3, 5, 9, 4, 2, 3, 1, 3, 1, 2, 4, 2, 1]
YTOT: [0, 0, 0, 0, 0, 0, 0, 0, 0, 0, 0, 0, 0, 0, 0, 0, 0, 0, 0, 0, 0, 0, 0, 0, 0, 0, 0, 0, 0, 0, 0, 0, 0, 0, 0, 0, 0, 0, 0, 0, 0, 0, 0, 0, 0, 0, 0, 1, 2, 2, 2, 2, 2, 3, 4, 5, 6, 7, 12, 16, 20, 24, 28, 32, 36, 38, 44, 49, 58, 69, 79, 87, 94, 99, 103, 108, 113, 122, 128, 135, 140, 143, 145, 148, 152, 156, 162, 169, 174, 177, 179, 183, 187, 197, 205, 212, 216, 219, 223, 226, 232, 239, 244, 250, 251, 260, 263, 270, 274, 276, 284, 287, 292, 301, 305, 307, 310, 311, 314, 315, 317, 321, 323, 324]

INFO: Total Population: 501317
INFO: R0: 2
INFO: Incubation Period: 5
INFO: Illness Period: 7
X:[0, 1, 2, 3, 4, 5, 6, 7, 8, 9, 10, 11, 12, 13, 14, 15, 16, 17, 18, 19, 20, 21, 22, 23, 24, 25, 26, 27, 28, 29, 30, 31, 32, 33, 34, 35, 36, 37, 38, 39, 40, 41, 42, 43, 44, 45, 46, 47, 48, 49, 50, 51, 52, 53, 54, 55, 56, 57, 58, 59, 60, 61, 62, 63, 64, 65, 66, 67, 68, 69, 70, 71, 72, 73, 74, 75, 76, 77, 78, 79, 80, 81, 82, 83, 84, 85, 86, 87, 88, 89, 90, 91, 92, 93, 94, 95, 96, 97, 98, 99, 100, 101, 102, 103, 104, 105, 106, 107, 108, 109, 110, 111, 112, 113, 114, 115, 116, 117, 118, 119, 120, 121, 122, 123]
YNEW:[0, 0, 0, 0, 0, 0, 0, 0, 0, 0, 0, 0, 0, 0, 0, 0, 0, 0, 0, 0, 0, 0, 0, 0, 0, 0, 0, 0, 0, 0, 0, 0, 0, 0, 0, 0, 0, 0, 0, 0, 0, 0, 0, 0, 0, 0, 0, 1, 1, 0, 0, 0, 0, 1, 1, 1, 1, 1, 5, 4, 4, 4, 4, 4, 4, 2, 6, 5, 9, 11, 10, 8, 7, 5, 4, 5, 5, 9, 6, 7, 5, 3, 2, 3, 4, 4, 6, 7, 5, 3, 2, 4, 4, 10, 8, 7, 4, 3, 4, 3, 6, 7, 5, 6, 9, 4, 4, 3, 9, 3, 3, 4, 6, 11, 8, 2, 6, 3, 1, 1, 3, 2, 1]
YTOT: [0, 0, 0, 0, 0, 0, 0, 0, 0, 0, 0, 0, 0, 0, 0, 0, 0, 0, 0, 0, 0, 0, 0, 0, 0, 0, 0, 0, 0, 0, 0, 0, 0, 0, 0, 0, 0, 0, 0, 0, 0, 0, 0, 0, 0, 0, 0, 1, 2, 2, 2, 2, 2, 3, 4, 5, 6, 7, 12, 16, 20, 24, 28, 32, 36, 38, 44, 49, 58, 69, 79, 87, 94, 99, 103, 108, 113, 122, 128, 135, 140, 143, 145, 148, 152, 156, 162, 169, 174, 177, 179, 183, 187, 197, 205, 212, 216, 219, 223, 226, 232, 239, 244, 250, 259, 263, 267, 270, 279, 282, 285, 289, 295, 306, 314, 316, 322, 325, 326, 327, 330, 332, 333]

INFO: Total Population: 501317
INFO: R0: 2
INFO: Incubation Period: 5
INFO: Illness Period: 7
X:[0, 1, 2, 3, 4, 5, 6, 7, 8, 9, 10, 11, 12, 13, 14, 15, 16, 17, 18, 19, 20, 21, 22, 23, 24, 25, 26, 27, 28, 29, 30, 31, 32, 33, 34, 35, 36, 37, 38, 39, 40, 41, 42, 43, 44, 45, 46, 47, 48, 49, 50, 51, 52, 53, 54, 55, 56, 57, 58, 59, 60, 61, 62, 63, 64, 65, 66, 67, 68, 69, 70, 71, 72, 73, 74, 75, 76, 77, 78, 79, 80, 81, 82, 83, 84, 85, 86, 87, 88, 89, 90, 91, 92, 93, 94, 95, 96, 97, 98, 99, 100, 101, 102, 103, 104, 105, 106, 107, 108, 109, 110, 111, 112, 113, 114, 115, 116, 117, 118, 119, 120, 121]
YNEW:[0, 0, 0, 0, 0, 0, 0, 0, 0, 0, 0, 0, 0, 0, 0, 0, 0, 0, 0, 0, 0, 0, 0, 0, 0, 0, 0, 0, 0, 0, 0, 0, 0, 0, 0, 0, 0, 0, 0, 0, 0, 0, 0, 0, 0, 0, 0, 1, 1, 0, 0, 0, 0, 1, 1, 1, 1, 1, 5, 4, 4, 4, 4, 4, 4, 2, 6, 5, 9, 11, 10, 8, 7, 5, 4, 5, 5, 9, 6, 7, 5, 3, 2, 3, 4, 4, 6, 7, 5, 3, 2, 4, 4, 10, 8, 7, 4, 3, 4, 3, 6, 7, 5, 6, 4, 5, 2, 6, 5, 4, 3, 4, 8, 4, 8, 4, 2, 7, 4, 2, 3]
YTOT: [0, 0, 0, 0, 0, 0, 0, 0, 0, 0, 0, 0, 0, 0, 0, 0, 0, 0, 0, 0, 0, 0, 0, 0, 0, 0, 0, 0, 0, 0, 0, 0, 0, 0, 0, 0, 0, 0, 0, 0, 0, 0, 0, 0, 0, 0, 0, 1, 2, 2, 2, 2, 2, 3, 4, 5, 6, 7, 12, 16, 20, 24, 28, 32, 36, 38, 44, 49, 58, 69, 79, 87, 94, 99, 103, 108, 113, 122, 128, 135, 140, 143, 145, 148, 152, 156, 162, 169, 174, 177, 179, 183, 187, 197, 205, 212, 216, 219, 223, 226, 232, 239, 244, 250, 254, 259, 261, 267, 272, 276, 279, 283, 291, 295, 303, 307, 309, 316, 320, 322, 325]

END