

INFO: Total Population: 1643700
INFO: R0: 2
INFO: Incubation Period: 5
INFO: Illness Period: 7
X:[0, 1, 2, 3, 4, 5, 6, 7, 8, 9, 10, 11, 12, 13, 14, 15, 16, 17, 18, 19, 20, 21, 22, 23, 24, 25, 26, 27, 28, 29, 30, 31, 32, 33, 34, 35, 36, 37, 38, 39, 40, 41, 42, 43, 44, 45, 46, 47, 48, 49, 50, 51, 52, 53, 54, 55, 56, 57, 58, 59, 60, 61, 62, 63, 64, 65, 66, 67, 68, 69, 70, 71, 72, 73, 74, 75, 76, 77, 78, 79, 80, 81, 82, 83, 84, 85, 86, 87, 88, 89, 90, 91, 92, 93, 94, 95, 96, 97, 98, 99, 100, 101, 102, 103, 104, 105, 106, 107, 108, 109, 110, 111, 112, 113, 114, 115, 116, 117, 118, 119, 120, 121, 122, 123, 124, 125, 126, 127, 128, 129]
YNEW:[0, 0, 0, 0, 0, 0, 0, 0, 0, 0, 0, 0, 0, 0, 0, 0, 0, 0, 0, 0, 0, 0, 0, 0, 0, 0, 0, 0, 0, 0, 0, 0, 0, 0, 0, 0, 0, 0, 0, 0, 0, 0, 0, 0, 0, 0, 0, 1, 0, 1, 0, 1, 1, 3, 4, 6, 5, 5, 7, 11, 22, 22, 16, 14, 18, 30, 34, 30, 25, 25, 30, 33, 40, 59, 52, 43, 43, 40, 38, 44, 44, 41, 41, 27, 42, 44, 48, 51, 53, 43, 44, 42, 51, 52, 48, 42, 37, 34, 34, 34, 34, 46, 47, 41, 38, 43, 46, 30, 46, 35, 31, 26, 27, 45, 50, 69, 51, 51, 42, 45, 35, 28, 29, 16, 16, 17, 4, 6, 1]
YTOT: [0, 0, 0, 0, 0, 0, 0, 0, 0, 0, 0, 0, 0, 0, 0, 0, 0, 0, 0, 0, 0, 0, 0, 0, 0, 0, 0, 0, 0, 0, 0, 0, 0, 0, 0, 0, 0, 0, 0, 0, 0, 0, 0, 0, 0, 0, 0, 1, 1, 2, 2, 3, 4, 7, 11, 17, 22, 27, 34, 45, 67, 89, 105, 119, 137, 167, 201, 231, 256, 281, 311, 344, 384, 443, 495, 538, 581, 621, 659, 703, 747, 788, 829, 856, 898, 942, 990, 1041, 1094, 1137, 1181, 1223, 1274, 1326, 1374, 1416, 1453, 1487, 1521, 1555, 1589, 1635, 1682, 1723, 1761, 1804, 1850, 1880, 1926, 1961, 1992, 2018, 2045, 2090, 2140, 2209, 2260, 2311, 2353, 2398, 2433, 2461, 2490, 2506, 2522, 2539, 2543, 2549, 2550]

INFO: Total Population: 1643700
INFO: R0: 2
INFO: Incubation Period: 5
INFO: Illness Period: 7
X:[0, 1, 2, 3, 4, 5, 6, 7, 8, 9, 10, 11, 12, 13, 14, 15, 16, 17, 18, 19, 20, 21, 22, 23, 24, 25, 26, 27, 28, 29, 30, 31, 32, 33, 34, 35, 36, 37, 38, 39, 40, 41, 42, 43, 44, 45, 46, 47, 48, 49, 50, 51, 52, 53, 54, 55, 56, 57, 58, 59, 60, 61, 62, 63, 64, 65, 66, 67, 68, 69, 70, 71, 72, 73, 74, 75, 76, 77, 78, 79, 80, 81, 82, 83, 84, 85, 86, 87, 88, 89, 90, 91, 92, 93, 94, 95, 96, 97, 98, 99, 100, 101, 102, 103, 104, 105, 106, 107, 108, 109, 110, 111, 112, 113, 114, 115, 116, 117, 118, 119, 120, 121, 122, 123, 124, 125, 126, 127, 128, 129]
YNEW:[0, 0, 0, 0, 0, 0, 0, 0, 0, 0, 0, 0, 0, 0, 0, 0, 0, 0, 0, 0, 0, 0, 0, 0, 0, 0, 0, 0, 0, 0, 0, 0, 0, 0, 0, 0, 0, 0, 0, 0, 0, 0, 0, 0, 0, 0, 0, 1, 0, 1, 0, 1, 1, 3, 4, 6, 5, 5, 7, 11, 22, 22, 16, 14, 18, 30, 34, 30, 25, 25, 30, 33, 40, 59, 52, 43, 43, 40, 38, 44, 44, 41, 41, 27, 42, 44, 48, 51, 53, 43, 44, 42, 51, 52, 48, 42, 37, 34, 34, 34, 34, 46, 47, 41, 38, 43, 46, 45, 27, 31, 29, 19, 24, 49, 56, 51, 62, 57, 43, 30, 31, 28, 18, 19, 13, 13, 8, 5, 2]
YTOT: [0, 0, 0, 0, 0, 0, 0, 0, 0, 0, 0, 0, 0, 0, 0, 0, 0, 0, 0, 0, 0, 0, 0, 0, 0, 0, 0, 0, 0, 0, 0, 0, 0, 0, 0, 0, 0, 0, 0, 0, 0, 0, 0, 0, 0, 0, 0, 1, 1, 2, 2, 3, 4, 7, 11, 17, 22, 27, 34, 45, 67, 89, 105, 119, 137, 167, 201, 231, 256, 281, 311, 344, 384, 443, 495, 538, 581, 621, 659, 703, 747, 788, 829, 856, 898, 942, 990, 1041, 1094, 1137, 1181, 1223, 1274, 1326, 1374, 1416, 1453, 1487, 1521, 1555, 1589, 1635, 1682, 1723, 1761, 1804, 1850, 1895, 1922, 1953, 1982, 2001, 2025, 2074, 2130, 2181, 2243, 2300, 2343, 2373, 2404, 2432, 2450, 2469, 2482, 2495, 2503, 2508, 2510]

INFO: Total Population: 1643700
INFO: R0: 2
INFO: Incubation Period: 5
INFO: Illness Period: 7
X:[0, 1, 2, 3, 4, 5, 6, 7, 8, 9, 10, 11, 12, 13, 14, 15, 16, 17, 18, 19, 20, 21, 22, 23, 24, 25, 26, 27, 28, 29, 30, 31, 32, 33, 34, 35, 36, 37, 38, 39, 40, 41, 42, 43, 44, 45, 46, 47, 48, 49, 50, 51, 52, 53, 54, 55, 56, 57, 58, 59, 60, 61, 62, 63, 64, 65, 66, 67, 68, 69, 70, 71, 72, 73, 74, 75, 76, 77, 78, 79, 80, 81, 82, 83, 84, 85, 86, 87, 88, 89, 90, 91, 92, 93, 94, 95, 96, 97, 98, 99, 100, 101, 102, 103, 104, 105, 106, 107, 108, 109, 110, 111, 112, 113, 114, 115, 116, 117, 118, 119, 120, 121, 122, 123, 124, 125, 126, 127, 128, 129, 130]
YNEW:[0, 0, 0, 0, 0, 0, 0, 0, 0, 0, 0, 0, 0, 0, 0, 0, 0, 0, 0, 0, 0, 0, 0, 0, 0, 0, 0, 0, 0, 0, 0, 0, 0, 0, 0, 0, 0, 0, 0, 0, 0, 0, 0, 0, 0, 0, 0, 1, 0, 1, 0, 1, 1, 3, 4, 6, 5, 5, 7, 11, 22, 22, 16, 14, 18, 30, 34, 30, 25, 25, 30, 33, 40, 59, 52, 43, 43, 40, 38, 44, 44, 41, 41, 27, 42, 44, 48, 51, 53, 43, 44, 42, 51, 52, 48, 42, 37, 34, 34, 34, 34, 46, 47, 41, 38, 43, 46, 39, 37, 29, 22, 30, 35, 37, 45, 47, 54, 68, 46, 40, 34, 28, 32, 22, 12, 9, 4, 7, 1, 2]
YTOT: [0, 0, 0, 0, 0, 0, 0, 0, 0, 0, 0, 0, 0, 0, 0, 0, 0, 0, 0, 0, 0, 0, 0, 0, 0, 0, 0, 0, 0, 0, 0, 0, 0, 0, 0, 0, 0, 0, 0, 0, 0, 0, 0, 0, 0, 0, 0, 1, 1, 2, 2, 3, 4, 7, 11, 17, 22, 27, 34, 45, 67, 89, 105, 119, 137, 167, 201, 231, 256, 281, 311, 344, 384, 443, 495, 538, 581, 621, 659, 703, 747, 788, 829, 856, 898, 942, 990, 1041, 1094, 1137, 1181, 1223, 1274, 1326, 1374, 1416, 1453, 1487, 1521, 1555, 1589, 1635, 1682, 1723, 1761, 1804, 1850, 1889, 1926, 1955, 1977, 2007, 2042, 2079, 2124, 2171, 2225, 2293, 2339, 2379, 2413, 2441, 2473, 2495, 2507, 2516, 2520, 2527, 2528, 2530]

INFO: Total Population: 1643700
INFO: R0: 2
INFO: Incubation Period: 5
INFO: Illness Period: 7
X:[0, 1, 2, 3, 4, 5, 6, 7, 8, 9, 10, 11, 12, 13, 14, 15, 16, 17, 18, 19, 20, 21, 22, 23, 24, 25, 26, 27, 28, 29, 30, 31, 32, 33, 34, 35, 36, 37, 38, 39, 40, 41, 42, 43, 44, 45, 46, 47, 48, 49, 50, 51, 52, 53, 54, 55, 56, 57, 58, 59, 60, 61, 62, 63, 64, 65, 66, 67, 68, 69, 70, 71, 72, 73, 74, 75, 76, 77, 78, 79, 80, 81, 82, 83, 84, 85, 86, 87, 88, 89, 90, 91, 92, 93, 94, 95, 96, 97, 98, 99, 100, 101, 102, 103, 104, 105, 106, 107, 108, 109, 110, 111, 112, 113, 114, 115, 116, 117, 118, 119, 120, 121, 122, 123, 124, 125, 126, 127, 128, 129]
YNEW:[0, 0, 0, 0, 0, 0, 0, 0, 0, 0, 0, 0, 0, 0, 0, 0, 0, 0, 0, 0, 0, 0, 0, 0, 0, 0, 0, 0, 0, 0, 0, 0, 0, 0, 0, 0, 0, 0, 0, 0, 0, 0, 0, 0, 0, 0, 0, 1, 0, 1, 0, 1, 1, 3, 4, 6, 5, 5, 7, 11, 22, 22, 16, 14, 18, 30, 34, 30, 25, 25, 30, 33, 40, 59, 52, 43, 43, 40, 38, 44, 44, 41, 41, 27, 42, 44, 48, 51, 53, 43, 44, 42, 51, 52, 48, 42, 37, 34, 34, 34, 34, 46, 47, 41, 38, 43, 46, 37, 40, 23, 28, 26, 40, 47, 44, 50, 46, 63, 50, 43, 44, 32, 22, 19, 11, 6, 4, 4, 4]
YTOT: [0, 0, 0, 0, 0, 0, 0, 0, 0, 0, 0, 0, 0, 0, 0, 0, 0, 0, 0, 0, 0, 0, 0, 0, 0, 0, 0, 0, 0, 0, 0, 0, 0, 0, 0, 0, 0, 0, 0, 0, 0, 0, 0, 0, 0, 0, 0, 1, 1, 2, 2, 3, 4, 7, 11, 17, 22, 27, 34, 45, 67, 89, 105, 119, 137, 167, 201, 231, 256, 281, 311, 344, 384, 443, 495, 538, 581, 621, 659, 703, 747, 788, 829, 856, 898, 942, 990, 1041, 1094, 1137, 1181, 1223, 1274, 1326, 1374, 1416, 1453, 1487, 1521, 1555, 1589, 1635, 1682, 1723, 1761, 1804, 1850, 1887, 1927, 1950, 1978, 2004, 2044, 2091, 2135, 2185, 2231, 2294, 2344, 2387, 2431, 2463, 2485, 2504, 2515, 2521, 2525, 2529, 2533]

INFO: Total Population: 1643700
INFO: R0: 2
INFO: Incubation Period: 5
INFO: Illness Period: 7
X:[0, 1, 2, 3, 4, 5, 6, 7, 8, 9, 10, 11, 12, 13, 14, 15, 16, 17, 18, 19, 20, 21, 22, 23, 24, 25, 26, 27, 28, 29, 30, 31, 32, 33, 34, 35, 36, 37, 38, 39, 40, 41, 42, 43, 44, 45, 46, 47, 48, 49, 50, 51, 52, 53, 54, 55, 56, 57, 58, 59, 60, 61, 62, 63, 64, 65, 66, 67, 68, 69, 70, 71, 72, 73, 74, 75, 76, 77, 78, 79, 80, 81, 82, 83, 84, 85, 86, 87, 88, 89, 90, 91, 92, 93, 94, 95, 96, 97, 98, 99, 100, 101, 102, 103, 104, 105, 106, 107, 108, 109, 110, 111, 112, 113, 114, 115, 116, 117, 118, 119, 120, 121, 122, 123, 124, 125, 126, 127, 128, 129, 130]
YNEW:[0, 0, 0, 0, 0, 0, 0, 0, 0, 0, 0, 0, 0, 0, 0, 0, 0, 0, 0, 0, 0, 0, 0, 0, 0, 0, 0, 0, 0, 0, 0, 0, 0, 0, 0, 0, 0, 0, 0, 0, 0, 0, 0, 0, 0, 0, 0, 1, 0, 1, 0, 1, 1, 3, 4, 6, 5, 5, 7, 11, 22, 22, 16, 14, 18, 30, 34, 30, 25, 25, 30, 33, 40, 59, 52, 43, 43, 40, 38, 44, 44, 41, 41, 27, 42, 44, 48, 51, 53, 43, 44, 42, 51, 52, 48, 42, 37, 34, 34, 34, 34, 46, 47, 41, 38, 43, 46, 32, 38, 36, 27, 31, 29, 51, 46, 56, 67, 64, 52, 38, 35, 33, 16, 19, 11, 7, 10, 1, 1, 1]
YTOT: [0, 0, 0, 0, 0, 0, 0, 0, 0, 0, 0, 0, 0, 0, 0, 0, 0, 0, 0, 0, 0, 0, 0, 0, 0, 0, 0, 0, 0, 0, 0, 0, 0, 0, 0, 0, 0, 0, 0, 0, 0, 0, 0, 0, 0, 0, 0, 1, 1, 2, 2, 3, 4, 7, 11, 17, 22, 27, 34, 45, 67, 89, 105, 119, 137, 167, 201, 231, 256, 281, 311, 344, 384, 443, 495, 538, 581, 621, 659, 703, 747, 788, 829, 856, 898, 942, 990, 1041, 1094, 1137, 1181, 1223, 1274, 1326, 1374, 1416, 1453, 1487, 1521, 1555, 1589, 1635, 1682, 1723, 1761, 1804, 1850, 1882, 1920, 1956, 1983, 2014, 2043, 2094, 2140, 2196, 2263, 2327, 2379, 2417, 2452, 2485, 2501, 2520, 2531, 2538, 2548, 2549, 2550, 2551]

INFO: Total Population: 1643700
INFO: R0: 2
INFO: Incubation Period: 5
INFO: Illness Period: 7
X:[0, 1, 2, 3, 4, 5, 6, 7, 8, 9, 10, 11, 12, 13, 14, 15, 16, 17, 18, 19, 20, 21, 22, 23, 24, 25, 26, 27, 28, 29, 30, 31, 32, 33, 34, 35, 36, 37, 38, 39, 40, 41, 42, 43, 44, 45, 46, 47, 48, 49, 50, 51, 52, 53, 54, 55, 56, 57, 58, 59, 60, 61, 62, 63, 64, 65, 66, 67, 68, 69, 70, 71, 72, 73, 74, 75, 76, 77, 78, 79, 80, 81, 82, 83, 84, 85, 86, 87, 88, 89, 90, 91, 92, 93, 94, 95, 96, 97, 98, 99, 100, 101, 102, 103, 104, 105, 106, 107, 108, 109, 110, 111, 112, 113, 114, 115, 116, 117, 118, 119, 120, 121, 122, 123, 124, 125, 126, 127, 128]
YNEW:[0, 0, 0, 0, 0, 0, 0, 0, 0, 0, 0, 0, 0, 0, 0, 0, 0, 0, 0, 0, 0, 0, 0, 0, 0, 0, 0, 0, 0, 0, 0, 0, 0, 0, 0, 0, 0, 0, 0, 0, 0, 0, 0, 0, 0, 0, 0, 1, 0, 1, 0, 1, 1, 3, 4, 6, 5, 5, 7, 11, 22, 22, 16, 14, 18, 30, 34, 30, 25, 25, 30, 33, 40, 59, 52, 43, 43, 40, 38, 44, 44, 41, 41, 27, 42, 44, 48, 51, 53, 43, 44, 42, 51, 52, 48, 42, 37, 34, 34, 34, 34, 46, 47, 41, 38, 43, 46, 41, 36, 30, 26, 37, 21, 38, 53, 63, 62, 58, 47, 36, 30, 25, 19, 21, 13, 5, 8, 5]
YTOT: [0, 0, 0, 0, 0, 0, 0, 0, 0, 0, 0, 0, 0, 0, 0, 0, 0, 0, 0, 0, 0, 0, 0, 0, 0, 0, 0, 0, 0, 0, 0, 0, 0, 0, 0, 0, 0, 0, 0, 0, 0, 0, 0, 0, 0, 0, 0, 1, 1, 2, 2, 3, 4, 7, 11, 17, 22, 27, 34, 45, 67, 89, 105, 119, 137, 167, 201, 231, 256, 281, 311, 344, 384, 443, 495, 538, 581, 621, 659, 703, 747, 788, 829, 856, 898, 942, 990, 1041, 1094, 1137, 1181, 1223, 1274, 1326, 1374, 1416, 1453, 1487, 1521, 1555, 1589, 1635, 1682, 1723, 1761, 1804, 1850, 1891, 1927, 1957, 1983, 2020, 2041, 2079, 2132, 2195, 2257, 2315, 2362, 2398, 2428, 2453, 2472, 2493, 2506, 2511, 2519, 2524]

INFO: Total Population: 1643700
INFO: R0: 2
INFO: Incubation Period: 5
INFO: Illness Period: 7
X:[0, 1, 2, 3, 4, 5, 6, 7, 8, 9, 10, 11, 12, 13, 14, 15, 16, 17, 18, 19, 20, 21, 22, 23, 24, 25, 26, 27, 28, 29, 30, 31, 32, 33, 34, 35, 36, 37, 38, 39, 40, 41, 42, 43, 44, 45, 46, 47, 48, 49, 50, 51, 52, 53, 54, 55, 56, 57, 58, 59, 60, 61, 62, 63, 64, 65, 66, 67, 68, 69, 70, 71, 72, 73, 74, 75, 76, 77, 78, 79, 80, 81, 82, 83, 84, 85, 86, 87, 88, 89, 90, 91, 92, 93, 94, 95, 96, 97, 98, 99, 100, 101, 102, 103, 104, 105, 106, 107, 108, 109, 110, 111, 112, 113, 114, 115, 116, 117, 118, 119, 120, 121, 122, 123, 124, 125, 126, 127, 128]
YNEW:[0, 0, 0, 0, 0, 0, 0, 0, 0, 0, 0, 0, 0, 0, 0, 0, 0, 0, 0, 0, 0, 0, 0, 0, 0, 0, 0, 0, 0, 0, 0, 0, 0, 0, 0, 0, 0, 0, 0, 0, 0, 0, 0, 0, 0, 0, 0, 1, 0, 1, 0, 1, 1, 3, 4, 6, 5, 5, 7, 11, 22, 22, 16, 14, 18, 30, 34, 30, 25, 25, 30, 33, 40, 59, 52, 43, 43, 40, 38, 44, 44, 41, 41, 27, 42, 44, 48, 51, 53, 43, 44, 42, 51, 52, 48, 42, 37, 34, 34, 34, 34, 46, 47, 41, 38, 43, 46, 36, 34, 29, 34, 30, 22, 49, 48, 59, 52, 65, 40, 43, 36, 17, 24, 17, 11, 12, 11, 3]
YTOT: [0, 0, 0, 0, 0, 0, 0, 0, 0, 0, 0, 0, 0, 0, 0, 0, 0, 0, 0, 0, 0, 0, 0, 0, 0, 0, 0, 0, 0, 0, 0, 0, 0, 0, 0, 0, 0, 0, 0, 0, 0, 0, 0, 0, 0, 0, 0, 1, 1, 2, 2, 3, 4, 7, 11, 17, 22, 27, 34, 45, 67, 89, 105, 119, 137, 167, 201, 231, 256, 281, 311, 344, 384, 443, 495, 538, 581, 621, 659, 703, 747, 788, 829, 856, 898, 942, 990, 1041, 1094, 1137, 1181, 1223, 1274, 1326, 1374, 1416, 1453, 1487, 1521, 1555, 1589, 1635, 1682, 1723, 1761, 1804, 1850, 1886, 1920, 1949, 1983, 2013, 2035, 2084, 2132, 2191, 2243, 2308, 2348, 2391, 2427, 2444, 2468, 2485, 2496, 2508, 2519, 2522]

INFO: Total Population: 1643700
INFO: R0: 2
INFO: Incubation Period: 5
INFO: Illness Period: 7
X:[0, 1, 2, 3, 4, 5, 6, 7, 8, 9, 10, 11, 12, 13, 14, 15, 16, 17, 18, 19, 20, 21, 22, 23, 24, 25, 26, 27, 28, 29, 30, 31, 32, 33, 34, 35, 36, 37, 38, 39, 40, 41, 42, 43, 44, 45, 46, 47, 48, 49, 50, 51, 52, 53, 54, 55, 56, 57, 58, 59, 60, 61, 62, 63, 64, 65, 66, 67, 68, 69, 70, 71, 72, 73, 74, 75, 76, 77, 78, 79, 80, 81, 82, 83, 84, 85, 86, 87, 88, 89, 90, 91, 92, 93, 94, 95, 96, 97, 98, 99, 100, 101, 102, 103, 104, 105, 106, 107, 108, 109, 110, 111, 112, 113, 114, 115, 116, 117, 118, 119, 120, 121, 122, 123, 124, 125, 126, 127, 128]
YNEW:[0, 0, 0, 0, 0, 0, 0, 0, 0, 0, 0, 0, 0, 0, 0, 0, 0, 0, 0, 0, 0, 0, 0, 0, 0, 0, 0, 0, 0, 0, 0, 0, 0, 0, 0, 0, 0, 0, 0, 0, 0, 0, 0, 0, 0, 0, 0, 1, 0, 1, 0, 1, 1, 3, 4, 6, 5, 5, 7, 11, 22, 22, 16, 14, 18, 30, 34, 30, 25, 25, 30, 33, 40, 59, 52, 43, 43, 40, 38, 44, 44, 41, 41, 27, 42, 44, 48, 51, 53, 43, 44, 42, 51, 52, 48, 42, 37, 34, 34, 34, 34, 46, 47, 41, 38, 43, 46, 28, 27, 25, 26, 33, 24, 44, 37, 47, 54, 48, 52, 22, 40, 28, 30, 12, 11, 15, 5, 9]
YTOT: [0, 0, 0, 0, 0, 0, 0, 0, 0, 0, 0, 0, 0, 0, 0, 0, 0, 0, 0, 0, 0, 0, 0, 0, 0, 0, 0, 0, 0, 0, 0, 0, 0, 0, 0, 0, 0, 0, 0, 0, 0, 0, 0, 0, 0, 0, 0, 1, 1, 2, 2, 3, 4, 7, 11, 17, 22, 27, 34, 45, 67, 89, 105, 119, 137, 167, 201, 231, 256, 281, 311, 344, 384, 443, 495, 538, 581, 621, 659, 703, 747, 788, 829, 856, 898, 942, 990, 1041, 1094, 1137, 1181, 1223, 1274, 1326, 1374, 1416, 1453, 1487, 1521, 1555, 1589, 1635, 1682, 1723, 1761, 1804, 1850, 1878, 1905, 1930, 1956, 1989, 2013, 2057, 2094, 2141, 2195, 2243, 2295, 2317, 2357, 2385, 2415, 2427, 2438, 2453, 2458, 2467]

INFO: Total Population: 1643700
INFO: R0: 2
INFO: Incubation Period: 5
INFO: Illness Period: 7
X:[0, 1, 2, 3, 4, 5, 6, 7, 8, 9, 10, 11, 12, 13, 14, 15, 16, 17, 18, 19, 20, 21, 22, 23, 24, 25, 26, 27, 28, 29, 30, 31, 32, 33, 34, 35, 36, 37, 38, 39, 40, 41, 42, 43, 44, 45, 46, 47, 48, 49, 50, 51, 52, 53, 54, 55, 56, 57, 58, 59, 60, 61, 62, 63, 64, 65, 66, 67, 68, 69, 70, 71, 72, 73, 74, 75, 76, 77, 78, 79, 80, 81, 82, 83, 84, 85, 86, 87, 88, 89, 90, 91, 92, 93, 94, 95, 96, 97, 98, 99, 100, 101, 102, 103, 104, 105, 106, 107, 108, 109, 110, 111, 112, 113, 114, 115, 116, 117, 118, 119, 120, 121, 122, 123, 124, 125, 126, 127, 128, 129]
YNEW:[0, 0, 0, 0, 0, 0, 0, 0, 0, 0, 0, 0, 0, 0, 0, 0, 0, 0, 0, 0, 0, 0, 0, 0, 0, 0, 0, 0, 0, 0, 0, 0, 0, 0, 0, 0, 0, 0, 0, 0, 0, 0, 0, 0, 0, 0, 0, 1, 0, 1, 0, 1, 1, 3, 4, 6, 5, 5, 7, 11, 22, 22, 16, 14, 18, 30, 34, 30, 25, 25, 30, 33, 40, 59, 52, 43, 43, 40, 38, 44, 44, 41, 41, 27, 42, 44, 48, 51, 53, 43, 44, 42, 51, 52, 48, 42, 37, 34, 34, 34, 34, 46, 47, 41, 38, 43, 46, 46, 39, 35, 31, 26, 20, 51, 54, 66, 61, 50, 51, 34, 32, 24, 24, 36, 13, 11, 7, 2, 1]
YTOT: [0, 0, 0, 0, 0, 0, 0, 0, 0, 0, 0, 0, 0, 0, 0, 0, 0, 0, 0, 0, 0, 0, 0, 0, 0, 0, 0, 0, 0, 0, 0, 0, 0, 0, 0, 0, 0, 0, 0, 0, 0, 0, 0, 0, 0, 0, 0, 1, 1, 2, 2, 3, 4, 7, 11, 17, 22, 27, 34, 45, 67, 89, 105, 119, 137, 167, 201, 231, 256, 281, 311, 344, 384, 443, 495, 538, 581, 621, 659, 703, 747, 788, 829, 856, 898, 942, 990, 1041, 1094, 1137, 1181, 1223, 1274, 1326, 1374, 1416, 1453, 1487, 1521, 1555, 1589, 1635, 1682, 1723, 1761, 1804, 1850, 1896, 1935, 1970, 2001, 2027, 2047, 2098, 2152, 2218, 2279, 2329, 2380, 2414, 2446, 2470, 2494, 2530, 2543, 2554, 2561, 2563, 2564]

INFO: Total Population: 1643700
INFO: R0: 2
INFO: Incubation Period: 5
INFO: Illness Period: 7
X:[0, 1, 2, 3, 4, 5, 6, 7, 8, 9, 10, 11, 12, 13, 14, 15, 16, 17, 18, 19, 20, 21, 22, 23, 24, 25, 26, 27, 28, 29, 30, 31, 32, 33, 34, 35, 36, 37, 38, 39, 40, 41, 42, 43, 44, 45, 46, 47, 48, 49, 50, 51, 52, 53, 54, 55, 56, 57, 58, 59, 60, 61, 62, 63, 64, 65, 66, 67, 68, 69, 70, 71, 72, 73, 74, 75, 76, 77, 78, 79, 80, 81, 82, 83, 84, 85, 86, 87, 88, 89, 90, 91, 92, 93, 94, 95, 96, 97, 98, 99, 100, 101, 102, 103, 104, 105, 106, 107, 108, 109, 110, 111, 112, 113, 114, 115, 116, 117, 118, 119, 120, 121, 122, 123, 124, 125, 126, 127, 128, 129]
YNEW:[0, 0, 0, 0, 0, 0, 0, 0, 0, 0, 0, 0, 0, 0, 0, 0, 0, 0, 0, 0, 0, 0, 0, 0, 0, 0, 0, 0, 0, 0, 0, 0, 0, 0, 0, 0, 0, 0, 0, 0, 0, 0, 0, 0, 0, 0, 0, 1, 0, 1, 0, 1, 1, 3, 4, 6, 5, 5, 7, 11, 22, 22, 16, 14, 18, 30, 34, 30, 25, 25, 30, 33, 40, 59, 52, 43, 43, 40, 38, 44, 44, 41, 41, 27, 42, 44, 48, 51, 53, 43, 44, 42, 51, 52, 48, 42, 37, 34, 34, 34, 34, 46, 47, 41, 38, 43, 46, 44, 32, 30, 29, 32, 26, 39, 42, 50, 65, 57, 60, 40, 39, 28, 23, 16, 10, 6, 9, 3, 5]
YTOT: [0, 0, 0, 0, 0, 0, 0, 0, 0, 0, 0, 0, 0, 0, 0, 0, 0, 0, 0, 0, 0, 0, 0, 0, 0, 0, 0, 0, 0, 0, 0, 0, 0, 0, 0, 0, 0, 0, 0, 0, 0, 0, 0, 0, 0, 0, 0, 1, 1, 2, 2, 3, 4, 7, 11, 17, 22, 27, 34, 45, 67, 89, 105, 119, 137, 167, 201, 231, 256, 281, 311, 344, 384, 443, 495, 538, 581, 621, 659, 703, 747, 788, 829, 856, 898, 942, 990, 1041, 1094, 1137, 1181, 1223, 1274, 1326, 1374, 1416, 1453, 1487, 1521, 1555, 1589, 1635, 1682, 1723, 1761, 1804, 1850, 1894, 1926, 1956, 1985, 2017, 2043, 2082, 2124, 2174, 2239, 2296, 2356, 2396, 2435, 2463, 2486, 2502, 2512, 2518, 2527, 2530, 2535]

INFO: Total Population: 1643700
INFO: R0: 2
INFO: Incubation Period: 5
INFO: Illness Period: 7
X:[0, 1, 2, 3, 4, 5, 6, 7, 8, 9, 10, 11, 12, 13, 14, 15, 16, 17, 18, 19, 20, 21, 22, 23, 24, 25, 26, 27, 28, 29, 30, 31, 32, 33, 34, 35, 36, 37, 38, 39, 40, 41, 42, 43, 44, 45, 46, 47, 48, 49, 50, 51, 52, 53, 54, 55, 56, 57, 58, 59, 60, 61, 62, 63, 64, 65, 66, 67, 68, 69, 70, 71, 72, 73, 74, 75, 76, 77, 78, 79, 80, 81, 82, 83, 84, 85, 86, 87, 88, 89, 90, 91, 92, 93, 94, 95, 96, 97, 98, 99, 100, 101, 102, 103, 104, 105, 106, 107, 108, 109, 110, 111, 112, 113, 114, 115, 116, 117, 118, 119, 120, 121, 122, 123, 124, 125, 126, 127, 128, 129]
YNEW:[0, 0, 0, 0, 0, 0, 0, 0, 0, 0, 0, 0, 0, 0, 0, 0, 0, 0, 0, 0, 0, 0, 0, 0, 0, 0, 0, 0, 0, 0, 0, 0, 0, 0, 0, 0, 0, 0, 0, 0, 0, 0, 0, 0, 0, 0, 0, 1, 0, 1, 0, 1, 1, 3, 4, 6, 5, 5, 7, 11, 22, 22, 16, 14, 18, 30, 34, 30, 25, 25, 30, 33, 40, 59, 52, 43, 43, 40, 38, 44, 44, 41, 41, 27, 42, 44, 48, 51, 53, 43, 44, 42, 51, 52, 48, 42, 37, 34, 34, 34, 34, 46, 47, 41, 38, 43, 46, 36, 32, 36, 27, 30, 22, 47, 58, 67, 65, 47, 45, 47, 22, 27, 21, 18, 19, 11, 3, 5, 3]
YTOT: [0, 0, 0, 0, 0, 0, 0, 0, 0, 0, 0, 0, 0, 0, 0, 0, 0, 0, 0, 0, 0, 0, 0, 0, 0, 0, 0, 0, 0, 0, 0, 0, 0, 0, 0, 0, 0, 0, 0, 0, 0, 0, 0, 0, 0, 0, 0, 1, 1, 2, 2, 3, 4, 7, 11, 17, 22, 27, 34, 45, 67, 89, 105, 119, 137, 167, 201, 231, 256, 281, 311, 344, 384, 443, 495, 538, 581, 621, 659, 703, 747, 788, 829, 856, 898, 942, 990, 1041, 1094, 1137, 1181, 1223, 1274, 1326, 1374, 1416, 1453, 1487, 1521, 1555, 1589, 1635, 1682, 1723, 1761, 1804, 1850, 1886, 1918, 1954, 1981, 2011, 2033, 2080, 2138, 2205, 2270, 2317, 2362, 2409, 2431, 2458, 2479, 2497, 2516, 2527, 2530, 2535, 2538]

INFO: Total Population: 1643700
INFO: R0: 2
INFO: Incubation Period: 5
INFO: Illness Period: 7
X:[0, 1, 2, 3, 4, 5, 6, 7, 8, 9, 10, 11, 12, 13, 14, 15, 16, 17, 18, 19, 20, 21, 22, 23, 24, 25, 26, 27, 28, 29, 30, 31, 32, 33, 34, 35, 36, 37, 38, 39, 40, 41, 42, 43, 44, 45, 46, 47, 48, 49, 50, 51, 52, 53, 54, 55, 56, 57, 58, 59, 60, 61, 62, 63, 64, 65, 66, 67, 68, 69, 70, 71, 72, 73, 74, 75, 76, 77, 78, 79, 80, 81, 82, 83, 84, 85, 86, 87, 88, 89, 90, 91, 92, 93, 94, 95, 96, 97, 98, 99, 100, 101, 102, 103, 104, 105, 106, 107, 108, 109, 110, 111, 112, 113, 114, 115, 116, 117, 118, 119, 120, 121, 122, 123, 124, 125, 126, 127, 128, 129]
YNEW:[0, 0, 0, 0, 0, 0, 0, 0, 0, 0, 0, 0, 0, 0, 0, 0, 0, 0, 0, 0, 0, 0, 0, 0, 0, 0, 0, 0, 0, 0, 0, 0, 0, 0, 0, 0, 0, 0, 0, 0, 0, 0, 0, 0, 0, 0, 0, 1, 0, 1, 0, 1, 1, 3, 4, 6, 5, 5, 7, 11, 22, 22, 16, 14, 18, 30, 34, 30, 25, 25, 30, 33, 40, 59, 52, 43, 43, 40, 38, 44, 44, 41, 41, 27, 42, 44, 48, 51, 53, 43, 44, 42, 51, 52, 48, 42, 37, 34, 34, 34, 34, 46, 47, 41, 38, 43, 46, 37, 31, 29, 21, 28, 19, 52, 48, 44, 61, 50, 43, 37, 37, 26, 11, 21, 15, 8, 2, 3, 1]
YTOT: [0, 0, 0, 0, 0, 0, 0, 0, 0, 0, 0, 0, 0, 0, 0, 0, 0, 0, 0, 0, 0, 0, 0, 0, 0, 0, 0, 0, 0, 0, 0, 0, 0, 0, 0, 0, 0, 0, 0, 0, 0, 0, 0, 0, 0, 0, 0, 1, 1, 2, 2, 3, 4, 7, 11, 17, 22, 27, 34, 45, 67, 89, 105, 119, 137, 167, 201, 231, 256, 281, 311, 344, 384, 443, 495, 538, 581, 621, 659, 703, 747, 788, 829, 856, 898, 942, 990, 1041, 1094, 1137, 1181, 1223, 1274, 1326, 1374, 1416, 1453, 1487, 1521, 1555, 1589, 1635, 1682, 1723, 1761, 1804, 1850, 1887, 1918, 1947, 1968, 1996, 2015, 2067, 2115, 2159, 2220, 2270, 2313, 2350, 2387, 2413, 2424, 2445, 2460, 2468, 2470, 2473, 2474]

INFO: Total Population: 1643700
INFO: R0: 2
INFO: Incubation Period: 5
INFO: Illness Period: 7
X:[0, 1, 2, 3, 4, 5, 6, 7, 8, 9, 10, 11, 12, 13, 14, 15, 16, 17, 18, 19, 20, 21, 22, 23, 24, 25, 26, 27, 28, 29, 30, 31, 32, 33, 34, 35, 36, 37, 38, 39, 40, 41, 42, 43, 44, 45, 46, 47, 48, 49, 50, 51, 52, 53, 54, 55, 56, 57, 58, 59, 60, 61, 62, 63, 64, 65, 66, 67, 68, 69, 70, 71, 72, 73, 74, 75, 76, 77, 78, 79, 80, 81, 82, 83, 84, 85, 86, 87, 88, 89, 90, 91, 92, 93, 94, 95, 96, 97, 98, 99, 100, 101, 102, 103, 104, 105, 106, 107, 108, 109, 110, 111, 112, 113, 114, 115, 116, 117, 118, 119, 120, 121, 122, 123, 124, 125, 126, 127, 128, 129]
YNEW:[0, 0, 0, 0, 0, 0, 0, 0, 0, 0, 0, 0, 0, 0, 0, 0, 0, 0, 0, 0, 0, 0, 0, 0, 0, 0, 0, 0, 0, 0, 0, 0, 0, 0, 0, 0, 0, 0, 0, 0, 0, 0, 0, 0, 0, 0, 0, 1, 0, 1, 0, 1, 1, 3, 4, 6, 5, 5, 7, 11, 22, 22, 16, 14, 18, 30, 34, 30, 25, 25, 30, 33, 40, 59, 52, 43, 43, 40, 38, 44, 44, 41, 41, 27, 42, 44, 48, 51, 53, 43, 44, 42, 51, 52, 48, 42, 37, 34, 34, 34, 34, 46, 47, 41, 38, 43, 46, 39, 40, 30, 26, 25, 39, 56, 54, 54, 54, 46, 52, 44, 35, 27, 31, 18, 21, 7, 5, 7, 3]
YTOT: [0, 0, 0, 0, 0, 0, 0, 0, 0, 0, 0, 0, 0, 0, 0, 0, 0, 0, 0, 0, 0, 0, 0, 0, 0, 0, 0, 0, 0, 0, 0, 0, 0, 0, 0, 0, 0, 0, 0, 0, 0, 0, 0, 0, 0, 0, 0, 1, 1, 2, 2, 3, 4, 7, 11, 17, 22, 27, 34, 45, 67, 89, 105, 119, 137, 167, 201, 231, 256, 281, 311, 344, 384, 443, 495, 538, 581, 621, 659, 703, 747, 788, 829, 856, 898, 942, 990, 1041, 1094, 1137, 1181, 1223, 1274, 1326, 1374, 1416, 1453, 1487, 1521, 1555, 1589, 1635, 1682, 1723, 1761, 1804, 1850, 1889, 1929, 1959, 1985, 2010, 2049, 2105, 2159, 2213, 2267, 2313, 2365, 2409, 2444, 2471, 2502, 2520, 2541, 2548, 2553, 2560, 2563]

INFO: Total Population: 1643700
INFO: R0: 2
INFO: Incubation Period: 5
INFO: Illness Period: 7
X:[0, 1, 2, 3, 4, 5, 6, 7, 8, 9, 10, 11, 12, 13, 14, 15, 16, 17, 18, 19, 20, 21, 22, 23, 24, 25, 26, 27, 28, 29, 30, 31, 32, 33, 34, 35, 36, 37, 38, 39, 40, 41, 42, 43, 44, 45, 46, 47, 48, 49, 50, 51, 52, 53, 54, 55, 56, 57, 58, 59, 60, 61, 62, 63, 64, 65, 66, 67, 68, 69, 70, 71, 72, 73, 74, 75, 76, 77, 78, 79, 80, 81, 82, 83, 84, 85, 86, 87, 88, 89, 90, 91, 92, 93, 94, 95, 96, 97, 98, 99, 100, 101, 102, 103, 104, 105, 106, 107, 108, 109, 110, 111, 112, 113, 114, 115, 116, 117, 118, 119, 120, 121, 122, 123, 124, 125, 126, 127, 128, 129]
YNEW:[0, 0, 0, 0, 0, 0, 0, 0, 0, 0, 0, 0, 0, 0, 0, 0, 0, 0, 0, 0, 0, 0, 0, 0, 0, 0, 0, 0, 0, 0, 0, 0, 0, 0, 0, 0, 0, 0, 0, 0, 0, 0, 0, 0, 0, 0, 0, 1, 0, 1, 0, 1, 1, 3, 4, 6, 5, 5, 7, 11, 22, 22, 16, 14, 18, 30, 34, 30, 25, 25, 30, 33, 40, 59, 52, 43, 43, 40, 38, 44, 44, 41, 41, 27, 42, 44, 48, 51, 53, 43, 44, 42, 51, 52, 48, 42, 37, 34, 34, 34, 34, 46, 47, 41, 38, 43, 46, 37, 31, 34, 28, 26, 35, 37, 43, 43, 64, 47, 54, 48, 42, 25, 25, 32, 17, 8, 5, 6, 1]
YTOT: [0, 0, 0, 0, 0, 0, 0, 0, 0, 0, 0, 0, 0, 0, 0, 0, 0, 0, 0, 0, 0, 0, 0, 0, 0, 0, 0, 0, 0, 0, 0, 0, 0, 0, 0, 0, 0, 0, 0, 0, 0, 0, 0, 0, 0, 0, 0, 1, 1, 2, 2, 3, 4, 7, 11, 17, 22, 27, 34, 45, 67, 89, 105, 119, 137, 167, 201, 231, 256, 281, 311, 344, 384, 443, 495, 538, 581, 621, 659, 703, 747, 788, 829, 856, 898, 942, 990, 1041, 1094, 1137, 1181, 1223, 1274, 1326, 1374, 1416, 1453, 1487, 1521, 1555, 1589, 1635, 1682, 1723, 1761, 1804, 1850, 1887, 1918, 1952, 1980, 2006, 2041, 2078, 2121, 2164, 2228, 2275, 2329, 2377, 2419, 2444, 2469, 2501, 2518, 2526, 2531, 2537, 2538]

INFO: Total Population: 1643700
INFO: R0: 2
INFO: Incubation Period: 5
INFO: Illness Period: 7
X:[0, 1, 2, 3, 4, 5, 6, 7, 8, 9, 10, 11, 12, 13, 14, 15, 16, 17, 18, 19, 20, 21, 22, 23, 24, 25, 26, 27, 28, 29, 30, 31, 32, 33, 34, 35, 36, 37, 38, 39, 40, 41, 42, 43, 44, 45, 46, 47, 48, 49, 50, 51, 52, 53, 54, 55, 56, 57, 58, 59, 60, 61, 62, 63, 64, 65, 66, 67, 68, 69, 70, 71, 72, 73, 74, 75, 76, 77, 78, 79, 80, 81, 82, 83, 84, 85, 86, 87, 88, 89, 90, 91, 92, 93, 94, 95, 96, 97, 98, 99, 100, 101, 102, 103, 104, 105, 106, 107, 108, 109, 110, 111, 112, 113, 114, 115, 116, 117, 118, 119, 120, 121, 122, 123, 124, 125, 126, 127, 128, 129]
YNEW:[0, 0, 0, 0, 0, 0, 0, 0, 0, 0, 0, 0, 0, 0, 0, 0, 0, 0, 0, 0, 0, 0, 0, 0, 0, 0, 0, 0, 0, 0, 0, 0, 0, 0, 0, 0, 0, 0, 0, 0, 0, 0, 0, 0, 0, 0, 0, 1, 0, 1, 0, 1, 1, 3, 4, 6, 5, 5, 7, 11, 22, 22, 16, 14, 18, 30, 34, 30, 25, 25, 30, 33, 40, 59, 52, 43, 43, 40, 38, 44, 44, 41, 41, 27, 42, 44, 48, 51, 53, 43, 44, 42, 51, 52, 48, 42, 37, 34, 34, 34, 34, 46, 47, 41, 38, 43, 46, 32, 34, 31, 31, 29, 28, 47, 42, 49, 54, 48, 51, 41, 43, 27, 20, 25, 12, 10, 4, 8, 2]
YTOT: [0, 0, 0, 0, 0, 0, 0, 0, 0, 0, 0, 0, 0, 0, 0, 0, 0, 0, 0, 0, 0, 0, 0, 0, 0, 0, 0, 0, 0, 0, 0, 0, 0, 0, 0, 0, 0, 0, 0, 0, 0, 0, 0, 0, 0, 0, 0, 1, 1, 2, 2, 3, 4, 7, 11, 17, 22, 27, 34, 45, 67, 89, 105, 119, 137, 167, 201, 231, 256, 281, 311, 344, 384, 443, 495, 538, 581, 621, 659, 703, 747, 788, 829, 856, 898, 942, 990, 1041, 1094, 1137, 1181, 1223, 1274, 1326, 1374, 1416, 1453, 1487, 1521, 1555, 1589, 1635, 1682, 1723, 1761, 1804, 1850, 1882, 1916, 1947, 1978, 2007, 2035, 2082, 2124, 2173, 2227, 2275, 2326, 2367, 2410, 2437, 2457, 2482, 2494, 2504, 2508, 2516, 2518]

INFO: Total Population: 1643700
INFO: R0: 2
INFO: Incubation Period: 5
INFO: Illness Period: 7
X:[0, 1, 2, 3, 4, 5, 6, 7, 8, 9, 10, 11, 12, 13, 14, 15, 16, 17, 18, 19, 20, 21, 22, 23, 24, 25, 26, 27, 28, 29, 30, 31, 32, 33, 34, 35, 36, 37, 38, 39, 40, 41, 42, 43, 44, 45, 46, 47, 48, 49, 50, 51, 52, 53, 54, 55, 56, 57, 58, 59, 60, 61, 62, 63, 64, 65, 66, 67, 68, 69, 70, 71, 72, 73, 74, 75, 76, 77, 78, 79, 80, 81, 82, 83, 84, 85, 86, 87, 88, 89, 90, 91, 92, 93, 94, 95, 96, 97, 98, 99, 100, 101, 102, 103, 104, 105, 106, 107, 108, 109, 110, 111, 112, 113, 114, 115, 116, 117, 118, 119, 120, 121, 122, 123, 124, 125, 126, 127, 128, 129]
YNEW:[0, 0, 0, 0, 0, 0, 0, 0, 0, 0, 0, 0, 0, 0, 0, 0, 0, 0, 0, 0, 0, 0, 0, 0, 0, 0, 0, 0, 0, 0, 0, 0, 0, 0, 0, 0, 0, 0, 0, 0, 0, 0, 0, 0, 0, 0, 0, 1, 0, 1, 0, 1, 1, 3, 4, 6, 5, 5, 7, 11, 22, 22, 16, 14, 18, 30, 34, 30, 25, 25, 30, 33, 40, 59, 52, 43, 43, 40, 38, 44, 44, 41, 41, 27, 42, 44, 48, 51, 53, 43, 44, 42, 51, 52, 48, 42, 37, 34, 34, 34, 34, 46, 47, 41, 38, 43, 46, 35, 40, 26, 30, 36, 34, 58, 51, 44, 62, 61, 72, 36, 32, 26, 23, 19, 14, 12, 7, 8, 1]
YTOT: [0, 0, 0, 0, 0, 0, 0, 0, 0, 0, 0, 0, 0, 0, 0, 0, 0, 0, 0, 0, 0, 0, 0, 0, 0, 0, 0, 0, 0, 0, 0, 0, 0, 0, 0, 0, 0, 0, 0, 0, 0, 0, 0, 0, 0, 0, 0, 1, 1, 2, 2, 3, 4, 7, 11, 17, 22, 27, 34, 45, 67, 89, 105, 119, 137, 167, 201, 231, 256, 281, 311, 344, 384, 443, 495, 538, 581, 621, 659, 703, 747, 788, 829, 856, 898, 942, 990, 1041, 1094, 1137, 1181, 1223, 1274, 1326, 1374, 1416, 1453, 1487, 1521, 1555, 1589, 1635, 1682, 1723, 1761, 1804, 1850, 1885, 1925, 1951, 1981, 2017, 2051, 2109, 2160, 2204, 2266, 2327, 2399, 2435, 2467, 2493, 2516, 2535, 2549, 2561, 2568, 2576, 2577]

INFO: Total Population: 1643700
INFO: R0: 2
INFO: Incubation Period: 5
INFO: Illness Period: 7
X:[0, 1, 2, 3, 4, 5, 6, 7, 8, 9, 10, 11, 12, 13, 14, 15, 16, 17, 18, 19, 20, 21, 22, 23, 24, 25, 26, 27, 28, 29, 30, 31, 32, 33, 34, 35, 36, 37, 38, 39, 40, 41, 42, 43, 44, 45, 46, 47, 48, 49, 50, 51, 52, 53, 54, 55, 56, 57, 58, 59, 60, 61, 62, 63, 64, 65, 66, 67, 68, 69, 70, 71, 72, 73, 74, 75, 76, 77, 78, 79, 80, 81, 82, 83, 84, 85, 86, 87, 88, 89, 90, 91, 92, 93, 94, 95, 96, 97, 98, 99, 100, 101, 102, 103, 104, 105, 106, 107, 108, 109, 110, 111, 112, 113, 114, 115, 116, 117, 118, 119, 120, 121, 122, 123, 124, 125, 126, 127, 128, 129]
YNEW:[0, 0, 0, 0, 0, 0, 0, 0, 0, 0, 0, 0, 0, 0, 0, 0, 0, 0, 0, 0, 0, 0, 0, 0, 0, 0, 0, 0, 0, 0, 0, 0, 0, 0, 0, 0, 0, 0, 0, 0, 0, 0, 0, 0, 0, 0, 0, 1, 0, 1, 0, 1, 1, 3, 4, 6, 5, 5, 7, 11, 22, 22, 16, 14, 18, 30, 34, 30, 25, 25, 30, 33, 40, 59, 52, 43, 43, 40, 38, 44, 44, 41, 41, 27, 42, 44, 48, 51, 53, 43, 44, 42, 51, 52, 48, 42, 37, 34, 34, 34, 34, 46, 47, 41, 38, 43, 46, 30, 36, 46, 37, 25, 24, 48, 48, 64, 54, 55, 51, 37, 32, 32, 27, 23, 15, 13, 5, 4, 1]
YTOT: [0, 0, 0, 0, 0, 0, 0, 0, 0, 0, 0, 0, 0, 0, 0, 0, 0, 0, 0, 0, 0, 0, 0, 0, 0, 0, 0, 0, 0, 0, 0, 0, 0, 0, 0, 0, 0, 0, 0, 0, 0, 0, 0, 0, 0, 0, 0, 1, 1, 2, 2, 3, 4, 7, 11, 17, 22, 27, 34, 45, 67, 89, 105, 119, 137, 167, 201, 231, 256, 281, 311, 344, 384, 443, 495, 538, 581, 621, 659, 703, 747, 788, 829, 856, 898, 942, 990, 1041, 1094, 1137, 1181, 1223, 1274, 1326, 1374, 1416, 1453, 1487, 1521, 1555, 1589, 1635, 1682, 1723, 1761, 1804, 1850, 1880, 1916, 1962, 1999, 2024, 2048, 2096, 2144, 2208, 2262, 2317, 2368, 2405, 2437, 2469, 2496, 2519, 2534, 2547, 2552, 2556, 2557]

INFO: Total Population: 1643700
INFO: R0: 2
INFO: Incubation Period: 5
INFO: Illness Period: 7
X:[0, 1, 2, 3, 4, 5, 6, 7, 8, 9, 10, 11, 12, 13, 14, 15, 16, 17, 18, 19, 20, 21, 22, 23, 24, 25, 26, 27, 28, 29, 30, 31, 32, 33, 34, 35, 36, 37, 38, 39, 40, 41, 42, 43, 44, 45, 46, 47, 48, 49, 50, 51, 52, 53, 54, 55, 56, 57, 58, 59, 60, 61, 62, 63, 64, 65, 66, 67, 68, 69, 70, 71, 72, 73, 74, 75, 76, 77, 78, 79, 80, 81, 82, 83, 84, 85, 86, 87, 88, 89, 90, 91, 92, 93, 94, 95, 96, 97, 98, 99, 100, 101, 102, 103, 104, 105, 106, 107, 108, 109, 110, 111, 112, 113, 114, 115, 116, 117, 118, 119, 120, 121, 122, 123, 124, 125, 126, 127, 128, 129, 130]
YNEW:[0, 0, 0, 0, 0, 0, 0, 0, 0, 0, 0, 0, 0, 0, 0, 0, 0, 0, 0, 0, 0, 0, 0, 0, 0, 0, 0, 0, 0, 0, 0, 0, 0, 0, 0, 0, 0, 0, 0, 0, 0, 0, 0, 0, 0, 0, 0, 1, 0, 1, 0, 1, 1, 3, 4, 6, 5, 5, 7, 11, 22, 22, 16, 14, 18, 30, 34, 30, 25, 25, 30, 33, 40, 59, 52, 43, 43, 40, 38, 44, 44, 41, 41, 27, 42, 44, 48, 51, 53, 43, 44, 42, 51, 52, 48, 42, 37, 34, 34, 34, 34, 46, 47, 41, 38, 43, 46, 38, 29, 41, 36, 27, 18, 45, 50, 49, 57, 63, 47, 49, 41, 30, 13, 21, 12, 11, 7, 1, 1, 1]
YTOT: [0, 0, 0, 0, 0, 0, 0, 0, 0, 0, 0, 0, 0, 0, 0, 0, 0, 0, 0, 0, 0, 0, 0, 0, 0, 0, 0, 0, 0, 0, 0, 0, 0, 0, 0, 0, 0, 0, 0, 0, 0, 0, 0, 0, 0, 0, 0, 1, 1, 2, 2, 3, 4, 7, 11, 17, 22, 27, 34, 45, 67, 89, 105, 119, 137, 167, 201, 231, 256, 281, 311, 344, 384, 443, 495, 538, 581, 621, 659, 703, 747, 788, 829, 856, 898, 942, 990, 1041, 1094, 1137, 1181, 1223, 1274, 1326, 1374, 1416, 1453, 1487, 1521, 1555, 1589, 1635, 1682, 1723, 1761, 1804, 1850, 1888, 1917, 1958, 1994, 2021, 2039, 2084, 2134, 2183, 2240, 2303, 2350, 2399, 2440, 2470, 2483, 2504, 2516, 2527, 2534, 2535, 2536, 2537]

INFO: Total Population: 1643700
INFO: R0: 2
INFO: Incubation Period: 5
INFO: Illness Period: 7
X:[0, 1, 2, 3, 4, 5, 6, 7, 8, 9, 10, 11, 12, 13, 14, 15, 16, 17, 18, 19, 20, 21, 22, 23, 24, 25, 26, 27, 28, 29, 30, 31, 32, 33, 34, 35, 36, 37, 38, 39, 40, 41, 42, 43, 44, 45, 46, 47, 48, 49, 50, 51, 52, 53, 54, 55, 56, 57, 58, 59, 60, 61, 62, 63, 64, 65, 66, 67, 68, 69, 70, 71, 72, 73, 74, 75, 76, 77, 78, 79, 80, 81, 82, 83, 84, 85, 86, 87, 88, 89, 90, 91, 92, 93, 94, 95, 96, 97, 98, 99, 100, 101, 102, 103, 104, 105, 106, 107, 108, 109, 110, 111, 112, 113, 114, 115, 116, 117, 118, 119, 120, 121, 122, 123, 124, 125, 126, 127, 128, 129, 130]
YNEW:[0, 0, 0, 0, 0, 0, 0, 0, 0, 0, 0, 0, 0, 0, 0, 0, 0, 0, 0, 0, 0, 0, 0, 0, 0, 0, 0, 0, 0, 0, 0, 0, 0, 0, 0, 0, 0, 0, 0, 0, 0, 0, 0, 0, 0, 0, 0, 1, 0, 1, 0, 1, 1, 3, 4, 6, 5, 5, 7, 11, 22, 22, 16, 14, 18, 30, 34, 30, 25, 25, 30, 33, 40, 59, 52, 43, 43, 40, 38, 44, 44, 41, 41, 27, 42, 44, 48, 51, 53, 43, 44, 42, 51, 52, 48, 42, 37, 34, 34, 34, 34, 46, 47, 41, 38, 43, 46, 41, 37, 30, 28, 34, 36, 46, 48, 65, 64, 64, 52, 53, 31, 29, 27, 17, 11, 8, 5, 5, 2, 1]
YTOT: [0, 0, 0, 0, 0, 0, 0, 0, 0, 0, 0, 0, 0, 0, 0, 0, 0, 0, 0, 0, 0, 0, 0, 0, 0, 0, 0, 0, 0, 0, 0, 0, 0, 0, 0, 0, 0, 0, 0, 0, 0, 0, 0, 0, 0, 0, 0, 1, 1, 2, 2, 3, 4, 7, 11, 17, 22, 27, 34, 45, 67, 89, 105, 119, 137, 167, 201, 231, 256, 281, 311, 344, 384, 443, 495, 538, 581, 621, 659, 703, 747, 788, 829, 856, 898, 942, 990, 1041, 1094, 1137, 1181, 1223, 1274, 1326, 1374, 1416, 1453, 1487, 1521, 1555, 1589, 1635, 1682, 1723, 1761, 1804, 1850, 1891, 1928, 1958, 1986, 2020, 2056, 2102, 2150, 2215, 2279, 2343, 2395, 2448, 2479, 2508, 2535, 2552, 2563, 2571, 2576, 2581, 2583, 2584]

INFO: Total Population: 1643700
INFO: R0: 2
INFO: Incubation Period: 5
INFO: Illness Period: 7
X:[0, 1, 2, 3, 4, 5, 6, 7, 8, 9, 10, 11, 12, 13, 14, 15, 16, 17, 18, 19, 20, 21, 22, 23, 24, 25, 26, 27, 28, 29, 30, 31, 32, 33, 34, 35, 36, 37, 38, 39, 40, 41, 42, 43, 44, 45, 46, 47, 48, 49, 50, 51, 52, 53, 54, 55, 56, 57, 58, 59, 60, 61, 62, 63, 64, 65, 66, 67, 68, 69, 70, 71, 72, 73, 74, 75, 76, 77, 78, 79, 80, 81, 82, 83, 84, 85, 86, 87, 88, 89, 90, 91, 92, 93, 94, 95, 96, 97, 98, 99, 100, 101, 102, 103, 104, 105, 106, 107, 108, 109, 110, 111, 112, 113, 114, 115, 116, 117, 118, 119, 120, 121, 122, 123, 124, 125, 126, 127, 128, 129, 130]
YNEW:[0, 0, 0, 0, 0, 0, 0, 0, 0, 0, 0, 0, 0, 0, 0, 0, 0, 0, 0, 0, 0, 0, 0, 0, 0, 0, 0, 0, 0, 0, 0, 0, 0, 0, 0, 0, 0, 0, 0, 0, 0, 0, 0, 0, 0, 0, 0, 1, 0, 1, 0, 1, 1, 3, 4, 6, 5, 5, 7, 11, 22, 22, 16, 14, 18, 30, 34, 30, 25, 25, 30, 33, 40, 59, 52, 43, 43, 40, 38, 44, 44, 41, 41, 27, 42, 44, 48, 51, 53, 43, 44, 42, 51, 52, 48, 42, 37, 34, 34, 34, 34, 46, 47, 41, 38, 43, 46, 29, 49, 40, 22, 30, 28, 44, 59, 64, 55, 71, 53, 32, 42, 20, 25, 25, 15, 11, 6, 5, 5, 1]
YTOT: [0, 0, 0, 0, 0, 0, 0, 0, 0, 0, 0, 0, 0, 0, 0, 0, 0, 0, 0, 0, 0, 0, 0, 0, 0, 0, 0, 0, 0, 0, 0, 0, 0, 0, 0, 0, 0, 0, 0, 0, 0, 0, 0, 0, 0, 0, 0, 1, 1, 2, 2, 3, 4, 7, 11, 17, 22, 27, 34, 45, 67, 89, 105, 119, 137, 167, 201, 231, 256, 281, 311, 344, 384, 443, 495, 538, 581, 621, 659, 703, 747, 788, 829, 856, 898, 942, 990, 1041, 1094, 1137, 1181, 1223, 1274, 1326, 1374, 1416, 1453, 1487, 1521, 1555, 1589, 1635, 1682, 1723, 1761, 1804, 1850, 1879, 1928, 1968, 1990, 2020, 2048, 2092, 2151, 2215, 2270, 2341, 2394, 2426, 2468, 2488, 2513, 2538, 2553, 2564, 2570, 2575, 2580, 2581]

END