

INFO: Total Population: 870044
INFO: R0: 2
INFO: Incubation Period: 5
INFO: Illness Period: 7
X:[0, 1, 2, 3, 4, 5, 6, 7, 8, 9, 10, 11, 12, 13, 14, 15, 16, 17, 18, 19, 20, 21, 22, 23, 24, 25, 26, 27, 28, 29, 30, 31, 32, 33, 34, 35, 36, 37, 38, 39, 40, 41, 42, 43, 44, 45, 46, 47, 48, 49, 50, 51, 52, 53, 54, 55, 56, 57, 58, 59, 60, 61, 62, 63, 64, 65, 66, 67, 68, 69, 70, 71, 72, 73, 74, 75, 76, 77, 78, 79, 80, 81, 82, 83, 84, 85, 86, 87, 88, 89, 90, 91, 92, 93, 94, 95, 96, 97, 98, 99, 100, 101, 102, 103, 104, 105, 106, 107, 108, 109, 110, 111]
YNEW:[0, 0, 0, 0, 0, 0, 0, 0, 0, 0, 0, 0, 0, 0, 0, 0, 0, 0, 0, 0, 0, 0, 0, 0, 0, 0, 0, 0, 0, 0, 0, 0, 0, 0, 0, 0, 0, 0, 0, 0, 0, 0, 0, 1, 1, 3, 2, 4, 3, 3, 2, 3, 3, 6, 5, 5, 6, 10, 12, 9, 14, 17, 19, 22, 31, 40, 38, 37, 36, 31, 31, 26, 33, 33, 36, 29, 32, 39, 43, 54, 59, 46, 57, 49, 40, 27, 29, 43, 38, 46, 37, 46, 36, 29, 25, 26, 31, 31, 31, 27, 37, 18, 16, 11, 15, 13, 8, 8, 3, 2, 1]
YTOT: [0, 0, 0, 0, 0, 0, 0, 0, 0, 0, 0, 0, 0, 0, 0, 0, 0, 0, 0, 0, 0, 0, 0, 0, 0, 0, 0, 0, 0, 0, 0, 0, 0, 0, 0, 0, 0, 0, 0, 0, 0, 0, 0, 1, 2, 5, 7, 11, 14, 17, 19, 22, 25, 31, 36, 41, 47, 57, 69, 78, 92, 109, 128, 150, 181, 221, 259, 296, 332, 363, 394, 420, 453, 486, 522, 551, 583, 622, 665, 719, 778, 824, 881, 930, 970, 997, 1026, 1069, 1107, 1153, 1190, 1236, 1272, 1301, 1326, 1352, 1383, 1414, 1445, 1472, 1509, 1527, 1543, 1554, 1569, 1582, 1590, 1598, 1601, 1603, 1604]

INFO: Total Population: 870044
INFO: R0: 2
INFO: Incubation Period: 5
INFO: Illness Period: 7
X:[0, 1, 2, 3, 4, 5, 6, 7, 8, 9, 10, 11, 12, 13, 14, 15, 16, 17, 18, 19, 20, 21, 22, 23, 24, 25, 26, 27, 28, 29, 30, 31, 32, 33, 34, 35, 36, 37, 38, 39, 40, 41, 42, 43, 44, 45, 46, 47, 48, 49, 50, 51, 52, 53, 54, 55, 56, 57, 58, 59, 60, 61, 62, 63, 64, 65, 66, 67, 68, 69, 70, 71, 72, 73, 74, 75, 76, 77, 78, 79, 80, 81, 82, 83, 84, 85, 86, 87, 88, 89, 90, 91, 92, 93, 94, 95, 96, 97, 98, 99, 100, 101, 102, 103, 104, 105, 106, 107, 108, 109, 110, 111, 112]
YNEW:[0, 0, 0, 0, 0, 0, 0, 0, 0, 0, 0, 0, 0, 0, 0, 0, 0, 0, 0, 0, 0, 0, 0, 0, 0, 0, 0, 0, 0, 0, 0, 0, 0, 0, 0, 0, 0, 0, 0, 0, 0, 0, 0, 1, 1, 3, 2, 4, 3, 3, 2, 3, 3, 6, 5, 5, 6, 10, 12, 9, 14, 17, 19, 22, 31, 40, 38, 37, 36, 31, 31, 26, 33, 33, 36, 29, 32, 39, 43, 54, 59, 46, 57, 49, 40, 27, 29, 43, 38, 46, 36, 36, 37, 30, 21, 23, 34, 29, 29, 28, 23, 19, 16, 22, 13, 8, 8, 5, 2, 6, 2, 2]
YTOT: [0, 0, 0, 0, 0, 0, 0, 0, 0, 0, 0, 0, 0, 0, 0, 0, 0, 0, 0, 0, 0, 0, 0, 0, 0, 0, 0, 0, 0, 0, 0, 0, 0, 0, 0, 0, 0, 0, 0, 0, 0, 0, 0, 1, 2, 5, 7, 11, 14, 17, 19, 22, 25, 31, 36, 41, 47, 57, 69, 78, 92, 109, 128, 150, 181, 221, 259, 296, 332, 363, 394, 420, 453, 486, 522, 551, 583, 622, 665, 719, 778, 824, 881, 930, 970, 997, 1026, 1069, 1107, 1153, 1189, 1225, 1262, 1292, 1313, 1336, 1370, 1399, 1428, 1456, 1479, 1498, 1514, 1536, 1549, 1557, 1565, 1570, 1572, 1578, 1580, 1582]

INFO: Total Population: 870044
INFO: R0: 2
INFO: Incubation Period: 5
INFO: Illness Period: 7
X:[0, 1, 2, 3, 4, 5, 6, 7, 8, 9, 10, 11, 12, 13, 14, 15, 16, 17, 18, 19, 20, 21, 22, 23, 24, 25, 26, 27, 28, 29, 30, 31, 32, 33, 34, 35, 36, 37, 38, 39, 40, 41, 42, 43, 44, 45, 46, 47, 48, 49, 50, 51, 52, 53, 54, 55, 56, 57, 58, 59, 60, 61, 62, 63, 64, 65, 66, 67, 68, 69, 70, 71, 72, 73, 74, 75, 76, 77, 78, 79, 80, 81, 82, 83, 84, 85, 86, 87, 88, 89, 90, 91, 92, 93, 94, 95, 96, 97, 98, 99, 100, 101, 102, 103, 104, 105, 106, 107, 108, 109, 110, 111, 112]
YNEW:[0, 0, 0, 0, 0, 0, 0, 0, 0, 0, 0, 0, 0, 0, 0, 0, 0, 0, 0, 0, 0, 0, 0, 0, 0, 0, 0, 0, 0, 0, 0, 0, 0, 0, 0, 0, 0, 0, 0, 0, 0, 0, 0, 1, 1, 3, 2, 4, 3, 3, 2, 3, 3, 6, 5, 5, 6, 10, 12, 9, 14, 17, 19, 22, 31, 40, 38, 37, 36, 31, 31, 26, 33, 33, 36, 29, 32, 39, 43, 54, 59, 46, 57, 49, 40, 27, 29, 43, 38, 46, 42, 39, 22, 30, 18, 33, 29, 28, 36, 22, 21, 17, 20, 12, 19, 7, 7, 11, 3, 1, 2, 1]
YTOT: [0, 0, 0, 0, 0, 0, 0, 0, 0, 0, 0, 0, 0, 0, 0, 0, 0, 0, 0, 0, 0, 0, 0, 0, 0, 0, 0, 0, 0, 0, 0, 0, 0, 0, 0, 0, 0, 0, 0, 0, 0, 0, 0, 1, 2, 5, 7, 11, 14, 17, 19, 22, 25, 31, 36, 41, 47, 57, 69, 78, 92, 109, 128, 150, 181, 221, 259, 296, 332, 363, 394, 420, 453, 486, 522, 551, 583, 622, 665, 719, 778, 824, 881, 930, 970, 997, 1026, 1069, 1107, 1153, 1195, 1234, 1256, 1286, 1304, 1337, 1366, 1394, 1430, 1452, 1473, 1490, 1510, 1522, 1541, 1548, 1555, 1566, 1569, 1570, 1572, 1573]

INFO: Total Population: 870044
INFO: R0: 2
INFO: Incubation Period: 5
INFO: Illness Period: 7
X:[0, 1, 2, 3, 4, 5, 6, 7, 8, 9, 10, 11, 12, 13, 14, 15, 16, 17, 18, 19, 20, 21, 22, 23, 24, 25, 26, 27, 28, 29, 30, 31, 32, 33, 34, 35, 36, 37, 38, 39, 40, 41, 42, 43, 44, 45, 46, 47, 48, 49, 50, 51, 52, 53, 54, 55, 56, 57, 58, 59, 60, 61, 62, 63, 64, 65, 66, 67, 68, 69, 70, 71, 72, 73, 74, 75, 76, 77, 78, 79, 80, 81, 82, 83, 84, 85, 86, 87, 88, 89, 90, 91, 92, 93, 94, 95, 96, 97, 98, 99, 100, 101, 102, 103, 104, 105, 106, 107, 108, 109, 110, 111]
YNEW:[0, 0, 0, 0, 0, 0, 0, 0, 0, 0, 0, 0, 0, 0, 0, 0, 0, 0, 0, 0, 0, 0, 0, 0, 0, 0, 0, 0, 0, 0, 0, 0, 0, 0, 0, 0, 0, 0, 0, 0, 0, 0, 0, 1, 1, 3, 2, 4, 3, 3, 2, 3, 3, 6, 5, 5, 6, 10, 12, 9, 14, 17, 19, 22, 31, 40, 38, 37, 36, 31, 31, 26, 33, 33, 36, 29, 32, 39, 43, 54, 59, 46, 57, 49, 40, 27, 29, 43, 38, 46, 38, 50, 39, 26, 20, 25, 42, 31, 39, 24, 30, 32, 15, 14, 10, 10, 6, 7, 1, 2, 1]
YTOT: [0, 0, 0, 0, 0, 0, 0, 0, 0, 0, 0, 0, 0, 0, 0, 0, 0, 0, 0, 0, 0, 0, 0, 0, 0, 0, 0, 0, 0, 0, 0, 0, 0, 0, 0, 0, 0, 0, 0, 0, 0, 0, 0, 1, 2, 5, 7, 11, 14, 17, 19, 22, 25, 31, 36, 41, 47, 57, 69, 78, 92, 109, 128, 150, 181, 221, 259, 296, 332, 363, 394, 420, 453, 486, 522, 551, 583, 622, 665, 719, 778, 824, 881, 930, 970, 997, 1026, 1069, 1107, 1153, 1191, 1241, 1280, 1306, 1326, 1351, 1393, 1424, 1463, 1487, 1517, 1549, 1564, 1578, 1588, 1598, 1604, 1611, 1612, 1614, 1615]

INFO: Total Population: 870044
INFO: R0: 2
INFO: Incubation Period: 5
INFO: Illness Period: 7
X:[0, 1, 2, 3, 4, 5, 6, 7, 8, 9, 10, 11, 12, 13, 14, 15, 16, 17, 18, 19, 20, 21, 22, 23, 24, 25, 26, 27, 28, 29, 30, 31, 32, 33, 34, 35, 36, 37, 38, 39, 40, 41, 42, 43, 44, 45, 46, 47, 48, 49, 50, 51, 52, 53, 54, 55, 56, 57, 58, 59, 60, 61, 62, 63, 64, 65, 66, 67, 68, 69, 70, 71, 72, 73, 74, 75, 76, 77, 78, 79, 80, 81, 82, 83, 84, 85, 86, 87, 88, 89, 90, 91, 92, 93, 94, 95, 96, 97, 98, 99, 100, 101, 102, 103, 104, 105, 106, 107, 108, 109, 110, 111]
YNEW:[0, 0, 0, 0, 0, 0, 0, 0, 0, 0, 0, 0, 0, 0, 0, 0, 0, 0, 0, 0, 0, 0, 0, 0, 0, 0, 0, 0, 0, 0, 0, 0, 0, 0, 0, 0, 0, 0, 0, 0, 0, 0, 0, 1, 1, 3, 2, 4, 3, 3, 2, 3, 3, 6, 5, 5, 6, 10, 12, 9, 14, 17, 19, 22, 31, 40, 38, 37, 36, 31, 31, 26, 33, 33, 36, 29, 32, 39, 43, 54, 59, 46, 57, 49, 40, 27, 29, 43, 38, 46, 40, 38, 44, 30, 31, 28, 27, 29, 29, 38, 30, 23, 20, 15, 15, 13, 9, 6, 3, 2, 2]
YTOT: [0, 0, 0, 0, 0, 0, 0, 0, 0, 0, 0, 0, 0, 0, 0, 0, 0, 0, 0, 0, 0, 0, 0, 0, 0, 0, 0, 0, 0, 0, 0, 0, 0, 0, 0, 0, 0, 0, 0, 0, 0, 0, 0, 1, 2, 5, 7, 11, 14, 17, 19, 22, 25, 31, 36, 41, 47, 57, 69, 78, 92, 109, 128, 150, 181, 221, 259, 296, 332, 363, 394, 420, 453, 486, 522, 551, 583, 622, 665, 719, 778, 824, 881, 930, 970, 997, 1026, 1069, 1107, 1153, 1193, 1231, 1275, 1305, 1336, 1364, 1391, 1420, 1449, 1487, 1517, 1540, 1560, 1575, 1590, 1603, 1612, 1618, 1621, 1623, 1625]

INFO: Total Population: 870044
INFO: R0: 2
INFO: Incubation Period: 5
INFO: Illness Period: 7
X:[0, 1, 2, 3, 4, 5, 6, 7, 8, 9, 10, 11, 12, 13, 14, 15, 16, 17, 18, 19, 20, 21, 22, 23, 24, 25, 26, 27, 28, 29, 30, 31, 32, 33, 34, 35, 36, 37, 38, 39, 40, 41, 42, 43, 44, 45, 46, 47, 48, 49, 50, 51, 52, 53, 54, 55, 56, 57, 58, 59, 60, 61, 62, 63, 64, 65, 66, 67, 68, 69, 70, 71, 72, 73, 74, 75, 76, 77, 78, 79, 80, 81, 82, 83, 84, 85, 86, 87, 88, 89, 90, 91, 92, 93, 94, 95, 96, 97, 98, 99, 100, 101, 102, 103, 104, 105, 106, 107, 108, 109, 110, 111, 112]
YNEW:[0, 0, 0, 0, 0, 0, 0, 0, 0, 0, 0, 0, 0, 0, 0, 0, 0, 0, 0, 0, 0, 0, 0, 0, 0, 0, 0, 0, 0, 0, 0, 0, 0, 0, 0, 0, 0, 0, 0, 0, 0, 0, 0, 1, 1, 3, 2, 4, 3, 3, 2, 3, 3, 6, 5, 5, 6, 10, 12, 9, 14, 17, 19, 22, 31, 40, 38, 37, 36, 31, 31, 26, 33, 33, 36, 29, 32, 39, 43, 54, 59, 46, 57, 49, 40, 27, 29, 43, 38, 46, 45, 34, 29, 39, 28, 29, 33, 24, 34, 34, 23, 27, 15, 18, 10, 9, 4, 6, 3, 5, 4, 2]
YTOT: [0, 0, 0, 0, 0, 0, 0, 0, 0, 0, 0, 0, 0, 0, 0, 0, 0, 0, 0, 0, 0, 0, 0, 0, 0, 0, 0, 0, 0, 0, 0, 0, 0, 0, 0, 0, 0, 0, 0, 0, 0, 0, 0, 1, 2, 5, 7, 11, 14, 17, 19, 22, 25, 31, 36, 41, 47, 57, 69, 78, 92, 109, 128, 150, 181, 221, 259, 296, 332, 363, 394, 420, 453, 486, 522, 551, 583, 622, 665, 719, 778, 824, 881, 930, 970, 997, 1026, 1069, 1107, 1153, 1198, 1232, 1261, 1300, 1328, 1357, 1390, 1414, 1448, 1482, 1505, 1532, 1547, 1565, 1575, 1584, 1588, 1594, 1597, 1602, 1606, 1608]

INFO: Total Population: 870044
INFO: R0: 2
INFO: Incubation Period: 5
INFO: Illness Period: 7
X:[0, 1, 2, 3, 4, 5, 6, 7, 8, 9, 10, 11, 12, 13, 14, 15, 16, 17, 18, 19, 20, 21, 22, 23, 24, 25, 26, 27, 28, 29, 30, 31, 32, 33, 34, 35, 36, 37, 38, 39, 40, 41, 42, 43, 44, 45, 46, 47, 48, 49, 50, 51, 52, 53, 54, 55, 56, 57, 58, 59, 60, 61, 62, 63, 64, 65, 66, 67, 68, 69, 70, 71, 72, 73, 74, 75, 76, 77, 78, 79, 80, 81, 82, 83, 84, 85, 86, 87, 88, 89, 90, 91, 92, 93, 94, 95, 96, 97, 98, 99, 100, 101, 102, 103, 104, 105, 106, 107, 108, 109, 110, 111, 112]
YNEW:[0, 0, 0, 0, 0, 0, 0, 0, 0, 0, 0, 0, 0, 0, 0, 0, 0, 0, 0, 0, 0, 0, 0, 0, 0, 0, 0, 0, 0, 0, 0, 0, 0, 0, 0, 0, 0, 0, 0, 0, 0, 0, 0, 1, 1, 3, 2, 4, 3, 3, 2, 3, 3, 6, 5, 5, 6, 10, 12, 9, 14, 17, 19, 22, 31, 40, 38, 37, 36, 31, 31, 26, 33, 33, 36, 29, 32, 39, 43, 54, 59, 46, 57, 49, 40, 27, 29, 43, 38, 46, 36, 35, 41, 23, 25, 25, 35, 24, 35, 37, 24, 23, 12, 11, 13, 11, 5, 9, 6, 3, 3, 1]
YTOT: [0, 0, 0, 0, 0, 0, 0, 0, 0, 0, 0, 0, 0, 0, 0, 0, 0, 0, 0, 0, 0, 0, 0, 0, 0, 0, 0, 0, 0, 0, 0, 0, 0, 0, 0, 0, 0, 0, 0, 0, 0, 0, 0, 1, 2, 5, 7, 11, 14, 17, 19, 22, 25, 31, 36, 41, 47, 57, 69, 78, 92, 109, 128, 150, 181, 221, 259, 296, 332, 363, 394, 420, 453, 486, 522, 551, 583, 622, 665, 719, 778, 824, 881, 930, 970, 997, 1026, 1069, 1107, 1153, 1189, 1224, 1265, 1288, 1313, 1338, 1373, 1397, 1432, 1469, 1493, 1516, 1528, 1539, 1552, 1563, 1568, 1577, 1583, 1586, 1589, 1590]

INFO: Total Population: 870044
INFO: R0: 2
INFO: Incubation Period: 5
INFO: Illness Period: 7
X:[0, 1, 2, 3, 4, 5, 6, 7, 8, 9, 10, 11, 12, 13, 14, 15, 16, 17, 18, 19, 20, 21, 22, 23, 24, 25, 26, 27, 28, 29, 30, 31, 32, 33, 34, 35, 36, 37, 38, 39, 40, 41, 42, 43, 44, 45, 46, 47, 48, 49, 50, 51, 52, 53, 54, 55, 56, 57, 58, 59, 60, 61, 62, 63, 64, 65, 66, 67, 68, 69, 70, 71, 72, 73, 74, 75, 76, 77, 78, 79, 80, 81, 82, 83, 84, 85, 86, 87, 88, 89, 90, 91, 92, 93, 94, 95, 96, 97, 98, 99, 100, 101, 102, 103, 104, 105, 106, 107, 108, 109, 110, 111, 112]
YNEW:[0, 0, 0, 0, 0, 0, 0, 0, 0, 0, 0, 0, 0, 0, 0, 0, 0, 0, 0, 0, 0, 0, 0, 0, 0, 0, 0, 0, 0, 0, 0, 0, 0, 0, 0, 0, 0, 0, 0, 0, 0, 0, 0, 1, 1, 3, 2, 4, 3, 3, 2, 3, 3, 6, 5, 5, 6, 10, 12, 9, 14, 17, 19, 22, 31, 40, 38, 37, 36, 31, 31, 26, 33, 33, 36, 29, 32, 39, 43, 54, 59, 46, 57, 49, 40, 27, 29, 43, 38, 46, 46, 42, 35, 29, 29, 26, 24, 37, 36, 21, 38, 20, 13, 21, 10, 12, 9, 4, 4, 3, 2, 1]
YTOT: [0, 0, 0, 0, 0, 0, 0, 0, 0, 0, 0, 0, 0, 0, 0, 0, 0, 0, 0, 0, 0, 0, 0, 0, 0, 0, 0, 0, 0, 0, 0, 0, 0, 0, 0, 0, 0, 0, 0, 0, 0, 0, 0, 1, 2, 5, 7, 11, 14, 17, 19, 22, 25, 31, 36, 41, 47, 57, 69, 78, 92, 109, 128, 150, 181, 221, 259, 296, 332, 363, 394, 420, 453, 486, 522, 551, 583, 622, 665, 719, 778, 824, 881, 930, 970, 997, 1026, 1069, 1107, 1153, 1199, 1241, 1276, 1305, 1334, 1360, 1384, 1421, 1457, 1478, 1516, 1536, 1549, 1570, 1580, 1592, 1601, 1605, 1609, 1612, 1614, 1615]

INFO: Total Population: 870044
INFO: R0: 2
INFO: Incubation Period: 5
INFO: Illness Period: 7
X:[0, 1, 2, 3, 4, 5, 6, 7, 8, 9, 10, 11, 12, 13, 14, 15, 16, 17, 18, 19, 20, 21, 22, 23, 24, 25, 26, 27, 28, 29, 30, 31, 32, 33, 34, 35, 36, 37, 38, 39, 40, 41, 42, 43, 44, 45, 46, 47, 48, 49, 50, 51, 52, 53, 54, 55, 56, 57, 58, 59, 60, 61, 62, 63, 64, 65, 66, 67, 68, 69, 70, 71, 72, 73, 74, 75, 76, 77, 78, 79, 80, 81, 82, 83, 84, 85, 86, 87, 88, 89, 90, 91, 92, 93, 94, 95, 96, 97, 98, 99, 100, 101, 102, 103, 104, 105, 106, 107, 108, 109, 110]
YNEW:[0, 0, 0, 0, 0, 0, 0, 0, 0, 0, 0, 0, 0, 0, 0, 0, 0, 0, 0, 0, 0, 0, 0, 0, 0, 0, 0, 0, 0, 0, 0, 0, 0, 0, 0, 0, 0, 0, 0, 0, 0, 0, 0, 1, 1, 3, 2, 4, 3, 3, 2, 3, 3, 6, 5, 5, 6, 10, 12, 9, 14, 17, 19, 22, 31, 40, 38, 37, 36, 31, 31, 26, 33, 33, 36, 29, 32, 39, 43, 54, 59, 46, 57, 49, 40, 27, 29, 43, 38, 46, 38, 37, 38, 28, 24, 22, 21, 31, 21, 30, 31, 34, 14, 15, 14, 10, 6, 4, 4, 4]
YTOT: [0, 0, 0, 0, 0, 0, 0, 0, 0, 0, 0, 0, 0, 0, 0, 0, 0, 0, 0, 0, 0, 0, 0, 0, 0, 0, 0, 0, 0, 0, 0, 0, 0, 0, 0, 0, 0, 0, 0, 0, 0, 0, 0, 1, 2, 5, 7, 11, 14, 17, 19, 22, 25, 31, 36, 41, 47, 57, 69, 78, 92, 109, 128, 150, 181, 221, 259, 296, 332, 363, 394, 420, 453, 486, 522, 551, 583, 622, 665, 719, 778, 824, 881, 930, 970, 997, 1026, 1069, 1107, 1153, 1191, 1228, 1266, 1294, 1318, 1340, 1361, 1392, 1413, 1443, 1474, 1508, 1522, 1537, 1551, 1561, 1567, 1571, 1575, 1579]

INFO: Total Population: 870044
INFO: R0: 2
INFO: Incubation Period: 5
INFO: Illness Period: 7
X:[0, 1, 2, 3, 4, 5, 6, 7, 8, 9, 10, 11, 12, 13, 14, 15, 16, 17, 18, 19, 20, 21, 22, 23, 24, 25, 26, 27, 28, 29, 30, 31, 32, 33, 34, 35, 36, 37, 38, 39, 40, 41, 42, 43, 44, 45, 46, 47, 48, 49, 50, 51, 52, 53, 54, 55, 56, 57, 58, 59, 60, 61, 62, 63, 64, 65, 66, 67, 68, 69, 70, 71, 72, 73, 74, 75, 76, 77, 78, 79, 80, 81, 82, 83, 84, 85, 86, 87, 88, 89, 90, 91, 92, 93, 94, 95, 96, 97, 98, 99, 100, 101, 102, 103, 104, 105, 106, 107, 108, 109, 110]
YNEW:[0, 0, 0, 0, 0, 0, 0, 0, 0, 0, 0, 0, 0, 0, 0, 0, 0, 0, 0, 0, 0, 0, 0, 0, 0, 0, 0, 0, 0, 0, 0, 0, 0, 0, 0, 0, 0, 0, 0, 0, 0, 0, 0, 1, 1, 3, 2, 4, 3, 3, 2, 3, 3, 6, 5, 5, 6, 10, 12, 9, 14, 17, 19, 22, 31, 40, 38, 37, 36, 31, 31, 26, 33, 33, 36, 29, 32, 39, 43, 54, 59, 46, 57, 49, 40, 27, 29, 43, 38, 46, 40, 35, 35, 33, 29, 19, 29, 36, 28, 39, 26, 20, 21, 19, 8, 8, 4, 2, 5, 2]
YTOT: [0, 0, 0, 0, 0, 0, 0, 0, 0, 0, 0, 0, 0, 0, 0, 0, 0, 0, 0, 0, 0, 0, 0, 0, 0, 0, 0, 0, 0, 0, 0, 0, 0, 0, 0, 0, 0, 0, 0, 0, 0, 0, 0, 1, 2, 5, 7, 11, 14, 17, 19, 22, 25, 31, 36, 41, 47, 57, 69, 78, 92, 109, 128, 150, 181, 221, 259, 296, 332, 363, 394, 420, 453, 486, 522, 551, 583, 622, 665, 719, 778, 824, 881, 930, 970, 997, 1026, 1069, 1107, 1153, 1193, 1228, 1263, 1296, 1325, 1344, 1373, 1409, 1437, 1476, 1502, 1522, 1543, 1562, 1570, 1578, 1582, 1584, 1589, 1591]

INFO: Total Population: 870044
INFO: R0: 2
INFO: Incubation Period: 5
INFO: Illness Period: 7
X:[0, 1, 2, 3, 4, 5, 6, 7, 8, 9, 10, 11, 12, 13, 14, 15, 16, 17, 18, 19, 20, 21, 22, 23, 24, 25, 26, 27, 28, 29, 30, 31, 32, 33, 34, 35, 36, 37, 38, 39, 40, 41, 42, 43, 44, 45, 46, 47, 48, 49, 50, 51, 52, 53, 54, 55, 56, 57, 58, 59, 60, 61, 62, 63, 64, 65, 66, 67, 68, 69, 70, 71, 72, 73, 74, 75, 76, 77, 78, 79, 80, 81, 82, 83, 84, 85, 86, 87, 88, 89, 90, 91, 92, 93, 94, 95, 96, 97, 98, 99, 100, 101, 102, 103, 104, 105, 106, 107, 108, 109, 110, 111, 112]
YNEW:[0, 0, 0, 0, 0, 0, 0, 0, 0, 0, 0, 0, 0, 0, 0, 0, 0, 0, 0, 0, 0, 0, 0, 0, 0, 0, 0, 0, 0, 0, 0, 0, 0, 0, 0, 0, 0, 0, 0, 0, 0, 0, 0, 1, 1, 3, 2, 4, 3, 3, 2, 3, 3, 6, 5, 5, 6, 10, 12, 9, 14, 17, 19, 22, 31, 40, 38, 37, 36, 31, 31, 26, 33, 33, 36, 29, 32, 39, 43, 54, 59, 46, 57, 49, 40, 27, 29, 43, 38, 46, 35, 38, 39, 26, 31, 21, 37, 25, 17, 32, 27, 17, 22, 12, 13, 12, 6, 6, 6, 3, 3, 1]
YTOT: [0, 0, 0, 0, 0, 0, 0, 0, 0, 0, 0, 0, 0, 0, 0, 0, 0, 0, 0, 0, 0, 0, 0, 0, 0, 0, 0, 0, 0, 0, 0, 0, 0, 0, 0, 0, 0, 0, 0, 0, 0, 0, 0, 1, 2, 5, 7, 11, 14, 17, 19, 22, 25, 31, 36, 41, 47, 57, 69, 78, 92, 109, 128, 150, 181, 221, 259, 296, 332, 363, 394, 420, 453, 486, 522, 551, 583, 622, 665, 719, 778, 824, 881, 930, 970, 997, 1026, 1069, 1107, 1153, 1188, 1226, 1265, 1291, 1322, 1343, 1380, 1405, 1422, 1454, 1481, 1498, 1520, 1532, 1545, 1557, 1563, 1569, 1575, 1578, 1581, 1582]

INFO: Total Population: 870044
INFO: R0: 2
INFO: Incubation Period: 5
INFO: Illness Period: 7
X:[0, 1, 2, 3, 4, 5, 6, 7, 8, 9, 10, 11, 12, 13, 14, 15, 16, 17, 18, 19, 20, 21, 22, 23, 24, 25, 26, 27, 28, 29, 30, 31, 32, 33, 34, 35, 36, 37, 38, 39, 40, 41, 42, 43, 44, 45, 46, 47, 48, 49, 50, 51, 52, 53, 54, 55, 56, 57, 58, 59, 60, 61, 62, 63, 64, 65, 66, 67, 68, 69, 70, 71, 72, 73, 74, 75, 76, 77, 78, 79, 80, 81, 82, 83, 84, 85, 86, 87, 88, 89, 90, 91, 92, 93, 94, 95, 96, 97, 98, 99, 100, 101, 102, 103, 104, 105, 106, 107, 108, 109, 110, 111]
YNEW:[0, 0, 0, 0, 0, 0, 0, 0, 0, 0, 0, 0, 0, 0, 0, 0, 0, 0, 0, 0, 0, 0, 0, 0, 0, 0, 0, 0, 0, 0, 0, 0, 0, 0, 0, 0, 0, 0, 0, 0, 0, 0, 0, 1, 1, 3, 2, 4, 3, 3, 2, 3, 3, 6, 5, 5, 6, 10, 12, 9, 14, 17, 19, 22, 31, 40, 38, 37, 36, 31, 31, 26, 33, 33, 36, 29, 32, 39, 43, 54, 59, 46, 57, 49, 40, 27, 29, 43, 38, 46, 46, 43, 33, 34, 24, 21, 28, 30, 32, 26, 27, 29, 21, 18, 12, 7, 11, 7, 2, 1, 1]
YTOT: [0, 0, 0, 0, 0, 0, 0, 0, 0, 0, 0, 0, 0, 0, 0, 0, 0, 0, 0, 0, 0, 0, 0, 0, 0, 0, 0, 0, 0, 0, 0, 0, 0, 0, 0, 0, 0, 0, 0, 0, 0, 0, 0, 1, 2, 5, 7, 11, 14, 17, 19, 22, 25, 31, 36, 41, 47, 57, 69, 78, 92, 109, 128, 150, 181, 221, 259, 296, 332, 363, 394, 420, 453, 486, 522, 551, 583, 622, 665, 719, 778, 824, 881, 930, 970, 997, 1026, 1069, 1107, 1153, 1199, 1242, 1275, 1309, 1333, 1354, 1382, 1412, 1444, 1470, 1497, 1526, 1547, 1565, 1577, 1584, 1595, 1602, 1604, 1605, 1606]

INFO: Total Population: 870044
INFO: R0: 2
INFO: Incubation Period: 5
INFO: Illness Period: 7
X:[0, 1, 2, 3, 4, 5, 6, 7, 8, 9, 10, 11, 12, 13, 14, 15, 16, 17, 18, 19, 20, 21, 22, 23, 24, 25, 26, 27, 28, 29, 30, 31, 32, 33, 34, 35, 36, 37, 38, 39, 40, 41, 42, 43, 44, 45, 46, 47, 48, 49, 50, 51, 52, 53, 54, 55, 56, 57, 58, 59, 60, 61, 62, 63, 64, 65, 66, 67, 68, 69, 70, 71, 72, 73, 74, 75, 76, 77, 78, 79, 80, 81, 82, 83, 84, 85, 86, 87, 88, 89, 90, 91, 92, 93, 94, 95, 96, 97, 98, 99, 100, 101, 102, 103, 104, 105, 106, 107, 108, 109, 110, 111]
YNEW:[0, 0, 0, 0, 0, 0, 0, 0, 0, 0, 0, 0, 0, 0, 0, 0, 0, 0, 0, 0, 0, 0, 0, 0, 0, 0, 0, 0, 0, 0, 0, 0, 0, 0, 0, 0, 0, 0, 0, 0, 0, 0, 0, 1, 1, 3, 2, 4, 3, 3, 2, 3, 3, 6, 5, 5, 6, 10, 12, 9, 14, 17, 19, 22, 31, 40, 38, 37, 36, 31, 31, 26, 33, 33, 36, 29, 32, 39, 43, 54, 59, 46, 57, 49, 40, 27, 29, 43, 38, 46, 41, 37, 46, 30, 32, 20, 33, 23, 34, 38, 30, 18, 23, 14, 17, 8, 9, 5, 5, 1, 1]
YTOT: [0, 0, 0, 0, 0, 0, 0, 0, 0, 0, 0, 0, 0, 0, 0, 0, 0, 0, 0, 0, 0, 0, 0, 0, 0, 0, 0, 0, 0, 0, 0, 0, 0, 0, 0, 0, 0, 0, 0, 0, 0, 0, 0, 1, 2, 5, 7, 11, 14, 17, 19, 22, 25, 31, 36, 41, 47, 57, 69, 78, 92, 109, 128, 150, 181, 221, 259, 296, 332, 363, 394, 420, 453, 486, 522, 551, 583, 622, 665, 719, 778, 824, 881, 930, 970, 997, 1026, 1069, 1107, 1153, 1194, 1231, 1277, 1307, 1339, 1359, 1392, 1415, 1449, 1487, 1517, 1535, 1558, 1572, 1589, 1597, 1606, 1611, 1616, 1617, 1618]

INFO: Total Population: 870044
INFO: R0: 2
INFO: Incubation Period: 5
INFO: Illness Period: 7
X:[0, 1, 2, 3, 4, 5, 6, 7, 8, 9, 10, 11, 12, 13, 14, 15, 16, 17, 18, 19, 20, 21, 22, 23, 24, 25, 26, 27, 28, 29, 30, 31, 32, 33, 34, 35, 36, 37, 38, 39, 40, 41, 42, 43, 44, 45, 46, 47, 48, 49, 50, 51, 52, 53, 54, 55, 56, 57, 58, 59, 60, 61, 62, 63, 64, 65, 66, 67, 68, 69, 70, 71, 72, 73, 74, 75, 76, 77, 78, 79, 80, 81, 82, 83, 84, 85, 86, 87, 88, 89, 90, 91, 92, 93, 94, 95, 96, 97, 98, 99, 100, 101, 102, 103, 104, 105, 106, 107, 108, 109, 110, 111, 112, 113]
YNEW:[0, 0, 0, 0, 0, 0, 0, 0, 0, 0, 0, 0, 0, 0, 0, 0, 0, 0, 0, 0, 0, 0, 0, 0, 0, 0, 0, 0, 0, 0, 0, 0, 0, 0, 0, 0, 0, 0, 0, 0, 0, 0, 0, 1, 1, 3, 2, 4, 3, 3, 2, 3, 3, 6, 5, 5, 6, 10, 12, 9, 14, 17, 19, 22, 31, 40, 38, 37, 36, 31, 31, 26, 33, 33, 36, 29, 32, 39, 43, 54, 59, 46, 57, 49, 40, 27, 29, 43, 38, 46, 38, 43, 38, 22, 26, 27, 20, 38, 35, 29, 29, 23, 16, 14, 11, 9, 8, 4, 7, 3, 1, 1, 1]
YTOT: [0, 0, 0, 0, 0, 0, 0, 0, 0, 0, 0, 0, 0, 0, 0, 0, 0, 0, 0, 0, 0, 0, 0, 0, 0, 0, 0, 0, 0, 0, 0, 0, 0, 0, 0, 0, 0, 0, 0, 0, 0, 0, 0, 1, 2, 5, 7, 11, 14, 17, 19, 22, 25, 31, 36, 41, 47, 57, 69, 78, 92, 109, 128, 150, 181, 221, 259, 296, 332, 363, 394, 420, 453, 486, 522, 551, 583, 622, 665, 719, 778, 824, 881, 930, 970, 997, 1026, 1069, 1107, 1153, 1191, 1234, 1272, 1294, 1320, 1347, 1367, 1405, 1440, 1469, 1498, 1521, 1537, 1551, 1562, 1571, 1579, 1583, 1590, 1593, 1594, 1595, 1596]

INFO: Total Population: 870044
INFO: R0: 2
INFO: Incubation Period: 5
INFO: Illness Period: 7
X:[0, 1, 2, 3, 4, 5, 6, 7, 8, 9, 10, 11, 12, 13, 14, 15, 16, 17, 18, 19, 20, 21, 22, 23, 24, 25, 26, 27, 28, 29, 30, 31, 32, 33, 34, 35, 36, 37, 38, 39, 40, 41, 42, 43, 44, 45, 46, 47, 48, 49, 50, 51, 52, 53, 54, 55, 56, 57, 58, 59, 60, 61, 62, 63, 64, 65, 66, 67, 68, 69, 70, 71, 72, 73, 74, 75, 76, 77, 78, 79, 80, 81, 82, 83, 84, 85, 86, 87, 88, 89, 90, 91, 92, 93, 94, 95, 96, 97, 98, 99, 100, 101, 102, 103, 104, 105, 106, 107, 108, 109, 110, 111, 112]
YNEW:[0, 0, 0, 0, 0, 0, 0, 0, 0, 0, 0, 0, 0, 0, 0, 0, 0, 0, 0, 0, 0, 0, 0, 0, 0, 0, 0, 0, 0, 0, 0, 0, 0, 0, 0, 0, 0, 0, 0, 0, 0, 0, 0, 1, 1, 3, 2, 4, 3, 3, 2, 3, 3, 6, 5, 5, 6, 10, 12, 9, 14, 17, 19, 22, 31, 40, 38, 37, 36, 31, 31, 26, 33, 33, 36, 29, 32, 39, 43, 54, 59, 46, 57, 49, 40, 27, 29, 43, 38, 46, 49, 44, 31, 38, 21, 16, 38, 28, 23, 30, 34, 20, 14, 14, 11, 9, 8, 3, 6, 3, 1, 1]
YTOT: [0, 0, 0, 0, 0, 0, 0, 0, 0, 0, 0, 0, 0, 0, 0, 0, 0, 0, 0, 0, 0, 0, 0, 0, 0, 0, 0, 0, 0, 0, 0, 0, 0, 0, 0, 0, 0, 0, 0, 0, 0, 0, 0, 1, 2, 5, 7, 11, 14, 17, 19, 22, 25, 31, 36, 41, 47, 57, 69, 78, 92, 109, 128, 150, 181, 221, 259, 296, 332, 363, 394, 420, 453, 486, 522, 551, 583, 622, 665, 719, 778, 824, 881, 930, 970, 997, 1026, 1069, 1107, 1153, 1202, 1246, 1277, 1315, 1336, 1352, 1390, 1418, 1441, 1471, 1505, 1525, 1539, 1553, 1564, 1573, 1581, 1584, 1590, 1593, 1594, 1595]

INFO: Total Population: 870044
INFO: R0: 2
INFO: Incubation Period: 5
INFO: Illness Period: 7
X:[0, 1, 2, 3, 4, 5, 6, 7, 8, 9, 10, 11, 12, 13, 14, 15, 16, 17, 18, 19, 20, 21, 22, 23, 24, 25, 26, 27, 28, 29, 30, 31, 32, 33, 34, 35, 36, 37, 38, 39, 40, 41, 42, 43, 44, 45, 46, 47, 48, 49, 50, 51, 52, 53, 54, 55, 56, 57, 58, 59, 60, 61, 62, 63, 64, 65, 66, 67, 68, 69, 70, 71, 72, 73, 74, 75, 76, 77, 78, 79, 80, 81, 82, 83, 84, 85, 86, 87, 88, 89, 90, 91, 92, 93, 94, 95, 96, 97, 98, 99, 100, 101, 102, 103, 104, 105, 106, 107, 108, 109, 110, 111]
YNEW:[0, 0, 0, 0, 0, 0, 0, 0, 0, 0, 0, 0, 0, 0, 0, 0, 0, 0, 0, 0, 0, 0, 0, 0, 0, 0, 0, 0, 0, 0, 0, 0, 0, 0, 0, 0, 0, 0, 0, 0, 0, 0, 0, 1, 1, 3, 2, 4, 3, 3, 2, 3, 3, 6, 5, 5, 6, 10, 12, 9, 14, 17, 19, 22, 31, 40, 38, 37, 36, 31, 31, 26, 33, 33, 36, 29, 32, 39, 43, 54, 59, 46, 57, 49, 40, 27, 29, 43, 38, 46, 40, 35, 28, 35, 26, 33, 24, 30, 36, 27, 27, 15, 16, 14, 11, 15, 11, 12, 2, 1, 4]
YTOT: [0, 0, 0, 0, 0, 0, 0, 0, 0, 0, 0, 0, 0, 0, 0, 0, 0, 0, 0, 0, 0, 0, 0, 0, 0, 0, 0, 0, 0, 0, 0, 0, 0, 0, 0, 0, 0, 0, 0, 0, 0, 0, 0, 1, 2, 5, 7, 11, 14, 17, 19, 22, 25, 31, 36, 41, 47, 57, 69, 78, 92, 109, 128, 150, 181, 221, 259, 296, 332, 363, 394, 420, 453, 486, 522, 551, 583, 622, 665, 719, 778, 824, 881, 930, 970, 997, 1026, 1069, 1107, 1153, 1193, 1228, 1256, 1291, 1317, 1350, 1374, 1404, 1440, 1467, 1494, 1509, 1525, 1539, 1550, 1565, 1576, 1588, 1590, 1591, 1595]

INFO: Total Population: 870044
INFO: R0: 2
INFO: Incubation Period: 5
INFO: Illness Period: 7
X:[0, 1, 2, 3, 4, 5, 6, 7, 8, 9, 10, 11, 12, 13, 14, 15, 16, 17, 18, 19, 20, 21, 22, 23, 24, 25, 26, 27, 28, 29, 30, 31, 32, 33, 34, 35, 36, 37, 38, 39, 40, 41, 42, 43, 44, 45, 46, 47, 48, 49, 50, 51, 52, 53, 54, 55, 56, 57, 58, 59, 60, 61, 62, 63, 64, 65, 66, 67, 68, 69, 70, 71, 72, 73, 74, 75, 76, 77, 78, 79, 80, 81, 82, 83, 84, 85, 86, 87, 88, 89, 90, 91, 92, 93, 94, 95, 96, 97, 98, 99, 100, 101, 102, 103, 104, 105, 106, 107, 108, 109, 110, 111, 112]
YNEW:[0, 0, 0, 0, 0, 0, 0, 0, 0, 0, 0, 0, 0, 0, 0, 0, 0, 0, 0, 0, 0, 0, 0, 0, 0, 0, 0, 0, 0, 0, 0, 0, 0, 0, 0, 0, 0, 0, 0, 0, 0, 0, 0, 1, 1, 3, 2, 4, 3, 3, 2, 3, 3, 6, 5, 5, 6, 10, 12, 9, 14, 17, 19, 22, 31, 40, 38, 37, 36, 31, 31, 26, 33, 33, 36, 29, 32, 39, 43, 54, 59, 46, 57, 49, 40, 27, 29, 43, 38, 46, 27, 38, 33, 26, 27, 22, 31, 20, 39, 27, 28, 31, 20, 10, 7, 2, 4, 5, 4, 3, 2, 1]
YTOT: [0, 0, 0, 0, 0, 0, 0, 0, 0, 0, 0, 0, 0, 0, 0, 0, 0, 0, 0, 0, 0, 0, 0, 0, 0, 0, 0, 0, 0, 0, 0, 0, 0, 0, 0, 0, 0, 0, 0, 0, 0, 0, 0, 1, 2, 5, 7, 11, 14, 17, 19, 22, 25, 31, 36, 41, 47, 57, 69, 78, 92, 109, 128, 150, 181, 221, 259, 296, 332, 363, 394, 420, 453, 486, 522, 551, 583, 622, 665, 719, 778, 824, 881, 930, 970, 997, 1026, 1069, 1107, 1153, 1180, 1218, 1251, 1277, 1304, 1326, 1357, 1377, 1416, 1443, 1471, 1502, 1522, 1532, 1539, 1541, 1545, 1550, 1554, 1557, 1559, 1560]

INFO: Total Population: 870044
INFO: R0: 2
INFO: Incubation Period: 5
INFO: Illness Period: 7
X:[0, 1, 2, 3, 4, 5, 6, 7, 8, 9, 10, 11, 12, 13, 14, 15, 16, 17, 18, 19, 20, 21, 22, 23, 24, 25, 26, 27, 28, 29, 30, 31, 32, 33, 34, 35, 36, 37, 38, 39, 40, 41, 42, 43, 44, 45, 46, 47, 48, 49, 50, 51, 52, 53, 54, 55, 56, 57, 58, 59, 60, 61, 62, 63, 64, 65, 66, 67, 68, 69, 70, 71, 72, 73, 74, 75, 76, 77, 78, 79, 80, 81, 82, 83, 84, 85, 86, 87, 88, 89, 90, 91, 92, 93, 94, 95, 96, 97, 98, 99, 100, 101, 102, 103, 104, 105, 106, 107, 108, 109, 110, 111]
YNEW:[0, 0, 0, 0, 0, 0, 0, 0, 0, 0, 0, 0, 0, 0, 0, 0, 0, 0, 0, 0, 0, 0, 0, 0, 0, 0, 0, 0, 0, 0, 0, 0, 0, 0, 0, 0, 0, 0, 0, 0, 0, 0, 0, 1, 1, 3, 2, 4, 3, 3, 2, 3, 3, 6, 5, 5, 6, 10, 12, 9, 14, 17, 19, 22, 31, 40, 38, 37, 36, 31, 31, 26, 33, 33, 36, 29, 32, 39, 43, 54, 59, 46, 57, 49, 40, 27, 29, 43, 38, 46, 38, 35, 33, 33, 21, 24, 31, 26, 42, 25, 23, 18, 13, 11, 11, 11, 12, 3, 2, 2, 2]
YTOT: [0, 0, 0, 0, 0, 0, 0, 0, 0, 0, 0, 0, 0, 0, 0, 0, 0, 0, 0, 0, 0, 0, 0, 0, 0, 0, 0, 0, 0, 0, 0, 0, 0, 0, 0, 0, 0, 0, 0, 0, 0, 0, 0, 1, 2, 5, 7, 11, 14, 17, 19, 22, 25, 31, 36, 41, 47, 57, 69, 78, 92, 109, 128, 150, 181, 221, 259, 296, 332, 363, 394, 420, 453, 486, 522, 551, 583, 622, 665, 719, 778, 824, 881, 930, 970, 997, 1026, 1069, 1107, 1153, 1191, 1226, 1259, 1292, 1313, 1337, 1368, 1394, 1436, 1461, 1484, 1502, 1515, 1526, 1537, 1548, 1560, 1563, 1565, 1567, 1569]

INFO: Total Population: 870044
INFO: R0: 2
INFO: Incubation Period: 5
INFO: Illness Period: 7
X:[0, 1, 2, 3, 4, 5, 6, 7, 8, 9, 10, 11, 12, 13, 14, 15, 16, 17, 18, 19, 20, 21, 22, 23, 24, 25, 26, 27, 28, 29, 30, 31, 32, 33, 34, 35, 36, 37, 38, 39, 40, 41, 42, 43, 44, 45, 46, 47, 48, 49, 50, 51, 52, 53, 54, 55, 56, 57, 58, 59, 60, 61, 62, 63, 64, 65, 66, 67, 68, 69, 70, 71, 72, 73, 74, 75, 76, 77, 78, 79, 80, 81, 82, 83, 84, 85, 86, 87, 88, 89, 90, 91, 92, 93, 94, 95, 96, 97, 98, 99, 100, 101, 102, 103, 104, 105, 106, 107, 108, 109, 110]
YNEW:[0, 0, 0, 0, 0, 0, 0, 0, 0, 0, 0, 0, 0, 0, 0, 0, 0, 0, 0, 0, 0, 0, 0, 0, 0, 0, 0, 0, 0, 0, 0, 0, 0, 0, 0, 0, 0, 0, 0, 0, 0, 0, 0, 1, 1, 3, 2, 4, 3, 3, 2, 3, 3, 6, 5, 5, 6, 10, 12, 9, 14, 17, 19, 22, 31, 40, 38, 37, 36, 31, 31, 26, 33, 33, 36, 29, 32, 39, 43, 54, 59, 46, 57, 49, 40, 27, 29, 43, 38, 46, 31, 34, 33, 33, 21, 21, 29, 24, 35, 32, 25, 20, 15, 19, 9, 9, 9, 7, 2, 1]
YTOT: [0, 0, 0, 0, 0, 0, 0, 0, 0, 0, 0, 0, 0, 0, 0, 0, 0, 0, 0, 0, 0, 0, 0, 0, 0, 0, 0, 0, 0, 0, 0, 0, 0, 0, 0, 0, 0, 0, 0, 0, 0, 0, 0, 1, 2, 5, 7, 11, 14, 17, 19, 22, 25, 31, 36, 41, 47, 57, 69, 78, 92, 109, 128, 150, 181, 221, 259, 296, 332, 363, 394, 420, 453, 486, 522, 551, 583, 622, 665, 719, 778, 824, 881, 930, 970, 997, 1026, 1069, 1107, 1153, 1184, 1218, 1251, 1284, 1305, 1326, 1355, 1379, 1414, 1446, 1471, 1491, 1506, 1525, 1534, 1543, 1552, 1559, 1561, 1562]

INFO: Total Population: 870044
INFO: R0: 2
INFO: Incubation Period: 5
INFO: Illness Period: 7
X:[0, 1, 2, 3, 4, 5, 6, 7, 8, 9, 10, 11, 12, 13, 14, 15, 16, 17, 18, 19, 20, 21, 22, 23, 24, 25, 26, 27, 28, 29, 30, 31, 32, 33, 34, 35, 36, 37, 38, 39, 40, 41, 42, 43, 44, 45, 46, 47, 48, 49, 50, 51, 52, 53, 54, 55, 56, 57, 58, 59, 60, 61, 62, 63, 64, 65, 66, 67, 68, 69, 70, 71, 72, 73, 74, 75, 76, 77, 78, 79, 80, 81, 82, 83, 84, 85, 86, 87, 88, 89, 90, 91, 92, 93, 94, 95, 96, 97, 98, 99, 100, 101, 102, 103, 104, 105, 106, 107, 108, 109, 110, 111, 112]
YNEW:[0, 0, 0, 0, 0, 0, 0, 0, 0, 0, 0, 0, 0, 0, 0, 0, 0, 0, 0, 0, 0, 0, 0, 0, 0, 0, 0, 0, 0, 0, 0, 0, 0, 0, 0, 0, 0, 0, 0, 0, 0, 0, 0, 1, 1, 3, 2, 4, 3, 3, 2, 3, 3, 6, 5, 5, 6, 10, 12, 9, 14, 17, 19, 22, 31, 40, 38, 37, 36, 31, 31, 26, 33, 33, 36, 29, 32, 39, 43, 54, 59, 46, 57, 49, 40, 27, 29, 43, 38, 46, 41, 26, 37, 38, 24, 17, 28, 29, 36, 25, 36, 21, 13, 11, 11, 11, 8, 6, 4, 3, 2, 1]
YTOT: [0, 0, 0, 0, 0, 0, 0, 0, 0, 0, 0, 0, 0, 0, 0, 0, 0, 0, 0, 0, 0, 0, 0, 0, 0, 0, 0, 0, 0, 0, 0, 0, 0, 0, 0, 0, 0, 0, 0, 0, 0, 0, 0, 1, 2, 5, 7, 11, 14, 17, 19, 22, 25, 31, 36, 41, 47, 57, 69, 78, 92, 109, 128, 150, 181, 221, 259, 296, 332, 363, 394, 420, 453, 486, 522, 551, 583, 622, 665, 719, 778, 824, 881, 930, 970, 997, 1026, 1069, 1107, 1153, 1194, 1220, 1257, 1295, 1319, 1336, 1364, 1393, 1429, 1454, 1490, 1511, 1524, 1535, 1546, 1557, 1565, 1571, 1575, 1578, 1580, 1581]

END