

INFO: Total Population: 870044
INFO: R0: 2
INFO: Incubation Period: 5
INFO: Illness Period: 7
X:[0, 1, 2, 3, 4, 5, 6, 7, 8, 9, 10, 11, 12, 13, 14, 15, 16, 17, 18, 19, 20, 21, 22, 23, 24, 25, 26, 27, 28, 29, 30, 31, 32, 33, 34, 35, 36, 37, 38, 39, 40, 41, 42, 43, 44, 45, 46, 47, 48, 49, 50, 51, 52, 53, 54, 55, 56, 57, 58, 59, 60, 61, 62, 63, 64, 65, 66, 67, 68, 69, 70, 71, 72, 73, 74, 75, 76, 77, 78, 79, 80, 81, 82, 83, 84, 85, 86, 87, 88, 89, 90, 91, 92, 93, 94, 95, 96, 97, 98, 99, 100, 101, 102, 103, 104, 105, 106, 107, 108]
YNEW:[0, 0, 0, 0, 0, 0, 0, 0, 0, 0, 0, 0, 0, 0, 0, 0, 0, 0, 0, 0, 0, 0, 0, 0, 0, 0, 0, 0, 0, 0, 0, 0, 0, 0, 0, 0, 0, 0, 0, 0, 0, 0, 0, 1, 1, 3, 2, 4, 3, 3, 2, 3, 3, 6, 5, 5, 6, 10, 12, 9, 14, 17, 19, 22, 31, 40, 38, 37, 36, 31, 31, 26, 33, 33, 36, 29, 32, 39, 43, 54, 59, 46, 57, 49, 40, 27, 29, 43, 38, 46, 27, 20, 17, 16, 22, 11, 17, 12, 11, 14, 9, 9, 4, 2, 6, 5, 3, 3]
YTOT: [0, 0, 0, 0, 0, 0, 0, 0, 0, 0, 0, 0, 0, 0, 0, 0, 0, 0, 0, 0, 0, 0, 0, 0, 0, 0, 0, 0, 0, 0, 0, 0, 0, 0, 0, 0, 0, 0, 0, 0, 0, 0, 0, 1, 2, 5, 7, 11, 14, 17, 19, 22, 25, 31, 36, 41, 47, 57, 69, 78, 92, 109, 128, 150, 181, 221, 259, 296, 332, 363, 394, 420, 453, 486, 522, 551, 583, 622, 665, 719, 778, 824, 881, 930, 970, 997, 1026, 1069, 1107, 1153, 1180, 1200, 1217, 1233, 1255, 1266, 1283, 1295, 1306, 1320, 1329, 1338, 1342, 1344, 1350, 1355, 1358, 1361]

INFO: Total Population: 870044
INFO: R0: 2
INFO: Incubation Period: 5
INFO: Illness Period: 7
X:[0, 1, 2, 3, 4, 5, 6, 7, 8, 9, 10, 11, 12, 13, 14, 15, 16, 17, 18, 19, 20, 21, 22, 23, 24, 25, 26, 27, 28, 29, 30, 31, 32, 33, 34, 35, 36, 37, 38, 39, 40, 41, 42, 43, 44, 45, 46, 47, 48, 49, 50, 51, 52, 53, 54, 55, 56, 57, 58, 59, 60, 61, 62, 63, 64, 65, 66, 67, 68, 69, 70, 71, 72, 73, 74, 75, 76, 77, 78, 79, 80, 81, 82, 83, 84, 85, 86, 87, 88, 89, 90, 91, 92, 93, 94, 95, 96, 97, 98, 99, 100, 101, 102, 103, 104, 105, 106, 107, 108, 109, 110]
YNEW:[0, 0, 0, 0, 0, 0, 0, 0, 0, 0, 0, 0, 0, 0, 0, 0, 0, 0, 0, 0, 0, 0, 0, 0, 0, 0, 0, 0, 0, 0, 0, 0, 0, 0, 0, 0, 0, 0, 0, 0, 0, 0, 0, 1, 1, 3, 2, 4, 3, 3, 2, 3, 3, 6, 5, 5, 6, 10, 12, 9, 14, 17, 19, 22, 31, 40, 38, 37, 36, 31, 31, 26, 33, 33, 36, 29, 32, 39, 43, 54, 59, 46, 57, 49, 40, 27, 29, 43, 38, 46, 29, 25, 21, 20, 17, 16, 19, 14, 8, 19, 13, 12, 1, 4, 6, 5, 5, 1, 1, 2]
YTOT: [0, 0, 0, 0, 0, 0, 0, 0, 0, 0, 0, 0, 0, 0, 0, 0, 0, 0, 0, 0, 0, 0, 0, 0, 0, 0, 0, 0, 0, 0, 0, 0, 0, 0, 0, 0, 0, 0, 0, 0, 0, 0, 0, 1, 2, 5, 7, 11, 14, 17, 19, 22, 25, 31, 36, 41, 47, 57, 69, 78, 92, 109, 128, 150, 181, 221, 259, 296, 332, 363, 394, 420, 453, 486, 522, 551, 583, 622, 665, 719, 778, 824, 881, 930, 970, 997, 1026, 1069, 1107, 1153, 1182, 1207, 1228, 1248, 1265, 1281, 1300, 1314, 1322, 1341, 1354, 1366, 1367, 1371, 1377, 1382, 1387, 1388, 1389, 1391]

INFO: Total Population: 870044
INFO: R0: 2
INFO: Incubation Period: 5
INFO: Illness Period: 7
X:[0, 1, 2, 3, 4, 5, 6, 7, 8, 9, 10, 11, 12, 13, 14, 15, 16, 17, 18, 19, 20, 21, 22, 23, 24, 25, 26, 27, 28, 29, 30, 31, 32, 33, 34, 35, 36, 37, 38, 39, 40, 41, 42, 43, 44, 45, 46, 47, 48, 49, 50, 51, 52, 53, 54, 55, 56, 57, 58, 59, 60, 61, 62, 63, 64, 65, 66, 67, 68, 69, 70, 71, 72, 73, 74, 75, 76, 77, 78, 79, 80, 81, 82, 83, 84, 85, 86, 87, 88, 89, 90, 91, 92, 93, 94, 95, 96, 97, 98, 99, 100, 101, 102, 103, 104, 105, 106, 107, 108, 109, 110]
YNEW:[0, 0, 0, 0, 0, 0, 0, 0, 0, 0, 0, 0, 0, 0, 0, 0, 0, 0, 0, 0, 0, 0, 0, 0, 0, 0, 0, 0, 0, 0, 0, 0, 0, 0, 0, 0, 0, 0, 0, 0, 0, 0, 0, 1, 1, 3, 2, 4, 3, 3, 2, 3, 3, 6, 5, 5, 6, 10, 12, 9, 14, 17, 19, 22, 31, 40, 38, 37, 36, 31, 31, 26, 33, 33, 36, 29, 32, 39, 43, 54, 59, 46, 57, 49, 40, 27, 29, 43, 38, 46, 28, 20, 17, 17, 10, 18, 14, 12, 13, 10, 18, 5, 7, 5, 3, 1, 5, 2, 3, 1]
YTOT: [0, 0, 0, 0, 0, 0, 0, 0, 0, 0, 0, 0, 0, 0, 0, 0, 0, 0, 0, 0, 0, 0, 0, 0, 0, 0, 0, 0, 0, 0, 0, 0, 0, 0, 0, 0, 0, 0, 0, 0, 0, 0, 0, 1, 2, 5, 7, 11, 14, 17, 19, 22, 25, 31, 36, 41, 47, 57, 69, 78, 92, 109, 128, 150, 181, 221, 259, 296, 332, 363, 394, 420, 453, 486, 522, 551, 583, 622, 665, 719, 778, 824, 881, 930, 970, 997, 1026, 1069, 1107, 1153, 1181, 1201, 1218, 1235, 1245, 1263, 1277, 1289, 1302, 1312, 1330, 1335, 1342, 1347, 1350, 1351, 1356, 1358, 1361, 1362]

INFO: Total Population: 870044
INFO: R0: 2
INFO: Incubation Period: 5
INFO: Illness Period: 7
X:[0, 1, 2, 3, 4, 5, 6, 7, 8, 9, 10, 11, 12, 13, 14, 15, 16, 17, 18, 19, 20, 21, 22, 23, 24, 25, 26, 27, 28, 29, 30, 31, 32, 33, 34, 35, 36, 37, 38, 39, 40, 41, 42, 43, 44, 45, 46, 47, 48, 49, 50, 51, 52, 53, 54, 55, 56, 57, 58, 59, 60, 61, 62, 63, 64, 65, 66, 67, 68, 69, 70, 71, 72, 73, 74, 75, 76, 77, 78, 79, 80, 81, 82, 83, 84, 85, 86, 87, 88, 89, 90, 91, 92, 93, 94, 95, 96, 97, 98, 99, 100, 101, 102, 103, 104, 105, 106, 107, 108, 109]
YNEW:[0, 0, 0, 0, 0, 0, 0, 0, 0, 0, 0, 0, 0, 0, 0, 0, 0, 0, 0, 0, 0, 0, 0, 0, 0, 0, 0, 0, 0, 0, 0, 0, 0, 0, 0, 0, 0, 0, 0, 0, 0, 0, 0, 1, 1, 3, 2, 4, 3, 3, 2, 3, 3, 6, 5, 5, 6, 10, 12, 9, 14, 17, 19, 22, 31, 40, 38, 37, 36, 31, 31, 26, 33, 33, 36, 29, 32, 39, 43, 54, 59, 46, 57, 49, 40, 27, 29, 43, 38, 46, 24, 19, 19, 23, 12, 12, 12, 14, 10, 14, 7, 6, 5, 3, 5, 2, 3, 5, 2]
YTOT: [0, 0, 0, 0, 0, 0, 0, 0, 0, 0, 0, 0, 0, 0, 0, 0, 0, 0, 0, 0, 0, 0, 0, 0, 0, 0, 0, 0, 0, 0, 0, 0, 0, 0, 0, 0, 0, 0, 0, 0, 0, 0, 0, 1, 2, 5, 7, 11, 14, 17, 19, 22, 25, 31, 36, 41, 47, 57, 69, 78, 92, 109, 128, 150, 181, 221, 259, 296, 332, 363, 394, 420, 453, 486, 522, 551, 583, 622, 665, 719, 778, 824, 881, 930, 970, 997, 1026, 1069, 1107, 1153, 1177, 1196, 1215, 1238, 1250, 1262, 1274, 1288, 1298, 1312, 1319, 1325, 1330, 1333, 1338, 1340, 1343, 1348, 1350]

INFO: Total Population: 870044
INFO: R0: 2
INFO: Incubation Period: 5
INFO: Illness Period: 7
X:[0, 1, 2, 3, 4, 5, 6, 7, 8, 9, 10, 11, 12, 13, 14, 15, 16, 17, 18, 19, 20, 21, 22, 23, 24, 25, 26, 27, 28, 29, 30, 31, 32, 33, 34, 35, 36, 37, 38, 39, 40, 41, 42, 43, 44, 45, 46, 47, 48, 49, 50, 51, 52, 53, 54, 55, 56, 57, 58, 59, 60, 61, 62, 63, 64, 65, 66, 67, 68, 69, 70, 71, 72, 73, 74, 75, 76, 77, 78, 79, 80, 81, 82, 83, 84, 85, 86, 87, 88, 89, 90, 91, 92, 93, 94, 95, 96, 97, 98, 99, 100, 101, 102, 103, 104, 105, 106, 107, 108, 109, 110]
YNEW:[0, 0, 0, 0, 0, 0, 0, 0, 0, 0, 0, 0, 0, 0, 0, 0, 0, 0, 0, 0, 0, 0, 0, 0, 0, 0, 0, 0, 0, 0, 0, 0, 0, 0, 0, 0, 0, 0, 0, 0, 0, 0, 0, 1, 1, 3, 2, 4, 3, 3, 2, 3, 3, 6, 5, 5, 6, 10, 12, 9, 14, 17, 19, 22, 31, 40, 38, 37, 36, 31, 31, 26, 33, 33, 36, 29, 32, 39, 43, 54, 59, 46, 57, 49, 40, 27, 29, 43, 38, 46, 24, 28, 21, 18, 24, 10, 13, 11, 12, 7, 13, 16, 5, 6, 4, 3, 1, 3, 2, 1]
YTOT: [0, 0, 0, 0, 0, 0, 0, 0, 0, 0, 0, 0, 0, 0, 0, 0, 0, 0, 0, 0, 0, 0, 0, 0, 0, 0, 0, 0, 0, 0, 0, 0, 0, 0, 0, 0, 0, 0, 0, 0, 0, 0, 0, 1, 2, 5, 7, 11, 14, 17, 19, 22, 25, 31, 36, 41, 47, 57, 69, 78, 92, 109, 128, 150, 181, 221, 259, 296, 332, 363, 394, 420, 453, 486, 522, 551, 583, 622, 665, 719, 778, 824, 881, 930, 970, 997, 1026, 1069, 1107, 1153, 1177, 1205, 1226, 1244, 1268, 1278, 1291, 1302, 1314, 1321, 1334, 1350, 1355, 1361, 1365, 1368, 1369, 1372, 1374, 1375]

INFO: Total Population: 870044
INFO: R0: 2
INFO: Incubation Period: 5
INFO: Illness Period: 7
X:[0, 1, 2, 3, 4, 5, 6, 7, 8, 9, 10, 11, 12, 13, 14, 15, 16, 17, 18, 19, 20, 21, 22, 23, 24, 25, 26, 27, 28, 29, 30, 31, 32, 33, 34, 35, 36, 37, 38, 39, 40, 41, 42, 43, 44, 45, 46, 47, 48, 49, 50, 51, 52, 53, 54, 55, 56, 57, 58, 59, 60, 61, 62, 63, 64, 65, 66, 67, 68, 69, 70, 71, 72, 73, 74, 75, 76, 77, 78, 79, 80, 81, 82, 83, 84, 85, 86, 87, 88, 89, 90, 91, 92, 93, 94, 95, 96, 97, 98, 99, 100, 101, 102, 103, 104, 105, 106, 107, 108, 109, 110, 111]
YNEW:[0, 0, 0, 0, 0, 0, 0, 0, 0, 0, 0, 0, 0, 0, 0, 0, 0, 0, 0, 0, 0, 0, 0, 0, 0, 0, 0, 0, 0, 0, 0, 0, 0, 0, 0, 0, 0, 0, 0, 0, 0, 0, 0, 1, 1, 3, 2, 4, 3, 3, 2, 3, 3, 6, 5, 5, 6, 10, 12, 9, 14, 17, 19, 22, 31, 40, 38, 37, 36, 31, 31, 26, 33, 33, 36, 29, 32, 39, 43, 54, 59, 46, 57, 49, 40, 27, 29, 43, 38, 46, 21, 30, 16, 20, 10, 19, 12, 13, 12, 10, 9, 7, 9, 3, 4, 1, 4, 1, 1, 2, 1]
YTOT: [0, 0, 0, 0, 0, 0, 0, 0, 0, 0, 0, 0, 0, 0, 0, 0, 0, 0, 0, 0, 0, 0, 0, 0, 0, 0, 0, 0, 0, 0, 0, 0, 0, 0, 0, 0, 0, 0, 0, 0, 0, 0, 0, 1, 2, 5, 7, 11, 14, 17, 19, 22, 25, 31, 36, 41, 47, 57, 69, 78, 92, 109, 128, 150, 181, 221, 259, 296, 332, 363, 394, 420, 453, 486, 522, 551, 583, 622, 665, 719, 778, 824, 881, 930, 970, 997, 1026, 1069, 1107, 1153, 1174, 1204, 1220, 1240, 1250, 1269, 1281, 1294, 1306, 1316, 1325, 1332, 1341, 1344, 1348, 1349, 1353, 1354, 1355, 1357, 1358]

INFO: Total Population: 870044
INFO: R0: 2
INFO: Incubation Period: 5
INFO: Illness Period: 7
X:[0, 1, 2, 3, 4, 5, 6, 7, 8, 9, 10, 11, 12, 13, 14, 15, 16, 17, 18, 19, 20, 21, 22, 23, 24, 25, 26, 27, 28, 29, 30, 31, 32, 33, 34, 35, 36, 37, 38, 39, 40, 41, 42, 43, 44, 45, 46, 47, 48, 49, 50, 51, 52, 53, 54, 55, 56, 57, 58, 59, 60, 61, 62, 63, 64, 65, 66, 67, 68, 69, 70, 71, 72, 73, 74, 75, 76, 77, 78, 79, 80, 81, 82, 83, 84, 85, 86, 87, 88, 89, 90, 91, 92, 93, 94, 95, 96, 97, 98, 99, 100, 101, 102, 103, 104, 105, 106, 107, 108, 109]
YNEW:[0, 0, 0, 0, 0, 0, 0, 0, 0, 0, 0, 0, 0, 0, 0, 0, 0, 0, 0, 0, 0, 0, 0, 0, 0, 0, 0, 0, 0, 0, 0, 0, 0, 0, 0, 0, 0, 0, 0, 0, 0, 0, 0, 1, 1, 3, 2, 4, 3, 3, 2, 3, 3, 6, 5, 5, 6, 10, 12, 9, 14, 17, 19, 22, 31, 40, 38, 37, 36, 31, 31, 26, 33, 33, 36, 29, 32, 39, 43, 54, 59, 46, 57, 49, 40, 27, 29, 43, 38, 46, 20, 20, 23, 13, 14, 12, 13, 16, 14, 13, 5, 8, 6, 1, 1, 3, 4, 1, 1]
YTOT: [0, 0, 0, 0, 0, 0, 0, 0, 0, 0, 0, 0, 0, 0, 0, 0, 0, 0, 0, 0, 0, 0, 0, 0, 0, 0, 0, 0, 0, 0, 0, 0, 0, 0, 0, 0, 0, 0, 0, 0, 0, 0, 0, 1, 2, 5, 7, 11, 14, 17, 19, 22, 25, 31, 36, 41, 47, 57, 69, 78, 92, 109, 128, 150, 181, 221, 259, 296, 332, 363, 394, 420, 453, 486, 522, 551, 583, 622, 665, 719, 778, 824, 881, 930, 970, 997, 1026, 1069, 1107, 1153, 1173, 1193, 1216, 1229, 1243, 1255, 1268, 1284, 1298, 1311, 1316, 1324, 1330, 1331, 1332, 1335, 1339, 1340, 1341]

INFO: Total Population: 870044
INFO: R0: 2
INFO: Incubation Period: 5
INFO: Illness Period: 7
X:[0, 1, 2, 3, 4, 5, 6, 7, 8, 9, 10, 11, 12, 13, 14, 15, 16, 17, 18, 19, 20, 21, 22, 23, 24, 25, 26, 27, 28, 29, 30, 31, 32, 33, 34, 35, 36, 37, 38, 39, 40, 41, 42, 43, 44, 45, 46, 47, 48, 49, 50, 51, 52, 53, 54, 55, 56, 57, 58, 59, 60, 61, 62, 63, 64, 65, 66, 67, 68, 69, 70, 71, 72, 73, 74, 75, 76, 77, 78, 79, 80, 81, 82, 83, 84, 85, 86, 87, 88, 89, 90, 91, 92, 93, 94, 95, 96, 97, 98, 99, 100, 101, 102, 103, 104, 105, 106, 107, 108]
YNEW:[0, 0, 0, 0, 0, 0, 0, 0, 0, 0, 0, 0, 0, 0, 0, 0, 0, 0, 0, 0, 0, 0, 0, 0, 0, 0, 0, 0, 0, 0, 0, 0, 0, 0, 0, 0, 0, 0, 0, 0, 0, 0, 0, 1, 1, 3, 2, 4, 3, 3, 2, 3, 3, 6, 5, 5, 6, 10, 12, 9, 14, 17, 19, 22, 31, 40, 38, 37, 36, 31, 31, 26, 33, 33, 36, 29, 32, 39, 43, 54, 59, 46, 57, 49, 40, 27, 29, 43, 38, 46, 22, 20, 24, 14, 17, 14, 18, 15, 8, 12, 5, 16, 5, 5, 7, 4, 3, 2]
YTOT: [0, 0, 0, 0, 0, 0, 0, 0, 0, 0, 0, 0, 0, 0, 0, 0, 0, 0, 0, 0, 0, 0, 0, 0, 0, 0, 0, 0, 0, 0, 0, 0, 0, 0, 0, 0, 0, 0, 0, 0, 0, 0, 0, 1, 2, 5, 7, 11, 14, 17, 19, 22, 25, 31, 36, 41, 47, 57, 69, 78, 92, 109, 128, 150, 181, 221, 259, 296, 332, 363, 394, 420, 453, 486, 522, 551, 583, 622, 665, 719, 778, 824, 881, 930, 970, 997, 1026, 1069, 1107, 1153, 1175, 1195, 1219, 1233, 1250, 1264, 1282, 1297, 1305, 1317, 1322, 1338, 1343, 1348, 1355, 1359, 1362, 1364]

INFO: Total Population: 870044
INFO: R0: 2
INFO: Incubation Period: 5
INFO: Illness Period: 7
X:[0, 1, 2, 3, 4, 5, 6, 7, 8, 9, 10, 11, 12, 13, 14, 15, 16, 17, 18, 19, 20, 21, 22, 23, 24, 25, 26, 27, 28, 29, 30, 31, 32, 33, 34, 35, 36, 37, 38, 39, 40, 41, 42, 43, 44, 45, 46, 47, 48, 49, 50, 51, 52, 53, 54, 55, 56, 57, 58, 59, 60, 61, 62, 63, 64, 65, 66, 67, 68, 69, 70, 71, 72, 73, 74, 75, 76, 77, 78, 79, 80, 81, 82, 83, 84, 85, 86, 87, 88, 89, 90, 91, 92, 93, 94, 95, 96, 97, 98, 99, 100, 101, 102, 103, 104, 105, 106, 107, 108, 109]
YNEW:[0, 0, 0, 0, 0, 0, 0, 0, 0, 0, 0, 0, 0, 0, 0, 0, 0, 0, 0, 0, 0, 0, 0, 0, 0, 0, 0, 0, 0, 0, 0, 0, 0, 0, 0, 0, 0, 0, 0, 0, 0, 0, 0, 1, 1, 3, 2, 4, 3, 3, 2, 3, 3, 6, 5, 5, 6, 10, 12, 9, 14, 17, 19, 22, 31, 40, 38, 37, 36, 31, 31, 26, 33, 33, 36, 29, 32, 39, 43, 54, 59, 46, 57, 49, 40, 27, 29, 43, 38, 46, 28, 27, 19, 21, 19, 17, 14, 13, 12, 12, 18, 11, 9, 2, 6, 4, 2, 1, 2]
YTOT: [0, 0, 0, 0, 0, 0, 0, 0, 0, 0, 0, 0, 0, 0, 0, 0, 0, 0, 0, 0, 0, 0, 0, 0, 0, 0, 0, 0, 0, 0, 0, 0, 0, 0, 0, 0, 0, 0, 0, 0, 0, 0, 0, 1, 2, 5, 7, 11, 14, 17, 19, 22, 25, 31, 36, 41, 47, 57, 69, 78, 92, 109, 128, 150, 181, 221, 259, 296, 332, 363, 394, 420, 453, 486, 522, 551, 583, 622, 665, 719, 778, 824, 881, 930, 970, 997, 1026, 1069, 1107, 1153, 1181, 1208, 1227, 1248, 1267, 1284, 1298, 1311, 1323, 1335, 1353, 1364, 1373, 1375, 1381, 1385, 1387, 1388, 1390]

INFO: Total Population: 870044
INFO: R0: 2
INFO: Incubation Period: 5
INFO: Illness Period: 7
X:[0, 1, 2, 3, 4, 5, 6, 7, 8, 9, 10, 11, 12, 13, 14, 15, 16, 17, 18, 19, 20, 21, 22, 23, 24, 25, 26, 27, 28, 29, 30, 31, 32, 33, 34, 35, 36, 37, 38, 39, 40, 41, 42, 43, 44, 45, 46, 47, 48, 49, 50, 51, 52, 53, 54, 55, 56, 57, 58, 59, 60, 61, 62, 63, 64, 65, 66, 67, 68, 69, 70, 71, 72, 73, 74, 75, 76, 77, 78, 79, 80, 81, 82, 83, 84, 85, 86, 87, 88, 89, 90, 91, 92, 93, 94, 95, 96, 97, 98, 99, 100, 101, 102, 103, 104, 105, 106, 107, 108, 109]
YNEW:[0, 0, 0, 0, 0, 0, 0, 0, 0, 0, 0, 0, 0, 0, 0, 0, 0, 0, 0, 0, 0, 0, 0, 0, 0, 0, 0, 0, 0, 0, 0, 0, 0, 0, 0, 0, 0, 0, 0, 0, 0, 0, 0, 1, 1, 3, 2, 4, 3, 3, 2, 3, 3, 6, 5, 5, 6, 10, 12, 9, 14, 17, 19, 22, 31, 40, 38, 37, 36, 31, 31, 26, 33, 33, 36, 29, 32, 39, 43, 54, 59, 46, 57, 49, 40, 27, 29, 43, 38, 46, 20, 31, 20, 19, 9, 16, 16, 14, 10, 15, 7, 7, 6, 10, 3, 2, 3, 1, 2]
YTOT: [0, 0, 0, 0, 0, 0, 0, 0, 0, 0, 0, 0, 0, 0, 0, 0, 0, 0, 0, 0, 0, 0, 0, 0, 0, 0, 0, 0, 0, 0, 0, 0, 0, 0, 0, 0, 0, 0, 0, 0, 0, 0, 0, 1, 2, 5, 7, 11, 14, 17, 19, 22, 25, 31, 36, 41, 47, 57, 69, 78, 92, 109, 128, 150, 181, 221, 259, 296, 332, 363, 394, 420, 453, 486, 522, 551, 583, 622, 665, 719, 778, 824, 881, 930, 970, 997, 1026, 1069, 1107, 1153, 1173, 1204, 1224, 1243, 1252, 1268, 1284, 1298, 1308, 1323, 1330, 1337, 1343, 1353, 1356, 1358, 1361, 1362, 1364]

INFO: Total Population: 870044
INFO: R0: 2
INFO: Incubation Period: 5
INFO: Illness Period: 7
X:[0, 1, 2, 3, 4, 5, 6, 7, 8, 9, 10, 11, 12, 13, 14, 15, 16, 17, 18, 19, 20, 21, 22, 23, 24, 25, 26, 27, 28, 29, 30, 31, 32, 33, 34, 35, 36, 37, 38, 39, 40, 41, 42, 43, 44, 45, 46, 47, 48, 49, 50, 51, 52, 53, 54, 55, 56, 57, 58, 59, 60, 61, 62, 63, 64, 65, 66, 67, 68, 69, 70, 71, 72, 73, 74, 75, 76, 77, 78, 79, 80, 81, 82, 83, 84, 85, 86, 87, 88, 89, 90, 91, 92, 93, 94, 95, 96, 97, 98, 99, 100, 101, 102, 103, 104, 105, 106, 107, 108, 109, 110]
YNEW:[0, 0, 0, 0, 0, 0, 0, 0, 0, 0, 0, 0, 0, 0, 0, 0, 0, 0, 0, 0, 0, 0, 0, 0, 0, 0, 0, 0, 0, 0, 0, 0, 0, 0, 0, 0, 0, 0, 0, 0, 0, 0, 0, 1, 1, 3, 2, 4, 3, 3, 2, 3, 3, 6, 5, 5, 6, 10, 12, 9, 14, 17, 19, 22, 31, 40, 38, 37, 36, 31, 31, 26, 33, 33, 36, 29, 32, 39, 43, 54, 59, 46, 57, 49, 40, 27, 29, 43, 38, 46, 20, 26, 24, 16, 15, 13, 14, 10, 15, 9, 13, 7, 6, 3, 2, 2, 1, 2, 1, 1]
YTOT: [0, 0, 0, 0, 0, 0, 0, 0, 0, 0, 0, 0, 0, 0, 0, 0, 0, 0, 0, 0, 0, 0, 0, 0, 0, 0, 0, 0, 0, 0, 0, 0, 0, 0, 0, 0, 0, 0, 0, 0, 0, 0, 0, 1, 2, 5, 7, 11, 14, 17, 19, 22, 25, 31, 36, 41, 47, 57, 69, 78, 92, 109, 128, 150, 181, 221, 259, 296, 332, 363, 394, 420, 453, 486, 522, 551, 583, 622, 665, 719, 778, 824, 881, 930, 970, 997, 1026, 1069, 1107, 1153, 1173, 1199, 1223, 1239, 1254, 1267, 1281, 1291, 1306, 1315, 1328, 1335, 1341, 1344, 1346, 1348, 1349, 1351, 1352, 1353]

INFO: Total Population: 870044
INFO: R0: 2
INFO: Incubation Period: 5
INFO: Illness Period: 7
X:[0, 1, 2, 3, 4, 5, 6, 7, 8, 9, 10, 11, 12, 13, 14, 15, 16, 17, 18, 19, 20, 21, 22, 23, 24, 25, 26, 27, 28, 29, 30, 31, 32, 33, 34, 35, 36, 37, 38, 39, 40, 41, 42, 43, 44, 45, 46, 47, 48, 49, 50, 51, 52, 53, 54, 55, 56, 57, 58, 59, 60, 61, 62, 63, 64, 65, 66, 67, 68, 69, 70, 71, 72, 73, 74, 75, 76, 77, 78, 79, 80, 81, 82, 83, 84, 85, 86, 87, 88, 89, 90, 91, 92, 93, 94, 95, 96, 97, 98, 99, 100, 101, 102, 103, 104, 105, 106, 107, 108, 109, 110, 111]
YNEW:[0, 0, 0, 0, 0, 0, 0, 0, 0, 0, 0, 0, 0, 0, 0, 0, 0, 0, 0, 0, 0, 0, 0, 0, 0, 0, 0, 0, 0, 0, 0, 0, 0, 0, 0, 0, 0, 0, 0, 0, 0, 0, 0, 1, 1, 3, 2, 4, 3, 3, 2, 3, 3, 6, 5, 5, 6, 10, 12, 9, 14, 17, 19, 22, 31, 40, 38, 37, 36, 31, 31, 26, 33, 33, 36, 29, 32, 39, 43, 54, 59, 46, 57, 49, 40, 27, 29, 43, 38, 46, 18, 22, 19, 18, 10, 11, 14, 9, 21, 10, 5, 14, 5, 3, 3, 2, 5, 4, 1, 2, 1]
YTOT: [0, 0, 0, 0, 0, 0, 0, 0, 0, 0, 0, 0, 0, 0, 0, 0, 0, 0, 0, 0, 0, 0, 0, 0, 0, 0, 0, 0, 0, 0, 0, 0, 0, 0, 0, 0, 0, 0, 0, 0, 0, 0, 0, 1, 2, 5, 7, 11, 14, 17, 19, 22, 25, 31, 36, 41, 47, 57, 69, 78, 92, 109, 128, 150, 181, 221, 259, 296, 332, 363, 394, 420, 453, 486, 522, 551, 583, 622, 665, 719, 778, 824, 881, 930, 970, 997, 1026, 1069, 1107, 1153, 1171, 1193, 1212, 1230, 1240, 1251, 1265, 1274, 1295, 1305, 1310, 1324, 1329, 1332, 1335, 1337, 1342, 1346, 1347, 1349, 1350]

INFO: Total Population: 870044
INFO: R0: 2
INFO: Incubation Period: 5
INFO: Illness Period: 7
X:[0, 1, 2, 3, 4, 5, 6, 7, 8, 9, 10, 11, 12, 13, 14, 15, 16, 17, 18, 19, 20, 21, 22, 23, 24, 25, 26, 27, 28, 29, 30, 31, 32, 33, 34, 35, 36, 37, 38, 39, 40, 41, 42, 43, 44, 45, 46, 47, 48, 49, 50, 51, 52, 53, 54, 55, 56, 57, 58, 59, 60, 61, 62, 63, 64, 65, 66, 67, 68, 69, 70, 71, 72, 73, 74, 75, 76, 77, 78, 79, 80, 81, 82, 83, 84, 85, 86, 87, 88, 89, 90, 91, 92, 93, 94, 95, 96, 97, 98, 99, 100, 101, 102, 103, 104, 105, 106, 107, 108, 109, 110]
YNEW:[0, 0, 0, 0, 0, 0, 0, 0, 0, 0, 0, 0, 0, 0, 0, 0, 0, 0, 0, 0, 0, 0, 0, 0, 0, 0, 0, 0, 0, 0, 0, 0, 0, 0, 0, 0, 0, 0, 0, 0, 0, 0, 0, 1, 1, 3, 2, 4, 3, 3, 2, 3, 3, 6, 5, 5, 6, 10, 12, 9, 14, 17, 19, 22, 31, 40, 38, 37, 36, 31, 31, 26, 33, 33, 36, 29, 32, 39, 43, 54, 59, 46, 57, 49, 40, 27, 29, 43, 38, 46, 23, 20, 16, 20, 20, 14, 18, 14, 10, 11, 10, 11, 4, 3, 4, 5, 1, 3, 2, 1]
YTOT: [0, 0, 0, 0, 0, 0, 0, 0, 0, 0, 0, 0, 0, 0, 0, 0, 0, 0, 0, 0, 0, 0, 0, 0, 0, 0, 0, 0, 0, 0, 0, 0, 0, 0, 0, 0, 0, 0, 0, 0, 0, 0, 0, 1, 2, 5, 7, 11, 14, 17, 19, 22, 25, 31, 36, 41, 47, 57, 69, 78, 92, 109, 128, 150, 181, 221, 259, 296, 332, 363, 394, 420, 453, 486, 522, 551, 583, 622, 665, 719, 778, 824, 881, 930, 970, 997, 1026, 1069, 1107, 1153, 1176, 1196, 1212, 1232, 1252, 1266, 1284, 1298, 1308, 1319, 1329, 1340, 1344, 1347, 1351, 1356, 1357, 1360, 1362, 1363]

INFO: Total Population: 870044
INFO: R0: 2
INFO: Incubation Period: 5
INFO: Illness Period: 7
X:[0, 1, 2, 3, 4, 5, 6, 7, 8, 9, 10, 11, 12, 13, 14, 15, 16, 17, 18, 19, 20, 21, 22, 23, 24, 25, 26, 27, 28, 29, 30, 31, 32, 33, 34, 35, 36, 37, 38, 39, 40, 41, 42, 43, 44, 45, 46, 47, 48, 49, 50, 51, 52, 53, 54, 55, 56, 57, 58, 59, 60, 61, 62, 63, 64, 65, 66, 67, 68, 69, 70, 71, 72, 73, 74, 75, 76, 77, 78, 79, 80, 81, 82, 83, 84, 85, 86, 87, 88, 89, 90, 91, 92, 93, 94, 95, 96, 97, 98, 99, 100, 101, 102, 103, 104, 105, 106, 107, 108, 109]
YNEW:[0, 0, 0, 0, 0, 0, 0, 0, 0, 0, 0, 0, 0, 0, 0, 0, 0, 0, 0, 0, 0, 0, 0, 0, 0, 0, 0, 0, 0, 0, 0, 0, 0, 0, 0, 0, 0, 0, 0, 0, 0, 0, 0, 1, 1, 3, 2, 4, 3, 3, 2, 3, 3, 6, 5, 5, 6, 10, 12, 9, 14, 17, 19, 22, 31, 40, 38, 37, 36, 31, 31, 26, 33, 33, 36, 29, 32, 39, 43, 54, 59, 46, 57, 49, 40, 27, 29, 43, 38, 46, 23, 24, 16, 17, 13, 6, 13, 11, 13, 12, 11, 10, 5, 3, 3, 4, 3, 2, 3]
YTOT: [0, 0, 0, 0, 0, 0, 0, 0, 0, 0, 0, 0, 0, 0, 0, 0, 0, 0, 0, 0, 0, 0, 0, 0, 0, 0, 0, 0, 0, 0, 0, 0, 0, 0, 0, 0, 0, 0, 0, 0, 0, 0, 0, 1, 2, 5, 7, 11, 14, 17, 19, 22, 25, 31, 36, 41, 47, 57, 69, 78, 92, 109, 128, 150, 181, 221, 259, 296, 332, 363, 394, 420, 453, 486, 522, 551, 583, 622, 665, 719, 778, 824, 881, 930, 970, 997, 1026, 1069, 1107, 1153, 1176, 1200, 1216, 1233, 1246, 1252, 1265, 1276, 1289, 1301, 1312, 1322, 1327, 1330, 1333, 1337, 1340, 1342, 1345]

INFO: Total Population: 870044
INFO: R0: 2
INFO: Incubation Period: 5
INFO: Illness Period: 7
X:[0, 1, 2, 3, 4, 5, 6, 7, 8, 9, 10, 11, 12, 13, 14, 15, 16, 17, 18, 19, 20, 21, 22, 23, 24, 25, 26, 27, 28, 29, 30, 31, 32, 33, 34, 35, 36, 37, 38, 39, 40, 41, 42, 43, 44, 45, 46, 47, 48, 49, 50, 51, 52, 53, 54, 55, 56, 57, 58, 59, 60, 61, 62, 63, 64, 65, 66, 67, 68, 69, 70, 71, 72, 73, 74, 75, 76, 77, 78, 79, 80, 81, 82, 83, 84, 85, 86, 87, 88, 89, 90, 91, 92, 93, 94, 95, 96, 97, 98, 99, 100, 101, 102, 103, 104, 105, 106, 107, 108, 109, 110, 111]
YNEW:[0, 0, 0, 0, 0, 0, 0, 0, 0, 0, 0, 0, 0, 0, 0, 0, 0, 0, 0, 0, 0, 0, 0, 0, 0, 0, 0, 0, 0, 0, 0, 0, 0, 0, 0, 0, 0, 0, 0, 0, 0, 0, 0, 1, 1, 3, 2, 4, 3, 3, 2, 3, 3, 6, 5, 5, 6, 10, 12, 9, 14, 17, 19, 22, 31, 40, 38, 37, 36, 31, 31, 26, 33, 33, 36, 29, 32, 39, 43, 54, 59, 46, 57, 49, 40, 27, 29, 43, 38, 46, 25, 24, 24, 16, 18, 18, 11, 16, 19, 14, 10, 10, 2, 5, 4, 6, 3, 3, 1, 3, 1]
YTOT: [0, 0, 0, 0, 0, 0, 0, 0, 0, 0, 0, 0, 0, 0, 0, 0, 0, 0, 0, 0, 0, 0, 0, 0, 0, 0, 0, 0, 0, 0, 0, 0, 0, 0, 0, 0, 0, 0, 0, 0, 0, 0, 0, 1, 2, 5, 7, 11, 14, 17, 19, 22, 25, 31, 36, 41, 47, 57, 69, 78, 92, 109, 128, 150, 181, 221, 259, 296, 332, 363, 394, 420, 453, 486, 522, 551, 583, 622, 665, 719, 778, 824, 881, 930, 970, 997, 1026, 1069, 1107, 1153, 1178, 1202, 1226, 1242, 1260, 1278, 1289, 1305, 1324, 1338, 1348, 1358, 1360, 1365, 1369, 1375, 1378, 1381, 1382, 1385, 1386]

INFO: Total Population: 870044
INFO: R0: 2
INFO: Incubation Period: 5
INFO: Illness Period: 7
X:[0, 1, 2, 3, 4, 5, 6, 7, 8, 9, 10, 11, 12, 13, 14, 15, 16, 17, 18, 19, 20, 21, 22, 23, 24, 25, 26, 27, 28, 29, 30, 31, 32, 33, 34, 35, 36, 37, 38, 39, 40, 41, 42, 43, 44, 45, 46, 47, 48, 49, 50, 51, 52, 53, 54, 55, 56, 57, 58, 59, 60, 61, 62, 63, 64, 65, 66, 67, 68, 69, 70, 71, 72, 73, 74, 75, 76, 77, 78, 79, 80, 81, 82, 83, 84, 85, 86, 87, 88, 89, 90, 91, 92, 93, 94, 95, 96, 97, 98, 99, 100, 101, 102, 103, 104, 105, 106, 107, 108, 109, 110]
YNEW:[0, 0, 0, 0, 0, 0, 0, 0, 0, 0, 0, 0, 0, 0, 0, 0, 0, 0, 0, 0, 0, 0, 0, 0, 0, 0, 0, 0, 0, 0, 0, 0, 0, 0, 0, 0, 0, 0, 0, 0, 0, 0, 0, 1, 1, 3, 2, 4, 3, 3, 2, 3, 3, 6, 5, 5, 6, 10, 12, 9, 14, 17, 19, 22, 31, 40, 38, 37, 36, 31, 31, 26, 33, 33, 36, 29, 32, 39, 43, 54, 59, 46, 57, 49, 40, 27, 29, 43, 38, 46, 20, 23, 29, 11, 13, 16, 9, 13, 14, 18, 11, 6, 5, 5, 2, 2, 2, 2, 1, 1]
YTOT: [0, 0, 0, 0, 0, 0, 0, 0, 0, 0, 0, 0, 0, 0, 0, 0, 0, 0, 0, 0, 0, 0, 0, 0, 0, 0, 0, 0, 0, 0, 0, 0, 0, 0, 0, 0, 0, 0, 0, 0, 0, 0, 0, 1, 2, 5, 7, 11, 14, 17, 19, 22, 25, 31, 36, 41, 47, 57, 69, 78, 92, 109, 128, 150, 181, 221, 259, 296, 332, 363, 394, 420, 453, 486, 522, 551, 583, 622, 665, 719, 778, 824, 881, 930, 970, 997, 1026, 1069, 1107, 1153, 1173, 1196, 1225, 1236, 1249, 1265, 1274, 1287, 1301, 1319, 1330, 1336, 1341, 1346, 1348, 1350, 1352, 1354, 1355, 1356]

INFO: Total Population: 870044
INFO: R0: 2
INFO: Incubation Period: 5
INFO: Illness Period: 7
X:[0, 1, 2, 3, 4, 5, 6, 7, 8, 9, 10, 11, 12, 13, 14, 15, 16, 17, 18, 19, 20, 21, 22, 23, 24, 25, 26, 27, 28, 29, 30, 31, 32, 33, 34, 35, 36, 37, 38, 39, 40, 41, 42, 43, 44, 45, 46, 47, 48, 49, 50, 51, 52, 53, 54, 55, 56, 57, 58, 59, 60, 61, 62, 63, 64, 65, 66, 67, 68, 69, 70, 71, 72, 73, 74, 75, 76, 77, 78, 79, 80, 81, 82, 83, 84, 85, 86, 87, 88, 89, 90, 91, 92, 93, 94, 95, 96, 97, 98, 99, 100, 101, 102, 103, 104, 105, 106, 107, 108, 109, 110]
YNEW:[0, 0, 0, 0, 0, 0, 0, 0, 0, 0, 0, 0, 0, 0, 0, 0, 0, 0, 0, 0, 0, 0, 0, 0, 0, 0, 0, 0, 0, 0, 0, 0, 0, 0, 0, 0, 0, 0, 0, 0, 0, 0, 0, 1, 1, 3, 2, 4, 3, 3, 2, 3, 3, 6, 5, 5, 6, 10, 12, 9, 14, 17, 19, 22, 31, 40, 38, 37, 36, 31, 31, 26, 33, 33, 36, 29, 32, 39, 43, 54, 59, 46, 57, 49, 40, 27, 29, 43, 38, 46, 23, 16, 23, 15, 13, 9, 10, 14, 15, 12, 11, 6, 4, 3, 2, 3, 2, 4, 2, 1]
YTOT: [0, 0, 0, 0, 0, 0, 0, 0, 0, 0, 0, 0, 0, 0, 0, 0, 0, 0, 0, 0, 0, 0, 0, 0, 0, 0, 0, 0, 0, 0, 0, 0, 0, 0, 0, 0, 0, 0, 0, 0, 0, 0, 0, 1, 2, 5, 7, 11, 14, 17, 19, 22, 25, 31, 36, 41, 47, 57, 69, 78, 92, 109, 128, 150, 181, 221, 259, 296, 332, 363, 394, 420, 453, 486, 522, 551, 583, 622, 665, 719, 778, 824, 881, 930, 970, 997, 1026, 1069, 1107, 1153, 1176, 1192, 1215, 1230, 1243, 1252, 1262, 1276, 1291, 1303, 1314, 1320, 1324, 1327, 1329, 1332, 1334, 1338, 1340, 1341]

INFO: Total Population: 870044
INFO: R0: 2
INFO: Incubation Period: 5
INFO: Illness Period: 7
X:[0, 1, 2, 3, 4, 5, 6, 7, 8, 9, 10, 11, 12, 13, 14, 15, 16, 17, 18, 19, 20, 21, 22, 23, 24, 25, 26, 27, 28, 29, 30, 31, 32, 33, 34, 35, 36, 37, 38, 39, 40, 41, 42, 43, 44, 45, 46, 47, 48, 49, 50, 51, 52, 53, 54, 55, 56, 57, 58, 59, 60, 61, 62, 63, 64, 65, 66, 67, 68, 69, 70, 71, 72, 73, 74, 75, 76, 77, 78, 79, 80, 81, 82, 83, 84, 85, 86, 87, 88, 89, 90, 91, 92, 93, 94, 95, 96, 97, 98, 99, 100, 101, 102, 103, 104, 105, 106, 107]
YNEW:[0, 0, 0, 0, 0, 0, 0, 0, 0, 0, 0, 0, 0, 0, 0, 0, 0, 0, 0, 0, 0, 0, 0, 0, 0, 0, 0, 0, 0, 0, 0, 0, 0, 0, 0, 0, 0, 0, 0, 0, 0, 0, 0, 1, 1, 3, 2, 4, 3, 3, 2, 3, 3, 6, 5, 5, 6, 10, 12, 9, 14, 17, 19, 22, 31, 40, 38, 37, 36, 31, 31, 26, 33, 33, 36, 29, 32, 39, 43, 54, 59, 46, 57, 49, 40, 27, 29, 43, 38, 46, 16, 26, 23, 18, 16, 12, 7, 9, 12, 14, 16, 8, 4, 4, 6, 3, 2]
YTOT: [0, 0, 0, 0, 0, 0, 0, 0, 0, 0, 0, 0, 0, 0, 0, 0, 0, 0, 0, 0, 0, 0, 0, 0, 0, 0, 0, 0, 0, 0, 0, 0, 0, 0, 0, 0, 0, 0, 0, 0, 0, 0, 0, 1, 2, 5, 7, 11, 14, 17, 19, 22, 25, 31, 36, 41, 47, 57, 69, 78, 92, 109, 128, 150, 181, 221, 259, 296, 332, 363, 394, 420, 453, 486, 522, 551, 583, 622, 665, 719, 778, 824, 881, 930, 970, 997, 1026, 1069, 1107, 1153, 1169, 1195, 1218, 1236, 1252, 1264, 1271, 1280, 1292, 1306, 1322, 1330, 1334, 1338, 1344, 1347, 1349]

INFO: Total Population: 870044
INFO: R0: 2
INFO: Incubation Period: 5
INFO: Illness Period: 7
X:[0, 1, 2, 3, 4, 5, 6, 7, 8, 9, 10, 11, 12, 13, 14, 15, 16, 17, 18, 19, 20, 21, 22, 23, 24, 25, 26, 27, 28, 29, 30, 31, 32, 33, 34, 35, 36, 37, 38, 39, 40, 41, 42, 43, 44, 45, 46, 47, 48, 49, 50, 51, 52, 53, 54, 55, 56, 57, 58, 59, 60, 61, 62, 63, 64, 65, 66, 67, 68, 69, 70, 71, 72, 73, 74, 75, 76, 77, 78, 79, 80, 81, 82, 83, 84, 85, 86, 87, 88, 89, 90, 91, 92, 93, 94, 95, 96, 97, 98, 99, 100, 101, 102, 103, 104, 105, 106, 107, 108, 109, 110, 111, 112]
YNEW:[0, 0, 0, 0, 0, 0, 0, 0, 0, 0, 0, 0, 0, 0, 0, 0, 0, 0, 0, 0, 0, 0, 0, 0, 0, 0, 0, 0, 0, 0, 0, 0, 0, 0, 0, 0, 0, 0, 0, 0, 0, 0, 0, 1, 1, 3, 2, 4, 3, 3, 2, 3, 3, 6, 5, 5, 6, 10, 12, 9, 14, 17, 19, 22, 31, 40, 38, 37, 36, 31, 31, 26, 33, 33, 36, 29, 32, 39, 43, 54, 59, 46, 57, 49, 40, 27, 29, 43, 38, 46, 30, 21, 21, 21, 13, 14, 11, 12, 11, 13, 9, 7, 5, 9, 9, 5, 2, 1, 2, 1, 1, 1]
YTOT: [0, 0, 0, 0, 0, 0, 0, 0, 0, 0, 0, 0, 0, 0, 0, 0, 0, 0, 0, 0, 0, 0, 0, 0, 0, 0, 0, 0, 0, 0, 0, 0, 0, 0, 0, 0, 0, 0, 0, 0, 0, 0, 0, 1, 2, 5, 7, 11, 14, 17, 19, 22, 25, 31, 36, 41, 47, 57, 69, 78, 92, 109, 128, 150, 181, 221, 259, 296, 332, 363, 394, 420, 453, 486, 522, 551, 583, 622, 665, 719, 778, 824, 881, 930, 970, 997, 1026, 1069, 1107, 1153, 1183, 1204, 1225, 1246, 1259, 1273, 1284, 1296, 1307, 1320, 1329, 1336, 1341, 1350, 1359, 1364, 1366, 1367, 1369, 1370, 1371, 1372]

INFO: Total Population: 870044
INFO: R0: 2
INFO: Incubation Period: 5
INFO: Illness Period: 7
X:[0, 1, 2, 3, 4, 5, 6, 7, 8, 9, 10, 11, 12, 13, 14, 15, 16, 17, 18, 19, 20, 21, 22, 23, 24, 25, 26, 27, 28, 29, 30, 31, 32, 33, 34, 35, 36, 37, 38, 39, 40, 41, 42, 43, 44, 45, 46, 47, 48, 49, 50, 51, 52, 53, 54, 55, 56, 57, 58, 59, 60, 61, 62, 63, 64, 65, 66, 67, 68, 69, 70, 71, 72, 73, 74, 75, 76, 77, 78, 79, 80, 81, 82, 83, 84, 85, 86, 87, 88, 89, 90, 91, 92, 93, 94, 95, 96, 97, 98, 99, 100, 101, 102, 103, 104, 105, 106, 107, 108, 109]
YNEW:[0, 0, 0, 0, 0, 0, 0, 0, 0, 0, 0, 0, 0, 0, 0, 0, 0, 0, 0, 0, 0, 0, 0, 0, 0, 0, 0, 0, 0, 0, 0, 0, 0, 0, 0, 0, 0, 0, 0, 0, 0, 0, 0, 1, 1, 3, 2, 4, 3, 3, 2, 3, 3, 6, 5, 5, 6, 10, 12, 9, 14, 17, 19, 22, 31, 40, 38, 37, 36, 31, 31, 26, 33, 33, 36, 29, 32, 39, 43, 54, 59, 46, 57, 49, 40, 27, 29, 43, 38, 46, 18, 23, 22, 18, 18, 13, 13, 13, 13, 15, 8, 12, 4, 6, 4, 3, 3, 5, 1]
YTOT: [0, 0, 0, 0, 0, 0, 0, 0, 0, 0, 0, 0, 0, 0, 0, 0, 0, 0, 0, 0, 0, 0, 0, 0, 0, 0, 0, 0, 0, 0, 0, 0, 0, 0, 0, 0, 0, 0, 0, 0, 0, 0, 0, 1, 2, 5, 7, 11, 14, 17, 19, 22, 25, 31, 36, 41, 47, 57, 69, 78, 92, 109, 128, 150, 181, 221, 259, 296, 332, 363, 394, 420, 453, 486, 522, 551, 583, 622, 665, 719, 778, 824, 881, 930, 970, 997, 1026, 1069, 1107, 1153, 1171, 1194, 1216, 1234, 1252, 1265, 1278, 1291, 1304, 1319, 1327, 1339, 1343, 1349, 1353, 1356, 1359, 1364, 1365]

END