

INFO: Total Population: 1643700
INFO: R0: 2
INFO: Incubation Period: 5
INFO: Illness Period: 7
X:[0, 1, 2, 3, 4, 5, 6, 7, 8, 9, 10, 11, 12, 13, 14, 15, 16, 17, 18, 19, 20, 21, 22, 23, 24, 25, 26, 27, 28, 29, 30, 31, 32, 33, 34, 35, 36, 37, 38, 39, 40, 41, 42, 43, 44, 45, 46, 47, 48, 49, 50, 51, 52, 53, 54, 55, 56, 57, 58, 59, 60, 61, 62, 63, 64, 65, 66, 67, 68, 69, 70, 71, 72, 73, 74, 75, 76, 77, 78, 79, 80, 81, 82, 83, 84, 85, 86, 87, 88, 89, 90, 91, 92, 93, 94, 95, 96, 97, 98, 99, 100, 101, 102, 103, 104, 105, 106, 107, 108, 109, 110, 111, 112, 113, 114]
YNEW:[0, 0, 0, 0, 0, 0, 0, 0, 0, 0, 0, 0, 0, 0, 0, 0, 0, 0, 0, 0, 0, 0, 0, 0, 0, 0, 0, 0, 0, 0, 0, 0, 0, 0, 0, 0, 0, 0, 0, 0, 0, 0, 0, 0, 0, 0, 0, 1, 0, 1, 0, 1, 1, 3, 4, 6, 5, 5, 7, 11, 22, 22, 16, 14, 18, 30, 34, 30, 25, 25, 30, 33, 40, 59, 52, 43, 43, 40, 38, 44, 44, 41, 41, 27, 42, 44, 48, 51, 53, 43, 44, 42, 51, 52, 38, 35, 31, 37, 28, 32, 39, 26, 36, 30, 43, 18, 17, 28, 17, 11, 10, 7, 6, 4]
YTOT: [0, 0, 0, 0, 0, 0, 0, 0, 0, 0, 0, 0, 0, 0, 0, 0, 0, 0, 0, 0, 0, 0, 0, 0, 0, 0, 0, 0, 0, 0, 0, 0, 0, 0, 0, 0, 0, 0, 0, 0, 0, 0, 0, 0, 0, 0, 0, 1, 1, 2, 2, 3, 4, 7, 11, 17, 22, 27, 34, 45, 67, 89, 105, 119, 137, 167, 201, 231, 256, 281, 311, 344, 384, 443, 495, 538, 581, 621, 659, 703, 747, 788, 829, 856, 898, 942, 990, 1041, 1094, 1137, 1181, 1223, 1274, 1326, 1364, 1399, 1430, 1467, 1495, 1527, 1566, 1592, 1628, 1658, 1701, 1719, 1736, 1764, 1781, 1792, 1802, 1809, 1815, 1819]

INFO: Total Population: 1643700
INFO: R0: 2
INFO: Incubation Period: 5
INFO: Illness Period: 7
X:[0, 1, 2, 3, 4, 5, 6, 7, 8, 9, 10, 11, 12, 13, 14, 15, 16, 17, 18, 19, 20, 21, 22, 23, 24, 25, 26, 27, 28, 29, 30, 31, 32, 33, 34, 35, 36, 37, 38, 39, 40, 41, 42, 43, 44, 45, 46, 47, 48, 49, 50, 51, 52, 53, 54, 55, 56, 57, 58, 59, 60, 61, 62, 63, 64, 65, 66, 67, 68, 69, 70, 71, 72, 73, 74, 75, 76, 77, 78, 79, 80, 81, 82, 83, 84, 85, 86, 87, 88, 89, 90, 91, 92, 93, 94, 95, 96, 97, 98, 99, 100, 101, 102, 103, 104, 105, 106, 107, 108, 109, 110, 111, 112, 113, 114, 115]
YNEW:[0, 0, 0, 0, 0, 0, 0, 0, 0, 0, 0, 0, 0, 0, 0, 0, 0, 0, 0, 0, 0, 0, 0, 0, 0, 0, 0, 0, 0, 0, 0, 0, 0, 0, 0, 0, 0, 0, 0, 0, 0, 0, 0, 0, 0, 0, 0, 1, 0, 1, 0, 1, 1, 3, 4, 6, 5, 5, 7, 11, 22, 22, 16, 14, 18, 30, 34, 30, 25, 25, 30, 33, 40, 59, 52, 43, 43, 40, 38, 44, 44, 41, 41, 27, 42, 44, 48, 51, 53, 43, 44, 42, 51, 52, 45, 36, 48, 35, 34, 39, 28, 44, 43, 33, 32, 24, 19, 15, 19, 14, 9, 12, 8, 6, 1]
YTOT: [0, 0, 0, 0, 0, 0, 0, 0, 0, 0, 0, 0, 0, 0, 0, 0, 0, 0, 0, 0, 0, 0, 0, 0, 0, 0, 0, 0, 0, 0, 0, 0, 0, 0, 0, 0, 0, 0, 0, 0, 0, 0, 0, 0, 0, 0, 0, 1, 1, 2, 2, 3, 4, 7, 11, 17, 22, 27, 34, 45, 67, 89, 105, 119, 137, 167, 201, 231, 256, 281, 311, 344, 384, 443, 495, 538, 581, 621, 659, 703, 747, 788, 829, 856, 898, 942, 990, 1041, 1094, 1137, 1181, 1223, 1274, 1326, 1371, 1407, 1455, 1490, 1524, 1563, 1591, 1635, 1678, 1711, 1743, 1767, 1786, 1801, 1820, 1834, 1843, 1855, 1863, 1869, 1870]

INFO: Total Population: 1643700
INFO: R0: 2
INFO: Incubation Period: 5
INFO: Illness Period: 7
X:[0, 1, 2, 3, 4, 5, 6, 7, 8, 9, 10, 11, 12, 13, 14, 15, 16, 17, 18, 19, 20, 21, 22, 23, 24, 25, 26, 27, 28, 29, 30, 31, 32, 33, 34, 35, 36, 37, 38, 39, 40, 41, 42, 43, 44, 45, 46, 47, 48, 49, 50, 51, 52, 53, 54, 55, 56, 57, 58, 59, 60, 61, 62, 63, 64, 65, 66, 67, 68, 69, 70, 71, 72, 73, 74, 75, 76, 77, 78, 79, 80, 81, 82, 83, 84, 85, 86, 87, 88, 89, 90, 91, 92, 93, 94, 95, 96, 97, 98, 99, 100, 101, 102, 103, 104, 105, 106, 107, 108, 109, 110, 111, 112, 113, 114, 115, 116]
YNEW:[0, 0, 0, 0, 0, 0, 0, 0, 0, 0, 0, 0, 0, 0, 0, 0, 0, 0, 0, 0, 0, 0, 0, 0, 0, 0, 0, 0, 0, 0, 0, 0, 0, 0, 0, 0, 0, 0, 0, 0, 0, 0, 0, 0, 0, 0, 0, 1, 0, 1, 0, 1, 1, 3, 4, 6, 5, 5, 7, 11, 22, 22, 16, 14, 18, 30, 34, 30, 25, 25, 30, 33, 40, 59, 52, 43, 43, 40, 38, 44, 44, 41, 41, 27, 42, 44, 48, 51, 53, 43, 44, 42, 51, 52, 38, 42, 44, 28, 27, 27, 33, 42, 37, 28, 29, 18, 24, 16, 18, 13, 14, 3, 4, 4, 1, 3]
YTOT: [0, 0, 0, 0, 0, 0, 0, 0, 0, 0, 0, 0, 0, 0, 0, 0, 0, 0, 0, 0, 0, 0, 0, 0, 0, 0, 0, 0, 0, 0, 0, 0, 0, 0, 0, 0, 0, 0, 0, 0, 0, 0, 0, 0, 0, 0, 0, 1, 1, 2, 2, 3, 4, 7, 11, 17, 22, 27, 34, 45, 67, 89, 105, 119, 137, 167, 201, 231, 256, 281, 311, 344, 384, 443, 495, 538, 581, 621, 659, 703, 747, 788, 829, 856, 898, 942, 990, 1041, 1094, 1137, 1181, 1223, 1274, 1326, 1364, 1406, 1450, 1478, 1505, 1532, 1565, 1607, 1644, 1672, 1701, 1719, 1743, 1759, 1777, 1790, 1804, 1807, 1811, 1815, 1816, 1819]

INFO: Total Population: 1643700
INFO: R0: 2
INFO: Incubation Period: 5
INFO: Illness Period: 7
X:[0, 1, 2, 3, 4, 5, 6, 7, 8, 9, 10, 11, 12, 13, 14, 15, 16, 17, 18, 19, 20, 21, 22, 23, 24, 25, 26, 27, 28, 29, 30, 31, 32, 33, 34, 35, 36, 37, 38, 39, 40, 41, 42, 43, 44, 45, 46, 47, 48, 49, 50, 51, 52, 53, 54, 55, 56, 57, 58, 59, 60, 61, 62, 63, 64, 65, 66, 67, 68, 69, 70, 71, 72, 73, 74, 75, 76, 77, 78, 79, 80, 81, 82, 83, 84, 85, 86, 87, 88, 89, 90, 91, 92, 93, 94, 95, 96, 97, 98, 99, 100, 101, 102, 103, 104, 105, 106, 107, 108, 109, 110, 111, 112, 113, 114, 115]
YNEW:[0, 0, 0, 0, 0, 0, 0, 0, 0, 0, 0, 0, 0, 0, 0, 0, 0, 0, 0, 0, 0, 0, 0, 0, 0, 0, 0, 0, 0, 0, 0, 0, 0, 0, 0, 0, 0, 0, 0, 0, 0, 0, 0, 0, 0, 0, 0, 1, 0, 1, 0, 1, 1, 3, 4, 6, 5, 5, 7, 11, 22, 22, 16, 14, 18, 30, 34, 30, 25, 25, 30, 33, 40, 59, 52, 43, 43, 40, 38, 44, 44, 41, 41, 27, 42, 44, 48, 51, 53, 43, 44, 42, 51, 52, 27, 41, 46, 37, 36, 30, 28, 40, 31, 38, 34, 31, 22, 23, 18, 7, 7, 7, 3, 1, 2]
YTOT: [0, 0, 0, 0, 0, 0, 0, 0, 0, 0, 0, 0, 0, 0, 0, 0, 0, 0, 0, 0, 0, 0, 0, 0, 0, 0, 0, 0, 0, 0, 0, 0, 0, 0, 0, 0, 0, 0, 0, 0, 0, 0, 0, 0, 0, 0, 0, 1, 1, 2, 2, 3, 4, 7, 11, 17, 22, 27, 34, 45, 67, 89, 105, 119, 137, 167, 201, 231, 256, 281, 311, 344, 384, 443, 495, 538, 581, 621, 659, 703, 747, 788, 829, 856, 898, 942, 990, 1041, 1094, 1137, 1181, 1223, 1274, 1326, 1353, 1394, 1440, 1477, 1513, 1543, 1571, 1611, 1642, 1680, 1714, 1745, 1767, 1790, 1808, 1815, 1822, 1829, 1832, 1833, 1835]

INFO: Total Population: 1643700
INFO: R0: 2
INFO: Incubation Period: 5
INFO: Illness Period: 7
X:[0, 1, 2, 3, 4, 5, 6, 7, 8, 9, 10, 11, 12, 13, 14, 15, 16, 17, 18, 19, 20, 21, 22, 23, 24, 25, 26, 27, 28, 29, 30, 31, 32, 33, 34, 35, 36, 37, 38, 39, 40, 41, 42, 43, 44, 45, 46, 47, 48, 49, 50, 51, 52, 53, 54, 55, 56, 57, 58, 59, 60, 61, 62, 63, 64, 65, 66, 67, 68, 69, 70, 71, 72, 73, 74, 75, 76, 77, 78, 79, 80, 81, 82, 83, 84, 85, 86, 87, 88, 89, 90, 91, 92, 93, 94, 95, 96, 97, 98, 99, 100, 101, 102, 103, 104, 105, 106, 107, 108, 109, 110, 111, 112, 113, 114, 115, 116]
YNEW:[0, 0, 0, 0, 0, 0, 0, 0, 0, 0, 0, 0, 0, 0, 0, 0, 0, 0, 0, 0, 0, 0, 0, 0, 0, 0, 0, 0, 0, 0, 0, 0, 0, 0, 0, 0, 0, 0, 0, 0, 0, 0, 0, 0, 0, 0, 0, 1, 0, 1, 0, 1, 1, 3, 4, 6, 5, 5, 7, 11, 22, 22, 16, 14, 18, 30, 34, 30, 25, 25, 30, 33, 40, 59, 52, 43, 43, 40, 38, 44, 44, 41, 41, 27, 42, 44, 48, 51, 53, 43, 44, 42, 51, 52, 46, 46, 33, 39, 23, 35, 44, 37, 34, 41, 28, 24, 15, 18, 13, 12, 14, 5, 5, 3, 2, 1]
YTOT: [0, 0, 0, 0, 0, 0, 0, 0, 0, 0, 0, 0, 0, 0, 0, 0, 0, 0, 0, 0, 0, 0, 0, 0, 0, 0, 0, 0, 0, 0, 0, 0, 0, 0, 0, 0, 0, 0, 0, 0, 0, 0, 0, 0, 0, 0, 0, 1, 1, 2, 2, 3, 4, 7, 11, 17, 22, 27, 34, 45, 67, 89, 105, 119, 137, 167, 201, 231, 256, 281, 311, 344, 384, 443, 495, 538, 581, 621, 659, 703, 747, 788, 829, 856, 898, 942, 990, 1041, 1094, 1137, 1181, 1223, 1274, 1326, 1372, 1418, 1451, 1490, 1513, 1548, 1592, 1629, 1663, 1704, 1732, 1756, 1771, 1789, 1802, 1814, 1828, 1833, 1838, 1841, 1843, 1844]

INFO: Total Population: 1643700
INFO: R0: 2
INFO: Incubation Period: 5
INFO: Illness Period: 7
X:[0, 1, 2, 3, 4, 5, 6, 7, 8, 9, 10, 11, 12, 13, 14, 15, 16, 17, 18, 19, 20, 21, 22, 23, 24, 25, 26, 27, 28, 29, 30, 31, 32, 33, 34, 35, 36, 37, 38, 39, 40, 41, 42, 43, 44, 45, 46, 47, 48, 49, 50, 51, 52, 53, 54, 55, 56, 57, 58, 59, 60, 61, 62, 63, 64, 65, 66, 67, 68, 69, 70, 71, 72, 73, 74, 75, 76, 77, 78, 79, 80, 81, 82, 83, 84, 85, 86, 87, 88, 89, 90, 91, 92, 93, 94, 95, 96, 97, 98, 99, 100, 101, 102, 103, 104, 105, 106, 107, 108, 109, 110, 111, 112, 113, 114, 115, 116]
YNEW:[0, 0, 0, 0, 0, 0, 0, 0, 0, 0, 0, 0, 0, 0, 0, 0, 0, 0, 0, 0, 0, 0, 0, 0, 0, 0, 0, 0, 0, 0, 0, 0, 0, 0, 0, 0, 0, 0, 0, 0, 0, 0, 0, 0, 0, 0, 0, 1, 0, 1, 0, 1, 1, 3, 4, 6, 5, 5, 7, 11, 22, 22, 16, 14, 18, 30, 34, 30, 25, 25, 30, 33, 40, 59, 52, 43, 43, 40, 38, 44, 44, 41, 41, 27, 42, 44, 48, 51, 53, 43, 44, 42, 51, 52, 39, 26, 43, 43, 35, 29, 29, 28, 47, 33, 29, 26, 23, 22, 15, 12, 12, 8, 6, 6, 2, 2]
YTOT: [0, 0, 0, 0, 0, 0, 0, 0, 0, 0, 0, 0, 0, 0, 0, 0, 0, 0, 0, 0, 0, 0, 0, 0, 0, 0, 0, 0, 0, 0, 0, 0, 0, 0, 0, 0, 0, 0, 0, 0, 0, 0, 0, 0, 0, 0, 0, 1, 1, 2, 2, 3, 4, 7, 11, 17, 22, 27, 34, 45, 67, 89, 105, 119, 137, 167, 201, 231, 256, 281, 311, 344, 384, 443, 495, 538, 581, 621, 659, 703, 747, 788, 829, 856, 898, 942, 990, 1041, 1094, 1137, 1181, 1223, 1274, 1326, 1365, 1391, 1434, 1477, 1512, 1541, 1570, 1598, 1645, 1678, 1707, 1733, 1756, 1778, 1793, 1805, 1817, 1825, 1831, 1837, 1839, 1841]

INFO: Total Population: 1643700
INFO: R0: 2
INFO: Incubation Period: 5
INFO: Illness Period: 7
X:[0, 1, 2, 3, 4, 5, 6, 7, 8, 9, 10, 11, 12, 13, 14, 15, 16, 17, 18, 19, 20, 21, 22, 23, 24, 25, 26, 27, 28, 29, 30, 31, 32, 33, 34, 35, 36, 37, 38, 39, 40, 41, 42, 43, 44, 45, 46, 47, 48, 49, 50, 51, 52, 53, 54, 55, 56, 57, 58, 59, 60, 61, 62, 63, 64, 65, 66, 67, 68, 69, 70, 71, 72, 73, 74, 75, 76, 77, 78, 79, 80, 81, 82, 83, 84, 85, 86, 87, 88, 89, 90, 91, 92, 93, 94, 95, 96, 97, 98, 99, 100, 101, 102, 103, 104, 105, 106, 107, 108, 109, 110, 111, 112, 113, 114, 115, 116]
YNEW:[0, 0, 0, 0, 0, 0, 0, 0, 0, 0, 0, 0, 0, 0, 0, 0, 0, 0, 0, 0, 0, 0, 0, 0, 0, 0, 0, 0, 0, 0, 0, 0, 0, 0, 0, 0, 0, 0, 0, 0, 0, 0, 0, 0, 0, 0, 0, 1, 0, 1, 0, 1, 1, 3, 4, 6, 5, 5, 7, 11, 22, 22, 16, 14, 18, 30, 34, 30, 25, 25, 30, 33, 40, 59, 52, 43, 43, 40, 38, 44, 44, 41, 41, 27, 42, 44, 48, 51, 53, 43, 44, 42, 51, 52, 41, 38, 39, 37, 28, 35, 23, 31, 40, 45, 37, 22, 13, 16, 21, 10, 7, 9, 10, 1, 3, 1]
YTOT: [0, 0, 0, 0, 0, 0, 0, 0, 0, 0, 0, 0, 0, 0, 0, 0, 0, 0, 0, 0, 0, 0, 0, 0, 0, 0, 0, 0, 0, 0, 0, 0, 0, 0, 0, 0, 0, 0, 0, 0, 0, 0, 0, 0, 0, 0, 0, 1, 1, 2, 2, 3, 4, 7, 11, 17, 22, 27, 34, 45, 67, 89, 105, 119, 137, 167, 201, 231, 256, 281, 311, 344, 384, 443, 495, 538, 581, 621, 659, 703, 747, 788, 829, 856, 898, 942, 990, 1041, 1094, 1137, 1181, 1223, 1274, 1326, 1367, 1405, 1444, 1481, 1509, 1544, 1567, 1598, 1638, 1683, 1720, 1742, 1755, 1771, 1792, 1802, 1809, 1818, 1828, 1829, 1832, 1833]

INFO: Total Population: 1643700
INFO: R0: 2
INFO: Incubation Period: 5
INFO: Illness Period: 7
X:[0, 1, 2, 3, 4, 5, 6, 7, 8, 9, 10, 11, 12, 13, 14, 15, 16, 17, 18, 19, 20, 21, 22, 23, 24, 25, 26, 27, 28, 29, 30, 31, 32, 33, 34, 35, 36, 37, 38, 39, 40, 41, 42, 43, 44, 45, 46, 47, 48, 49, 50, 51, 52, 53, 54, 55, 56, 57, 58, 59, 60, 61, 62, 63, 64, 65, 66, 67, 68, 69, 70, 71, 72, 73, 74, 75, 76, 77, 78, 79, 80, 81, 82, 83, 84, 85, 86, 87, 88, 89, 90, 91, 92, 93, 94, 95, 96, 97, 98, 99, 100, 101, 102, 103, 104, 105, 106, 107, 108, 109, 110, 111, 112, 113, 114, 115]
YNEW:[0, 0, 0, 0, 0, 0, 0, 0, 0, 0, 0, 0, 0, 0, 0, 0, 0, 0, 0, 0, 0, 0, 0, 0, 0, 0, 0, 0, 0, 0, 0, 0, 0, 0, 0, 0, 0, 0, 0, 0, 0, 0, 0, 0, 0, 0, 0, 1, 0, 1, 0, 1, 1, 3, 4, 6, 5, 5, 7, 11, 22, 22, 16, 14, 18, 30, 34, 30, 25, 25, 30, 33, 40, 59, 52, 43, 43, 40, 38, 44, 44, 41, 41, 27, 42, 44, 48, 51, 53, 43, 44, 42, 51, 52, 39, 44, 35, 33, 39, 30, 35, 38, 35, 30, 44, 33, 16, 17, 11, 7, 4, 15, 5, 6, 1]
YTOT: [0, 0, 0, 0, 0, 0, 0, 0, 0, 0, 0, 0, 0, 0, 0, 0, 0, 0, 0, 0, 0, 0, 0, 0, 0, 0, 0, 0, 0, 0, 0, 0, 0, 0, 0, 0, 0, 0, 0, 0, 0, 0, 0, 0, 0, 0, 0, 1, 1, 2, 2, 3, 4, 7, 11, 17, 22, 27, 34, 45, 67, 89, 105, 119, 137, 167, 201, 231, 256, 281, 311, 344, 384, 443, 495, 538, 581, 621, 659, 703, 747, 788, 829, 856, 898, 942, 990, 1041, 1094, 1137, 1181, 1223, 1274, 1326, 1365, 1409, 1444, 1477, 1516, 1546, 1581, 1619, 1654, 1684, 1728, 1761, 1777, 1794, 1805, 1812, 1816, 1831, 1836, 1842, 1843]

INFO: Total Population: 1643700
INFO: R0: 2
INFO: Incubation Period: 5
INFO: Illness Period: 7
X:[0, 1, 2, 3, 4, 5, 6, 7, 8, 9, 10, 11, 12, 13, 14, 15, 16, 17, 18, 19, 20, 21, 22, 23, 24, 25, 26, 27, 28, 29, 30, 31, 32, 33, 34, 35, 36, 37, 38, 39, 40, 41, 42, 43, 44, 45, 46, 47, 48, 49, 50, 51, 52, 53, 54, 55, 56, 57, 58, 59, 60, 61, 62, 63, 64, 65, 66, 67, 68, 69, 70, 71, 72, 73, 74, 75, 76, 77, 78, 79, 80, 81, 82, 83, 84, 85, 86, 87, 88, 89, 90, 91, 92, 93, 94, 95, 96, 97, 98, 99, 100, 101, 102, 103, 104, 105, 106, 107, 108, 109, 110, 111, 112, 113, 114, 115, 116]
YNEW:[0, 0, 0, 0, 0, 0, 0, 0, 0, 0, 0, 0, 0, 0, 0, 0, 0, 0, 0, 0, 0, 0, 0, 0, 0, 0, 0, 0, 0, 0, 0, 0, 0, 0, 0, 0, 0, 0, 0, 0, 0, 0, 0, 0, 0, 0, 0, 1, 0, 1, 0, 1, 1, 3, 4, 6, 5, 5, 7, 11, 22, 22, 16, 14, 18, 30, 34, 30, 25, 25, 30, 33, 40, 59, 52, 43, 43, 40, 38, 44, 44, 41, 41, 27, 42, 44, 48, 51, 53, 43, 44, 42, 51, 52, 30, 42, 43, 36, 36, 21, 30, 40, 41, 30, 35, 27, 11, 20, 15, 11, 5, 11, 4, 2, 1, 1]
YTOT: [0, 0, 0, 0, 0, 0, 0, 0, 0, 0, 0, 0, 0, 0, 0, 0, 0, 0, 0, 0, 0, 0, 0, 0, 0, 0, 0, 0, 0, 0, 0, 0, 0, 0, 0, 0, 0, 0, 0, 0, 0, 0, 0, 0, 0, 0, 0, 1, 1, 2, 2, 3, 4, 7, 11, 17, 22, 27, 34, 45, 67, 89, 105, 119, 137, 167, 201, 231, 256, 281, 311, 344, 384, 443, 495, 538, 581, 621, 659, 703, 747, 788, 829, 856, 898, 942, 990, 1041, 1094, 1137, 1181, 1223, 1274, 1326, 1356, 1398, 1441, 1477, 1513, 1534, 1564, 1604, 1645, 1675, 1710, 1737, 1748, 1768, 1783, 1794, 1799, 1810, 1814, 1816, 1817, 1818]

INFO: Total Population: 1643700
INFO: R0: 2
INFO: Incubation Period: 5
INFO: Illness Period: 7
X:[0, 1, 2, 3, 4, 5, 6, 7, 8, 9, 10, 11, 12, 13, 14, 15, 16, 17, 18, 19, 20, 21, 22, 23, 24, 25, 26, 27, 28, 29, 30, 31, 32, 33, 34, 35, 36, 37, 38, 39, 40, 41, 42, 43, 44, 45, 46, 47, 48, 49, 50, 51, 52, 53, 54, 55, 56, 57, 58, 59, 60, 61, 62, 63, 64, 65, 66, 67, 68, 69, 70, 71, 72, 73, 74, 75, 76, 77, 78, 79, 80, 81, 82, 83, 84, 85, 86, 87, 88, 89, 90, 91, 92, 93, 94, 95, 96, 97, 98, 99, 100, 101, 102, 103, 104, 105, 106, 107, 108, 109, 110, 111, 112, 113, 114, 115, 116]
YNEW:[0, 0, 0, 0, 0, 0, 0, 0, 0, 0, 0, 0, 0, 0, 0, 0, 0, 0, 0, 0, 0, 0, 0, 0, 0, 0, 0, 0, 0, 0, 0, 0, 0, 0, 0, 0, 0, 0, 0, 0, 0, 0, 0, 0, 0, 0, 0, 1, 0, 1, 0, 1, 1, 3, 4, 6, 5, 5, 7, 11, 22, 22, 16, 14, 18, 30, 34, 30, 25, 25, 30, 33, 40, 59, 52, 43, 43, 40, 38, 44, 44, 41, 41, 27, 42, 44, 48, 51, 53, 43, 44, 42, 51, 52, 36, 41, 39, 37, 28, 32, 47, 40, 38, 29, 23, 29, 20, 16, 16, 7, 10, 11, 6, 5, 4, 1]
YTOT: [0, 0, 0, 0, 0, 0, 0, 0, 0, 0, 0, 0, 0, 0, 0, 0, 0, 0, 0, 0, 0, 0, 0, 0, 0, 0, 0, 0, 0, 0, 0, 0, 0, 0, 0, 0, 0, 0, 0, 0, 0, 0, 0, 0, 0, 0, 0, 1, 1, 2, 2, 3, 4, 7, 11, 17, 22, 27, 34, 45, 67, 89, 105, 119, 137, 167, 201, 231, 256, 281, 311, 344, 384, 443, 495, 538, 581, 621, 659, 703, 747, 788, 829, 856, 898, 942, 990, 1041, 1094, 1137, 1181, 1223, 1274, 1326, 1362, 1403, 1442, 1479, 1507, 1539, 1586, 1626, 1664, 1693, 1716, 1745, 1765, 1781, 1797, 1804, 1814, 1825, 1831, 1836, 1840, 1841]

INFO: Total Population: 1643700
INFO: R0: 2
INFO: Incubation Period: 5
INFO: Illness Period: 7
X:[0, 1, 2, 3, 4, 5, 6, 7, 8, 9, 10, 11, 12, 13, 14, 15, 16, 17, 18, 19, 20, 21, 22, 23, 24, 25, 26, 27, 28, 29, 30, 31, 32, 33, 34, 35, 36, 37, 38, 39, 40, 41, 42, 43, 44, 45, 46, 47, 48, 49, 50, 51, 52, 53, 54, 55, 56, 57, 58, 59, 60, 61, 62, 63, 64, 65, 66, 67, 68, 69, 70, 71, 72, 73, 74, 75, 76, 77, 78, 79, 80, 81, 82, 83, 84, 85, 86, 87, 88, 89, 90, 91, 92, 93, 94, 95, 96, 97, 98, 99, 100, 101, 102, 103, 104, 105, 106, 107, 108, 109, 110, 111, 112, 113, 114, 115]
YNEW:[0, 0, 0, 0, 0, 0, 0, 0, 0, 0, 0, 0, 0, 0, 0, 0, 0, 0, 0, 0, 0, 0, 0, 0, 0, 0, 0, 0, 0, 0, 0, 0, 0, 0, 0, 0, 0, 0, 0, 0, 0, 0, 0, 0, 0, 0, 0, 1, 0, 1, 0, 1, 1, 3, 4, 6, 5, 5, 7, 11, 22, 22, 16, 14, 18, 30, 34, 30, 25, 25, 30, 33, 40, 59, 52, 43, 43, 40, 38, 44, 44, 41, 41, 27, 42, 44, 48, 51, 53, 43, 44, 42, 51, 52, 47, 36, 32, 33, 36, 27, 37, 28, 44, 41, 33, 30, 18, 20, 13, 7, 7, 11, 4, 3, 1]
YTOT: [0, 0, 0, 0, 0, 0, 0, 0, 0, 0, 0, 0, 0, 0, 0, 0, 0, 0, 0, 0, 0, 0, 0, 0, 0, 0, 0, 0, 0, 0, 0, 0, 0, 0, 0, 0, 0, 0, 0, 0, 0, 0, 0, 0, 0, 0, 0, 1, 1, 2, 2, 3, 4, 7, 11, 17, 22, 27, 34, 45, 67, 89, 105, 119, 137, 167, 201, 231, 256, 281, 311, 344, 384, 443, 495, 538, 581, 621, 659, 703, 747, 788, 829, 856, 898, 942, 990, 1041, 1094, 1137, 1181, 1223, 1274, 1326, 1373, 1409, 1441, 1474, 1510, 1537, 1574, 1602, 1646, 1687, 1720, 1750, 1768, 1788, 1801, 1808, 1815, 1826, 1830, 1833, 1834]

INFO: Total Population: 1643700
INFO: R0: 2
INFO: Incubation Period: 5
INFO: Illness Period: 7
X:[0, 1, 2, 3, 4, 5, 6, 7, 8, 9, 10, 11, 12, 13, 14, 15, 16, 17, 18, 19, 20, 21, 22, 23, 24, 25, 26, 27, 28, 29, 30, 31, 32, 33, 34, 35, 36, 37, 38, 39, 40, 41, 42, 43, 44, 45, 46, 47, 48, 49, 50, 51, 52, 53, 54, 55, 56, 57, 58, 59, 60, 61, 62, 63, 64, 65, 66, 67, 68, 69, 70, 71, 72, 73, 74, 75, 76, 77, 78, 79, 80, 81, 82, 83, 84, 85, 86, 87, 88, 89, 90, 91, 92, 93, 94, 95, 96, 97, 98, 99, 100, 101, 102, 103, 104, 105, 106, 107, 108, 109, 110, 111, 112, 113, 114, 115]
YNEW:[0, 0, 0, 0, 0, 0, 0, 0, 0, 0, 0, 0, 0, 0, 0, 0, 0, 0, 0, 0, 0, 0, 0, 0, 0, 0, 0, 0, 0, 0, 0, 0, 0, 0, 0, 0, 0, 0, 0, 0, 0, 0, 0, 0, 0, 0, 0, 1, 0, 1, 0, 1, 1, 3, 4, 6, 5, 5, 7, 11, 22, 22, 16, 14, 18, 30, 34, 30, 25, 25, 30, 33, 40, 59, 52, 43, 43, 40, 38, 44, 44, 41, 41, 27, 42, 44, 48, 51, 53, 43, 44, 42, 51, 52, 51, 35, 32, 31, 28, 24, 38, 42, 26, 26, 29, 37, 28, 16, 12, 13, 6, 3, 4, 3, 1]
YTOT: [0, 0, 0, 0, 0, 0, 0, 0, 0, 0, 0, 0, 0, 0, 0, 0, 0, 0, 0, 0, 0, 0, 0, 0, 0, 0, 0, 0, 0, 0, 0, 0, 0, 0, 0, 0, 0, 0, 0, 0, 0, 0, 0, 0, 0, 0, 0, 1, 1, 2, 2, 3, 4, 7, 11, 17, 22, 27, 34, 45, 67, 89, 105, 119, 137, 167, 201, 231, 256, 281, 311, 344, 384, 443, 495, 538, 581, 621, 659, 703, 747, 788, 829, 856, 898, 942, 990, 1041, 1094, 1137, 1181, 1223, 1274, 1326, 1377, 1412, 1444, 1475, 1503, 1527, 1565, 1607, 1633, 1659, 1688, 1725, 1753, 1769, 1781, 1794, 1800, 1803, 1807, 1810, 1811]

INFO: Total Population: 1643700
INFO: R0: 2
INFO: Incubation Period: 5
INFO: Illness Period: 7
X:[0, 1, 2, 3, 4, 5, 6, 7, 8, 9, 10, 11, 12, 13, 14, 15, 16, 17, 18, 19, 20, 21, 22, 23, 24, 25, 26, 27, 28, 29, 30, 31, 32, 33, 34, 35, 36, 37, 38, 39, 40, 41, 42, 43, 44, 45, 46, 47, 48, 49, 50, 51, 52, 53, 54, 55, 56, 57, 58, 59, 60, 61, 62, 63, 64, 65, 66, 67, 68, 69, 70, 71, 72, 73, 74, 75, 76, 77, 78, 79, 80, 81, 82, 83, 84, 85, 86, 87, 88, 89, 90, 91, 92, 93, 94, 95, 96, 97, 98, 99, 100, 101, 102, 103, 104, 105, 106, 107, 108, 109, 110, 111, 112, 113, 114, 115]
YNEW:[0, 0, 0, 0, 0, 0, 0, 0, 0, 0, 0, 0, 0, 0, 0, 0, 0, 0, 0, 0, 0, 0, 0, 0, 0, 0, 0, 0, 0, 0, 0, 0, 0, 0, 0, 0, 0, 0, 0, 0, 0, 0, 0, 0, 0, 0, 0, 1, 0, 1, 0, 1, 1, 3, 4, 6, 5, 5, 7, 11, 22, 22, 16, 14, 18, 30, 34, 30, 25, 25, 30, 33, 40, 59, 52, 43, 43, 40, 38, 44, 44, 41, 41, 27, 42, 44, 48, 51, 53, 43, 44, 42, 51, 52, 42, 50, 31, 39, 27, 37, 35, 39, 32, 40, 36, 31, 26, 13, 15, 16, 9, 10, 6, 1, 1]
YTOT: [0, 0, 0, 0, 0, 0, 0, 0, 0, 0, 0, 0, 0, 0, 0, 0, 0, 0, 0, 0, 0, 0, 0, 0, 0, 0, 0, 0, 0, 0, 0, 0, 0, 0, 0, 0, 0, 0, 0, 0, 0, 0, 0, 0, 0, 0, 0, 1, 1, 2, 2, 3, 4, 7, 11, 17, 22, 27, 34, 45, 67, 89, 105, 119, 137, 167, 201, 231, 256, 281, 311, 344, 384, 443, 495, 538, 581, 621, 659, 703, 747, 788, 829, 856, 898, 942, 990, 1041, 1094, 1137, 1181, 1223, 1274, 1326, 1368, 1418, 1449, 1488, 1515, 1552, 1587, 1626, 1658, 1698, 1734, 1765, 1791, 1804, 1819, 1835, 1844, 1854, 1860, 1861, 1862]

INFO: Total Population: 1643700
INFO: R0: 2
INFO: Incubation Period: 5
INFO: Illness Period: 7
X:[0, 1, 2, 3, 4, 5, 6, 7, 8, 9, 10, 11, 12, 13, 14, 15, 16, 17, 18, 19, 20, 21, 22, 23, 24, 25, 26, 27, 28, 29, 30, 31, 32, 33, 34, 35, 36, 37, 38, 39, 40, 41, 42, 43, 44, 45, 46, 47, 48, 49, 50, 51, 52, 53, 54, 55, 56, 57, 58, 59, 60, 61, 62, 63, 64, 65, 66, 67, 68, 69, 70, 71, 72, 73, 74, 75, 76, 77, 78, 79, 80, 81, 82, 83, 84, 85, 86, 87, 88, 89, 90, 91, 92, 93, 94, 95, 96, 97, 98, 99, 100, 101, 102, 103, 104, 105, 106, 107, 108, 109, 110, 111, 112, 113, 114, 115]
YNEW:[0, 0, 0, 0, 0, 0, 0, 0, 0, 0, 0, 0, 0, 0, 0, 0, 0, 0, 0, 0, 0, 0, 0, 0, 0, 0, 0, 0, 0, 0, 0, 0, 0, 0, 0, 0, 0, 0, 0, 0, 0, 0, 0, 0, 0, 0, 0, 1, 0, 1, 0, 1, 1, 3, 4, 6, 5, 5, 7, 11, 22, 22, 16, 14, 18, 30, 34, 30, 25, 25, 30, 33, 40, 59, 52, 43, 43, 40, 38, 44, 44, 41, 41, 27, 42, 44, 48, 51, 53, 43, 44, 42, 51, 52, 47, 31, 40, 22, 41, 29, 39, 37, 36, 44, 44, 28, 18, 21, 11, 9, 4, 3, 6, 3, 3]
YTOT: [0, 0, 0, 0, 0, 0, 0, 0, 0, 0, 0, 0, 0, 0, 0, 0, 0, 0, 0, 0, 0, 0, 0, 0, 0, 0, 0, 0, 0, 0, 0, 0, 0, 0, 0, 0, 0, 0, 0, 0, 0, 0, 0, 0, 0, 0, 0, 1, 1, 2, 2, 3, 4, 7, 11, 17, 22, 27, 34, 45, 67, 89, 105, 119, 137, 167, 201, 231, 256, 281, 311, 344, 384, 443, 495, 538, 581, 621, 659, 703, 747, 788, 829, 856, 898, 942, 990, 1041, 1094, 1137, 1181, 1223, 1274, 1326, 1373, 1404, 1444, 1466, 1507, 1536, 1575, 1612, 1648, 1692, 1736, 1764, 1782, 1803, 1814, 1823, 1827, 1830, 1836, 1839, 1842]

INFO: Total Population: 1643700
INFO: R0: 2
INFO: Incubation Period: 5
INFO: Illness Period: 7
X:[0, 1, 2, 3, 4, 5, 6, 7, 8, 9, 10, 11, 12, 13, 14, 15, 16, 17, 18, 19, 20, 21, 22, 23, 24, 25, 26, 27, 28, 29, 30, 31, 32, 33, 34, 35, 36, 37, 38, 39, 40, 41, 42, 43, 44, 45, 46, 47, 48, 49, 50, 51, 52, 53, 54, 55, 56, 57, 58, 59, 60, 61, 62, 63, 64, 65, 66, 67, 68, 69, 70, 71, 72, 73, 74, 75, 76, 77, 78, 79, 80, 81, 82, 83, 84, 85, 86, 87, 88, 89, 90, 91, 92, 93, 94, 95, 96, 97, 98, 99, 100, 101, 102, 103, 104, 105, 106, 107, 108, 109, 110, 111, 112, 113, 114, 115]
YNEW:[0, 0, 0, 0, 0, 0, 0, 0, 0, 0, 0, 0, 0, 0, 0, 0, 0, 0, 0, 0, 0, 0, 0, 0, 0, 0, 0, 0, 0, 0, 0, 0, 0, 0, 0, 0, 0, 0, 0, 0, 0, 0, 0, 0, 0, 0, 0, 1, 0, 1, 0, 1, 1, 3, 4, 6, 5, 5, 7, 11, 22, 22, 16, 14, 18, 30, 34, 30, 25, 25, 30, 33, 40, 59, 52, 43, 43, 40, 38, 44, 44, 41, 41, 27, 42, 44, 48, 51, 53, 43, 44, 42, 51, 52, 42, 50, 42, 28, 20, 36, 38, 36, 45, 24, 40, 19, 23, 19, 18, 6, 17, 4, 7, 5, 4]
YTOT: [0, 0, 0, 0, 0, 0, 0, 0, 0, 0, 0, 0, 0, 0, 0, 0, 0, 0, 0, 0, 0, 0, 0, 0, 0, 0, 0, 0, 0, 0, 0, 0, 0, 0, 0, 0, 0, 0, 0, 0, 0, 0, 0, 0, 0, 0, 0, 1, 1, 2, 2, 3, 4, 7, 11, 17, 22, 27, 34, 45, 67, 89, 105, 119, 137, 167, 201, 231, 256, 281, 311, 344, 384, 443, 495, 538, 581, 621, 659, 703, 747, 788, 829, 856, 898, 942, 990, 1041, 1094, 1137, 1181, 1223, 1274, 1326, 1368, 1418, 1460, 1488, 1508, 1544, 1582, 1618, 1663, 1687, 1727, 1746, 1769, 1788, 1806, 1812, 1829, 1833, 1840, 1845, 1849]

INFO: Total Population: 1643700
INFO: R0: 2
INFO: Incubation Period: 5
INFO: Illness Period: 7
X:[0, 1, 2, 3, 4, 5, 6, 7, 8, 9, 10, 11, 12, 13, 14, 15, 16, 17, 18, 19, 20, 21, 22, 23, 24, 25, 26, 27, 28, 29, 30, 31, 32, 33, 34, 35, 36, 37, 38, 39, 40, 41, 42, 43, 44, 45, 46, 47, 48, 49, 50, 51, 52, 53, 54, 55, 56, 57, 58, 59, 60, 61, 62, 63, 64, 65, 66, 67, 68, 69, 70, 71, 72, 73, 74, 75, 76, 77, 78, 79, 80, 81, 82, 83, 84, 85, 86, 87, 88, 89, 90, 91, 92, 93, 94, 95, 96, 97, 98, 99, 100, 101, 102, 103, 104, 105, 106, 107, 108, 109, 110, 111, 112, 113, 114, 115, 116]
YNEW:[0, 0, 0, 0, 0, 0, 0, 0, 0, 0, 0, 0, 0, 0, 0, 0, 0, 0, 0, 0, 0, 0, 0, 0, 0, 0, 0, 0, 0, 0, 0, 0, 0, 0, 0, 0, 0, 0, 0, 0, 0, 0, 0, 0, 0, 0, 0, 1, 0, 1, 0, 1, 1, 3, 4, 6, 5, 5, 7, 11, 22, 22, 16, 14, 18, 30, 34, 30, 25, 25, 30, 33, 40, 59, 52, 43, 43, 40, 38, 44, 44, 41, 41, 27, 42, 44, 48, 51, 53, 43, 44, 42, 51, 52, 35, 37, 46, 32, 33, 20, 30, 42, 40, 38, 35, 24, 17, 14, 12, 10, 12, 8, 4, 4, 3, 1]
YTOT: [0, 0, 0, 0, 0, 0, 0, 0, 0, 0, 0, 0, 0, 0, 0, 0, 0, 0, 0, 0, 0, 0, 0, 0, 0, 0, 0, 0, 0, 0, 0, 0, 0, 0, 0, 0, 0, 0, 0, 0, 0, 0, 0, 0, 0, 0, 0, 1, 1, 2, 2, 3, 4, 7, 11, 17, 22, 27, 34, 45, 67, 89, 105, 119, 137, 167, 201, 231, 256, 281, 311, 344, 384, 443, 495, 538, 581, 621, 659, 703, 747, 788, 829, 856, 898, 942, 990, 1041, 1094, 1137, 1181, 1223, 1274, 1326, 1361, 1398, 1444, 1476, 1509, 1529, 1559, 1601, 1641, 1679, 1714, 1738, 1755, 1769, 1781, 1791, 1803, 1811, 1815, 1819, 1822, 1823]

INFO: Total Population: 1643700
INFO: R0: 2
INFO: Incubation Period: 5
INFO: Illness Period: 7
X:[0, 1, 2, 3, 4, 5, 6, 7, 8, 9, 10, 11, 12, 13, 14, 15, 16, 17, 18, 19, 20, 21, 22, 23, 24, 25, 26, 27, 28, 29, 30, 31, 32, 33, 34, 35, 36, 37, 38, 39, 40, 41, 42, 43, 44, 45, 46, 47, 48, 49, 50, 51, 52, 53, 54, 55, 56, 57, 58, 59, 60, 61, 62, 63, 64, 65, 66, 67, 68, 69, 70, 71, 72, 73, 74, 75, 76, 77, 78, 79, 80, 81, 82, 83, 84, 85, 86, 87, 88, 89, 90, 91, 92, 93, 94, 95, 96, 97, 98, 99, 100, 101, 102, 103, 104, 105, 106, 107, 108, 109, 110, 111, 112, 113, 114, 115, 116]
YNEW:[0, 0, 0, 0, 0, 0, 0, 0, 0, 0, 0, 0, 0, 0, 0, 0, 0, 0, 0, 0, 0, 0, 0, 0, 0, 0, 0, 0, 0, 0, 0, 0, 0, 0, 0, 0, 0, 0, 0, 0, 0, 0, 0, 0, 0, 0, 0, 1, 0, 1, 0, 1, 1, 3, 4, 6, 5, 5, 7, 11, 22, 22, 16, 14, 18, 30, 34, 30, 25, 25, 30, 33, 40, 59, 52, 43, 43, 40, 38, 44, 44, 41, 41, 27, 42, 44, 48, 51, 53, 43, 44, 42, 51, 52, 40, 27, 42, 35, 38, 30, 42, 43, 26, 34, 30, 25, 17, 17, 16, 10, 15, 8, 1, 3, 1, 1]
YTOT: [0, 0, 0, 0, 0, 0, 0, 0, 0, 0, 0, 0, 0, 0, 0, 0, 0, 0, 0, 0, 0, 0, 0, 0, 0, 0, 0, 0, 0, 0, 0, 0, 0, 0, 0, 0, 0, 0, 0, 0, 0, 0, 0, 0, 0, 0, 0, 1, 1, 2, 2, 3, 4, 7, 11, 17, 22, 27, 34, 45, 67, 89, 105, 119, 137, 167, 201, 231, 256, 281, 311, 344, 384, 443, 495, 538, 581, 621, 659, 703, 747, 788, 829, 856, 898, 942, 990, 1041, 1094, 1137, 1181, 1223, 1274, 1326, 1366, 1393, 1435, 1470, 1508, 1538, 1580, 1623, 1649, 1683, 1713, 1738, 1755, 1772, 1788, 1798, 1813, 1821, 1822, 1825, 1826, 1827]

INFO: Total Population: 1643700
INFO: R0: 2
INFO: Incubation Period: 5
INFO: Illness Period: 7
X:[0, 1, 2, 3, 4, 5, 6, 7, 8, 9, 10, 11, 12, 13, 14, 15, 16, 17, 18, 19, 20, 21, 22, 23, 24, 25, 26, 27, 28, 29, 30, 31, 32, 33, 34, 35, 36, 37, 38, 39, 40, 41, 42, 43, 44, 45, 46, 47, 48, 49, 50, 51, 52, 53, 54, 55, 56, 57, 58, 59, 60, 61, 62, 63, 64, 65, 66, 67, 68, 69, 70, 71, 72, 73, 74, 75, 76, 77, 78, 79, 80, 81, 82, 83, 84, 85, 86, 87, 88, 89, 90, 91, 92, 93, 94, 95, 96, 97, 98, 99, 100, 101, 102, 103, 104, 105, 106, 107, 108, 109, 110, 111, 112, 113, 114, 115, 116]
YNEW:[0, 0, 0, 0, 0, 0, 0, 0, 0, 0, 0, 0, 0, 0, 0, 0, 0, 0, 0, 0, 0, 0, 0, 0, 0, 0, 0, 0, 0, 0, 0, 0, 0, 0, 0, 0, 0, 0, 0, 0, 0, 0, 0, 0, 0, 0, 0, 1, 0, 1, 0, 1, 1, 3, 4, 6, 5, 5, 7, 11, 22, 22, 16, 14, 18, 30, 34, 30, 25, 25, 30, 33, 40, 59, 52, 43, 43, 40, 38, 44, 44, 41, 41, 27, 42, 44, 48, 51, 53, 43, 44, 42, 51, 52, 38, 51, 39, 30, 27, 34, 38, 39, 43, 33, 31, 27, 13, 18, 17, 6, 14, 9, 7, 1, 4, 2]
YTOT: [0, 0, 0, 0, 0, 0, 0, 0, 0, 0, 0, 0, 0, 0, 0, 0, 0, 0, 0, 0, 0, 0, 0, 0, 0, 0, 0, 0, 0, 0, 0, 0, 0, 0, 0, 0, 0, 0, 0, 0, 0, 0, 0, 0, 0, 0, 0, 1, 1, 2, 2, 3, 4, 7, 11, 17, 22, 27, 34, 45, 67, 89, 105, 119, 137, 167, 201, 231, 256, 281, 311, 344, 384, 443, 495, 538, 581, 621, 659, 703, 747, 788, 829, 856, 898, 942, 990, 1041, 1094, 1137, 1181, 1223, 1274, 1326, 1364, 1415, 1454, 1484, 1511, 1545, 1583, 1622, 1665, 1698, 1729, 1756, 1769, 1787, 1804, 1810, 1824, 1833, 1840, 1841, 1845, 1847]

INFO: Total Population: 1643700
INFO: R0: 2
INFO: Incubation Period: 5
INFO: Illness Period: 7
X:[0, 1, 2, 3, 4, 5, 6, 7, 8, 9, 10, 11, 12, 13, 14, 15, 16, 17, 18, 19, 20, 21, 22, 23, 24, 25, 26, 27, 28, 29, 30, 31, 32, 33, 34, 35, 36, 37, 38, 39, 40, 41, 42, 43, 44, 45, 46, 47, 48, 49, 50, 51, 52, 53, 54, 55, 56, 57, 58, 59, 60, 61, 62, 63, 64, 65, 66, 67, 68, 69, 70, 71, 72, 73, 74, 75, 76, 77, 78, 79, 80, 81, 82, 83, 84, 85, 86, 87, 88, 89, 90, 91, 92, 93, 94, 95, 96, 97, 98, 99, 100, 101, 102, 103, 104, 105, 106, 107, 108, 109, 110, 111, 112, 113, 114, 115, 116]
YNEW:[0, 0, 0, 0, 0, 0, 0, 0, 0, 0, 0, 0, 0, 0, 0, 0, 0, 0, 0, 0, 0, 0, 0, 0, 0, 0, 0, 0, 0, 0, 0, 0, 0, 0, 0, 0, 0, 0, 0, 0, 0, 0, 0, 0, 0, 0, 0, 1, 0, 1, 0, 1, 1, 3, 4, 6, 5, 5, 7, 11, 22, 22, 16, 14, 18, 30, 34, 30, 25, 25, 30, 33, 40, 59, 52, 43, 43, 40, 38, 44, 44, 41, 41, 27, 42, 44, 48, 51, 53, 43, 44, 42, 51, 52, 31, 38, 31, 27, 31, 38, 44, 32, 37, 45, 29, 21, 17, 12, 12, 8, 11, 5, 5, 5, 4, 1]
YTOT: [0, 0, 0, 0, 0, 0, 0, 0, 0, 0, 0, 0, 0, 0, 0, 0, 0, 0, 0, 0, 0, 0, 0, 0, 0, 0, 0, 0, 0, 0, 0, 0, 0, 0, 0, 0, 0, 0, 0, 0, 0, 0, 0, 0, 0, 0, 0, 1, 1, 2, 2, 3, 4, 7, 11, 17, 22, 27, 34, 45, 67, 89, 105, 119, 137, 167, 201, 231, 256, 281, 311, 344, 384, 443, 495, 538, 581, 621, 659, 703, 747, 788, 829, 856, 898, 942, 990, 1041, 1094, 1137, 1181, 1223, 1274, 1326, 1357, 1395, 1426, 1453, 1484, 1522, 1566, 1598, 1635, 1680, 1709, 1730, 1747, 1759, 1771, 1779, 1790, 1795, 1800, 1805, 1809, 1810]

INFO: Total Population: 1643700
INFO: R0: 2
INFO: Incubation Period: 5
INFO: Illness Period: 7
X:[0, 1, 2, 3, 4, 5, 6, 7, 8, 9, 10, 11, 12, 13, 14, 15, 16, 17, 18, 19, 20, 21, 22, 23, 24, 25, 26, 27, 28, 29, 30, 31, 32, 33, 34, 35, 36, 37, 38, 39, 40, 41, 42, 43, 44, 45, 46, 47, 48, 49, 50, 51, 52, 53, 54, 55, 56, 57, 58, 59, 60, 61, 62, 63, 64, 65, 66, 67, 68, 69, 70, 71, 72, 73, 74, 75, 76, 77, 78, 79, 80, 81, 82, 83, 84, 85, 86, 87, 88, 89, 90, 91, 92, 93, 94, 95, 96, 97, 98, 99, 100, 101, 102, 103, 104, 105, 106, 107, 108, 109, 110, 111, 112, 113, 114, 115, 116]
YNEW:[0, 0, 0, 0, 0, 0, 0, 0, 0, 0, 0, 0, 0, 0, 0, 0, 0, 0, 0, 0, 0, 0, 0, 0, 0, 0, 0, 0, 0, 0, 0, 0, 0, 0, 0, 0, 0, 0, 0, 0, 0, 0, 0, 0, 0, 0, 0, 1, 0, 1, 0, 1, 1, 3, 4, 6, 5, 5, 7, 11, 22, 22, 16, 14, 18, 30, 34, 30, 25, 25, 30, 33, 40, 59, 52, 43, 43, 40, 38, 44, 44, 41, 41, 27, 42, 44, 48, 51, 53, 43, 44, 42, 51, 52, 39, 41, 34, 31, 36, 36, 37, 40, 37, 31, 30, 31, 20, 16, 11, 11, 6, 5, 9, 3, 3, 1]
YTOT: [0, 0, 0, 0, 0, 0, 0, 0, 0, 0, 0, 0, 0, 0, 0, 0, 0, 0, 0, 0, 0, 0, 0, 0, 0, 0, 0, 0, 0, 0, 0, 0, 0, 0, 0, 0, 0, 0, 0, 0, 0, 0, 0, 0, 0, 0, 0, 1, 1, 2, 2, 3, 4, 7, 11, 17, 22, 27, 34, 45, 67, 89, 105, 119, 137, 167, 201, 231, 256, 281, 311, 344, 384, 443, 495, 538, 581, 621, 659, 703, 747, 788, 829, 856, 898, 942, 990, 1041, 1094, 1137, 1181, 1223, 1274, 1326, 1365, 1406, 1440, 1471, 1507, 1543, 1580, 1620, 1657, 1688, 1718, 1749, 1769, 1785, 1796, 1807, 1813, 1818, 1827, 1830, 1833, 1834]

END