

INFO: Total Population: 105025
INFO: R0: 2
INFO: Incubation Period: 5
INFO: Illness Period: 12
X:[0, 1, 2, 3, 4, 5, 6, 7, 8, 9, 10, 11, 12, 13, 14, 15, 16, 17, 18, 19, 20, 21, 22, 23, 24, 25, 26, 27, 28, 29, 30, 31, 32, 33, 34, 35, 36, 37, 38, 39, 40, 41, 42, 43, 44, 45, 46, 47, 48]
YNEW:[8, 0, 6, 6, 3, 6, 4, 6, 12, 14, 13, 13, 12, 9, 14, 16, 13, 19, 28, 31, 23, 26, 43, 52, 49, 52, 40, 32, 22, 23, 19, 14, 14, 22, 17, 13, 24, 20, 15, 19, 11, 10, 14, 9, 6, 4, 7, 3]
YTOT: [8, 8, 14, 20, 23, 29, 33, 39, 51, 65, 78, 91, 103, 112, 126, 142, 155, 174, 202, 233, 256, 282, 325, 377, 426, 478, 518, 550, 572, 595, 614, 628, 642, 664, 681, 694, 718, 738, 753, 772, 783, 793, 807, 816, 822, 826, 833, 836]

INFO: Total Population: 105025
INFO: R0: 2
INFO: Incubation Period: 5
INFO: Illness Period: 12
X:[0, 1, 2, 3, 4, 5, 6, 7, 8, 9, 10, 11, 12, 13, 14, 15, 16, 17, 18, 19, 20, 21, 22, 23, 24, 25, 26, 27, 28, 29, 30, 31, 32, 33, 34, 35, 36, 37, 38, 39, 40, 41, 42, 43, 44, 45, 46, 47, 48, 49]
YNEW:[8, 0, 6, 6, 3, 6, 4, 6, 12, 14, 13, 13, 12, 9, 14, 16, 13, 19, 28, 31, 23, 26, 43, 52, 49, 52, 40, 32, 22, 23, 19, 14, 14, 22, 17, 13, 24, 18, 24, 13, 13, 6, 10, 6, 7, 9, 2, 3, 1]
YTOT: [8, 8, 14, 20, 23, 29, 33, 39, 51, 65, 78, 91, 103, 112, 126, 142, 155, 174, 202, 233, 256, 282, 325, 377, 426, 478, 518, 550, 572, 595, 614, 628, 642, 664, 681, 694, 718, 736, 760, 773, 786, 792, 802, 808, 815, 824, 826, 829, 830]

INFO: Total Population: 105025
INFO: R0: 2
INFO: Incubation Period: 5
INFO: Illness Period: 12
X:[0, 1, 2, 3, 4, 5, 6, 7, 8, 9, 10, 11, 12, 13, 14, 15, 16, 17, 18, 19, 20, 21, 22, 23, 24, 25, 26, 27, 28, 29, 30, 31, 32, 33, 34, 35, 36, 37, 38, 39, 40, 41, 42, 43, 44, 45, 46, 47, 48, 49]
YNEW:[8, 0, 6, 6, 3, 6, 4, 6, 12, 14, 13, 13, 12, 9, 14, 16, 13, 19, 28, 31, 23, 26, 43, 52, 49, 52, 40, 32, 22, 23, 19, 14, 14, 22, 17, 13, 24, 23, 21, 14, 17, 11, 9, 6, 9, 6, 5, 1, 1]
YTOT: [8, 8, 14, 20, 23, 29, 33, 39, 51, 65, 78, 91, 103, 112, 126, 142, 155, 174, 202, 233, 256, 282, 325, 377, 426, 478, 518, 550, 572, 595, 614, 628, 642, 664, 681, 694, 718, 741, 762, 776, 793, 804, 813, 819, 828, 834, 839, 840, 841]

INFO: Total Population: 105025
INFO: R0: 2
INFO: Incubation Period: 5
INFO: Illness Period: 12
X:[0, 1, 2, 3, 4, 5, 6, 7, 8, 9, 10, 11, 12, 13, 14, 15, 16, 17, 18, 19, 20, 21, 22, 23, 24, 25, 26, 27, 28, 29, 30, 31, 32, 33, 34, 35, 36, 37, 38, 39, 40, 41, 42, 43, 44, 45, 46, 47, 48, 49]
YNEW:[8, 0, 6, 6, 3, 6, 4, 6, 12, 14, 13, 13, 12, 9, 14, 16, 13, 19, 28, 31, 23, 26, 43, 52, 49, 52, 40, 32, 22, 23, 19, 14, 14, 22, 17, 13, 24, 18, 22, 12, 14, 9, 10, 8, 5, 10, 6, 4, 2]
YTOT: [8, 8, 14, 20, 23, 29, 33, 39, 51, 65, 78, 91, 103, 112, 126, 142, 155, 174, 202, 233, 256, 282, 325, 377, 426, 478, 518, 550, 572, 595, 614, 628, 642, 664, 681, 694, 718, 736, 758, 770, 784, 793, 803, 811, 816, 826, 832, 836, 838]

INFO: Total Population: 105025
INFO: R0: 2
INFO: Incubation Period: 5
INFO: Illness Period: 12
X:[0, 1, 2, 3, 4, 5, 6, 7, 8, 9, 10, 11, 12, 13, 14, 15, 16, 17, 18, 19, 20, 21, 22, 23, 24, 25, 26, 27, 28, 29, 30, 31, 32, 33, 34, 35, 36, 37, 38, 39, 40, 41, 42, 43, 44, 45, 46, 47, 48, 49]
YNEW:[8, 0, 6, 6, 3, 6, 4, 6, 12, 14, 13, 13, 12, 9, 14, 16, 13, 19, 28, 31, 23, 26, 43, 52, 49, 52, 40, 32, 22, 23, 19, 14, 14, 22, 17, 13, 24, 23, 28, 12, 12, 12, 9, 9, 9, 6, 5, 5, 1]
YTOT: [8, 8, 14, 20, 23, 29, 33, 39, 51, 65, 78, 91, 103, 112, 126, 142, 155, 174, 202, 233, 256, 282, 325, 377, 426, 478, 518, 550, 572, 595, 614, 628, 642, 664, 681, 694, 718, 741, 769, 781, 793, 805, 814, 823, 832, 838, 843, 848, 849]

INFO: Total Population: 105025
INFO: R0: 2
INFO: Incubation Period: 5
INFO: Illness Period: 12
X:[0, 1, 2, 3, 4, 5, 6, 7, 8, 9, 10, 11, 12, 13, 14, 15, 16, 17, 18, 19, 20, 21, 22, 23, 24, 25, 26, 27, 28, 29, 30, 31, 32, 33, 34, 35, 36, 37, 38, 39, 40, 41, 42, 43, 44, 45, 46, 47, 48, 49]
YNEW:[8, 0, 6, 6, 3, 6, 4, 6, 12, 14, 13, 13, 12, 9, 14, 16, 13, 19, 28, 31, 23, 26, 43, 52, 49, 52, 40, 32, 22, 23, 19, 14, 14, 22, 17, 13, 24, 15, 18, 14, 11, 14, 16, 7, 10, 8, 2, 2, 1]
YTOT: [8, 8, 14, 20, 23, 29, 33, 39, 51, 65, 78, 91, 103, 112, 126, 142, 155, 174, 202, 233, 256, 282, 325, 377, 426, 478, 518, 550, 572, 595, 614, 628, 642, 664, 681, 694, 718, 733, 751, 765, 776, 790, 806, 813, 823, 831, 833, 835, 836]

INFO: Total Population: 105025
INFO: R0: 2
INFO: Incubation Period: 5
INFO: Illness Period: 12
X:[0, 1, 2, 3, 4, 5, 6, 7, 8, 9, 10, 11, 12, 13, 14, 15, 16, 17, 18, 19, 20, 21, 22, 23, 24, 25, 26, 27, 28, 29, 30, 31, 32, 33, 34, 35, 36, 37, 38, 39, 40, 41, 42, 43, 44, 45, 46, 47, 48, 49]
YNEW:[8, 0, 6, 6, 3, 6, 4, 6, 12, 14, 13, 13, 12, 9, 14, 16, 13, 19, 28, 31, 23, 26, 43, 52, 49, 52, 40, 32, 22, 23, 19, 14, 14, 22, 17, 13, 24, 16, 23, 18, 16, 8, 10, 10, 4, 6, 5, 5, 1]
YTOT: [8, 8, 14, 20, 23, 29, 33, 39, 51, 65, 78, 91, 103, 112, 126, 142, 155, 174, 202, 233, 256, 282, 325, 377, 426, 478, 518, 550, 572, 595, 614, 628, 642, 664, 681, 694, 718, 734, 757, 775, 791, 799, 809, 819, 823, 829, 834, 839, 840]

INFO: Total Population: 105025
INFO: R0: 2
INFO: Incubation Period: 5
INFO: Illness Period: 12
X:[0, 1, 2, 3, 4, 5, 6, 7, 8, 9, 10, 11, 12, 13, 14, 15, 16, 17, 18, 19, 20, 21, 22, 23, 24, 25, 26, 27, 28, 29, 30, 31, 32, 33, 34, 35, 36, 37, 38, 39, 40, 41, 42, 43, 44, 45, 46, 47, 48, 49]
YNEW:[8, 0, 6, 6, 3, 6, 4, 6, 12, 14, 13, 13, 12, 9, 14, 16, 13, 19, 28, 31, 23, 26, 43, 52, 49, 52, 40, 32, 22, 23, 19, 14, 14, 22, 17, 13, 24, 22, 19, 15, 12, 13, 8, 3, 11, 7, 3, 4, 3]
YTOT: [8, 8, 14, 20, 23, 29, 33, 39, 51, 65, 78, 91, 103, 112, 126, 142, 155, 174, 202, 233, 256, 282, 325, 377, 426, 478, 518, 550, 572, 595, 614, 628, 642, 664, 681, 694, 718, 740, 759, 774, 786, 799, 807, 810, 821, 828, 831, 835, 838]

INFO: Total Population: 105025
INFO: R0: 2
INFO: Incubation Period: 5
INFO: Illness Period: 12
X:[0, 1, 2, 3, 4, 5, 6, 7, 8, 9, 10, 11, 12, 13, 14, 15, 16, 17, 18, 19, 20, 21, 22, 23, 24, 25, 26, 27, 28, 29, 30, 31, 32, 33, 34, 35, 36, 37, 38, 39, 40, 41, 42, 43, 44, 45, 46, 47, 48, 49]
YNEW:[8, 0, 6, 6, 3, 6, 4, 6, 12, 14, 13, 13, 12, 9, 14, 16, 13, 19, 28, 31, 23, 26, 43, 52, 49, 52, 40, 32, 22, 23, 19, 14, 14, 22, 17, 13, 24, 18, 21, 15, 14, 10, 10, 6, 14, 4, 7, 5, 1]
YTOT: [8, 8, 14, 20, 23, 29, 33, 39, 51, 65, 78, 91, 103, 112, 126, 142, 155, 174, 202, 233, 256, 282, 325, 377, 426, 478, 518, 550, 572, 595, 614, 628, 642, 664, 681, 694, 718, 736, 757, 772, 786, 796, 806, 812, 826, 830, 837, 842, 843]

INFO: Total Population: 105025
INFO: R0: 2
INFO: Incubation Period: 5
INFO: Illness Period: 12
X:[0, 1, 2, 3, 4, 5, 6, 7, 8, 9, 10, 11, 12, 13, 14, 15, 16, 17, 18, 19, 20, 21, 22, 23, 24, 25, 26, 27, 28, 29, 30, 31, 32, 33, 34, 35, 36, 37, 38, 39, 40, 41, 42, 43, 44, 45, 46, 47, 48, 49]
YNEW:[8, 0, 6, 6, 3, 6, 4, 6, 12, 14, 13, 13, 12, 9, 14, 16, 13, 19, 28, 31, 23, 26, 43, 52, 49, 52, 40, 32, 22, 23, 19, 14, 14, 22, 17, 13, 24, 20, 10, 20, 13, 12, 12, 9, 9, 8, 4, 5, 1]
YTOT: [8, 8, 14, 20, 23, 29, 33, 39, 51, 65, 78, 91, 103, 112, 126, 142, 155, 174, 202, 233, 256, 282, 325, 377, 426, 478, 518, 550, 572, 595, 614, 628, 642, 664, 681, 694, 718, 738, 748, 768, 781, 793, 805, 814, 823, 831, 835, 840, 841]

INFO: Total Population: 105025
INFO: R0: 2
INFO: Incubation Period: 5
INFO: Illness Period: 12
X:[0, 1, 2, 3, 4, 5, 6, 7, 8, 9, 10, 11, 12, 13, 14, 15, 16, 17, 18, 19, 20, 21, 22, 23, 24, 25, 26, 27, 28, 29, 30, 31, 32, 33, 34, 35, 36, 37, 38, 39, 40, 41, 42, 43, 44, 45, 46, 47, 48, 49, 50]
YNEW:[8, 0, 6, 6, 3, 6, 4, 6, 12, 14, 13, 13, 12, 9, 14, 16, 13, 19, 28, 31, 23, 26, 43, 52, 49, 52, 40, 32, 22, 23, 19, 14, 14, 22, 17, 13, 24, 30, 21, 14, 20, 8, 10, 9, 8, 9, 2, 2, 2, 1]
YTOT: [8, 8, 14, 20, 23, 29, 33, 39, 51, 65, 78, 91, 103, 112, 126, 142, 155, 174, 202, 233, 256, 282, 325, 377, 426, 478, 518, 550, 572, 595, 614, 628, 642, 664, 681, 694, 718, 748, 769, 783, 803, 811, 821, 830, 838, 847, 849, 851, 853, 854]

INFO: Total Population: 105025
INFO: R0: 2
INFO: Incubation Period: 5
INFO: Illness Period: 12
X:[0, 1, 2, 3, 4, 5, 6, 7, 8, 9, 10, 11, 12, 13, 14, 15, 16, 17, 18, 19, 20, 21, 22, 23, 24, 25, 26, 27, 28, 29, 30, 31, 32, 33, 34, 35, 36, 37, 38, 39, 40, 41, 42, 43, 44, 45, 46, 47, 48, 49]
YNEW:[8, 0, 6, 6, 3, 6, 4, 6, 12, 14, 13, 13, 12, 9, 14, 16, 13, 19, 28, 31, 23, 26, 43, 52, 49, 52, 40, 32, 22, 23, 19, 14, 14, 22, 17, 13, 24, 22, 24, 8, 16, 11, 13, 9, 5, 7, 7, 2, 3]
YTOT: [8, 8, 14, 20, 23, 29, 33, 39, 51, 65, 78, 91, 103, 112, 126, 142, 155, 174, 202, 233, 256, 282, 325, 377, 426, 478, 518, 550, 572, 595, 614, 628, 642, 664, 681, 694, 718, 740, 764, 772, 788, 799, 812, 821, 826, 833, 840, 842, 845]

INFO: Total Population: 105025
INFO: R0: 2
INFO: Incubation Period: 5
INFO: Illness Period: 12
X:[0, 1, 2, 3, 4, 5, 6, 7, 8, 9, 10, 11, 12, 13, 14, 15, 16, 17, 18, 19, 20, 21, 22, 23, 24, 25, 26, 27, 28, 29, 30, 31, 32, 33, 34, 35, 36, 37, 38, 39, 40, 41, 42, 43, 44, 45, 46, 47, 48, 49]
YNEW:[8, 0, 6, 6, 3, 6, 4, 6, 12, 14, 13, 13, 12, 9, 14, 16, 13, 19, 28, 31, 23, 26, 43, 52, 49, 52, 40, 32, 22, 23, 19, 14, 14, 22, 17, 13, 24, 23, 18, 14, 13, 10, 12, 9, 4, 7, 9, 2, 5]
YTOT: [8, 8, 14, 20, 23, 29, 33, 39, 51, 65, 78, 91, 103, 112, 126, 142, 155, 174, 202, 233, 256, 282, 325, 377, 426, 478, 518, 550, 572, 595, 614, 628, 642, 664, 681, 694, 718, 741, 759, 773, 786, 796, 808, 817, 821, 828, 837, 839, 844]

INFO: Total Population: 105025
INFO: R0: 2
INFO: Incubation Period: 5
INFO: Illness Period: 12
X:[0, 1, 2, 3, 4, 5, 6, 7, 8, 9, 10, 11, 12, 13, 14, 15, 16, 17, 18, 19, 20, 21, 22, 23, 24, 25, 26, 27, 28, 29, 30, 31, 32, 33, 34, 35, 36, 37, 38, 39, 40, 41, 42, 43, 44, 45, 46, 47, 48, 49]
YNEW:[8, 0, 6, 6, 3, 6, 4, 6, 12, 14, 13, 13, 12, 9, 14, 16, 13, 19, 28, 31, 23, 26, 43, 52, 49, 52, 40, 32, 22, 23, 19, 14, 14, 22, 17, 13, 24, 19, 21, 23, 10, 16, 9, 10, 3, 5, 6, 5, 1]
YTOT: [8, 8, 14, 20, 23, 29, 33, 39, 51, 65, 78, 91, 103, 112, 126, 142, 155, 174, 202, 233, 256, 282, 325, 377, 426, 478, 518, 550, 572, 595, 614, 628, 642, 664, 681, 694, 718, 737, 758, 781, 791, 807, 816, 826, 829, 834, 840, 845, 846]

INFO: Total Population: 105025
INFO: R0: 2
INFO: Incubation Period: 5
INFO: Illness Period: 12
X:[0, 1, 2, 3, 4, 5, 6, 7, 8, 9, 10, 11, 12, 13, 14, 15, 16, 17, 18, 19, 20, 21, 22, 23, 24, 25, 26, 27, 28, 29, 30, 31, 32, 33, 34, 35, 36, 37, 38, 39, 40, 41, 42, 43, 44, 45, 46, 47, 48, 49, 50]
YNEW:[8, 0, 6, 6, 3, 6, 4, 6, 12, 14, 13, 13, 12, 9, 14, 16, 13, 19, 28, 31, 23, 26, 43, 52, 49, 52, 40, 32, 22, 23, 19, 14, 14, 22, 17, 13, 24, 19, 25, 19, 9, 16, 11, 10, 5, 8, 3, 3, 1, 1]
YTOT: [8, 8, 14, 20, 23, 29, 33, 39, 51, 65, 78, 91, 103, 112, 126, 142, 155, 174, 202, 233, 256, 282, 325, 377, 426, 478, 518, 550, 572, 595, 614, 628, 642, 664, 681, 694, 718, 737, 762, 781, 790, 806, 817, 827, 832, 840, 843, 846, 847, 848]

INFO: Total Population: 105025
INFO: R0: 2
INFO: Incubation Period: 5
INFO: Illness Period: 12
X:[0, 1, 2, 3, 4, 5, 6, 7, 8, 9, 10, 11, 12, 13, 14, 15, 16, 17, 18, 19, 20, 21, 22, 23, 24, 25, 26, 27, 28, 29, 30, 31, 32, 33, 34, 35, 36, 37, 38, 39, 40, 41, 42, 43, 44, 45, 46, 47, 48, 49]
YNEW:[8, 0, 6, 6, 3, 6, 4, 6, 12, 14, 13, 13, 12, 9, 14, 16, 13, 19, 28, 31, 23, 26, 43, 52, 49, 52, 40, 32, 22, 23, 19, 14, 14, 22, 17, 13, 24, 25, 19, 11, 18, 7, 10, 11, 6, 7, 3, 2, 3]
YTOT: [8, 8, 14, 20, 23, 29, 33, 39, 51, 65, 78, 91, 103, 112, 126, 142, 155, 174, 202, 233, 256, 282, 325, 377, 426, 478, 518, 550, 572, 595, 614, 628, 642, 664, 681, 694, 718, 743, 762, 773, 791, 798, 808, 819, 825, 832, 835, 837, 840]

INFO: Total Population: 105025
INFO: R0: 2
INFO: Incubation Period: 5
INFO: Illness Period: 12
X:[0, 1, 2, 3, 4, 5, 6, 7, 8, 9, 10, 11, 12, 13, 14, 15, 16, 17, 18, 19, 20, 21, 22, 23, 24, 25, 26, 27, 28, 29, 30, 31, 32, 33, 34, 35, 36, 37, 38, 39, 40, 41, 42, 43, 44, 45, 46, 47, 48, 49]
YNEW:[8, 0, 6, 6, 3, 6, 4, 6, 12, 14, 13, 13, 12, 9, 14, 16, 13, 19, 28, 31, 23, 26, 43, 52, 49, 52, 40, 32, 22, 23, 19, 14, 14, 22, 17, 13, 24, 19, 21, 17, 18, 8, 8, 12, 12, 7, 7, 2, 2]
YTOT: [8, 8, 14, 20, 23, 29, 33, 39, 51, 65, 78, 91, 103, 112, 126, 142, 155, 174, 202, 233, 256, 282, 325, 377, 426, 478, 518, 550, 572, 595, 614, 628, 642, 664, 681, 694, 718, 737, 758, 775, 793, 801, 809, 821, 833, 840, 847, 849, 851]

INFO: Total Population: 105025
INFO: R0: 2
INFO: Incubation Period: 5
INFO: Illness Period: 12
X:[0, 1, 2, 3, 4, 5, 6, 7, 8, 9, 10, 11, 12, 13, 14, 15, 16, 17, 18, 19, 20, 21, 22, 23, 24, 25, 26, 27, 28, 29, 30, 31, 32, 33, 34, 35, 36, 37, 38, 39, 40, 41, 42, 43, 44, 45, 46, 47, 48, 49]
YNEW:[8, 0, 6, 6, 3, 6, 4, 6, 12, 14, 13, 13, 12, 9, 14, 16, 13, 19, 28, 31, 23, 26, 43, 52, 49, 52, 40, 32, 22, 23, 19, 14, 14, 22, 17, 13, 24, 20, 19, 19, 17, 14, 9, 7, 13, 5, 5, 3, 1]
YTOT: [8, 8, 14, 20, 23, 29, 33, 39, 51, 65, 78, 91, 103, 112, 126, 142, 155, 174, 202, 233, 256, 282, 325, 377, 426, 478, 518, 550, 572, 595, 614, 628, 642, 664, 681, 694, 718, 738, 757, 776, 793, 807, 816, 823, 836, 841, 846, 849, 850]

INFO: Total Population: 105025
INFO: R0: 2
INFO: Incubation Period: 5
INFO: Illness Period: 12
X:[0, 1, 2, 3, 4, 5, 6, 7, 8, 9, 10, 11, 12, 13, 14, 15, 16, 17, 18, 19, 20, 21, 22, 23, 24, 25, 26, 27, 28, 29, 30, 31, 32, 33, 34, 35, 36, 37, 38, 39, 40, 41, 42, 43, 44, 45, 46, 47, 48, 49, 50]
YNEW:[8, 0, 6, 6, 3, 6, 4, 6, 12, 14, 13, 13, 12, 9, 14, 16, 13, 19, 28, 31, 23, 26, 43, 52, 49, 52, 40, 32, 22, 23, 19, 14, 14, 22, 17, 13, 24, 18, 17, 20, 16, 13, 16, 8, 8, 6, 7, 3, 1, 1]
YTOT: [8, 8, 14, 20, 23, 29, 33, 39, 51, 65, 78, 91, 103, 112, 126, 142, 155, 174, 202, 233, 256, 282, 325, 377, 426, 478, 518, 550, 572, 595, 614, 628, 642, 664, 681, 694, 718, 736, 753, 773, 789, 802, 818, 826, 834, 840, 847, 850, 851, 852]

INFO: Total Population: 105025
INFO: R0: 2
INFO: Incubation Period: 5
INFO: Illness Period: 12
X:[0, 1, 2, 3, 4, 5, 6, 7, 8, 9, 10, 11, 12, 13, 14, 15, 16, 17, 18, 19, 20, 21, 22, 23, 24, 25, 26, 27, 28, 29, 30, 31, 32, 33, 34, 35, 36, 37, 38, 39, 40, 41, 42, 43, 44, 45, 46, 47, 48, 49]
YNEW:[8, 0, 6, 6, 3, 6, 4, 6, 12, 14, 13, 13, 12, 9, 14, 16, 13, 19, 28, 31, 23, 26, 43, 52, 49, 52, 40, 32, 22, 23, 19, 14, 14, 22, 17, 13, 24, 21, 17, 13, 14, 11, 14, 10, 5, 9, 3, 3, 2]
YTOT: [8, 8, 14, 20, 23, 29, 33, 39, 51, 65, 78, 91, 103, 112, 126, 142, 155, 174, 202, 233, 256, 282, 325, 377, 426, 478, 518, 550, 572, 595, 614, 628, 642, 664, 681, 694, 718, 739, 756, 769, 783, 794, 808, 818, 823, 832, 835, 838, 840]

END