

INFO: Total Population: 501317
INFO: R0: 2
INFO: Incubation Period: 5
INFO: Illness Period: 7
X:[0, 1, 2, 3, 4, 5, 6, 7, 8, 9, 10, 11, 12, 13, 14, 15, 16, 17, 18, 19, 20, 21, 22, 23, 24, 25, 26, 27, 28, 29, 30, 31, 32, 33, 34, 35, 36, 37, 38, 39, 40, 41, 42, 43, 44, 45, 46, 47, 48, 49, 50, 51, 52, 53, 54, 55, 56, 57, 58, 59, 60, 61, 62, 63, 64, 65, 66, 67, 68, 69, 70, 71, 72, 73, 74, 75, 76, 77, 78, 79, 80, 81, 82, 83, 84, 85, 86, 87, 88, 89, 90, 91, 92, 93, 94, 95, 96, 97, 98, 99, 100, 101, 102, 103, 104, 105, 106, 107, 108, 109, 110]
YNEW:[0, 0, 0, 0, 0, 0, 0, 0, 0, 0, 0, 0, 0, 0, 0, 0, 0, 0, 0, 0, 0, 0, 0, 0, 0, 0, 0, 0, 0, 0, 0, 0, 0, 0, 0, 0, 0, 0, 0, 0, 0, 0, 0, 0, 0, 0, 0, 1, 1, 0, 0, 0, 0, 1, 1, 1, 1, 1, 5, 4, 4, 4, 4, 4, 4, 2, 6, 5, 9, 11, 10, 8, 7, 5, 4, 5, 5, 9, 6, 7, 5, 3, 2, 3, 4, 4, 6, 7, 5, 3, 2, 8, 2, 4, 2, 6, 4, 2, 1, 6, 3, 9, 3, 1, 3, 1, 4, 1, 1, 1]
YTOT: [0, 0, 0, 0, 0, 0, 0, 0, 0, 0, 0, 0, 0, 0, 0, 0, 0, 0, 0, 0, 0, 0, 0, 0, 0, 0, 0, 0, 0, 0, 0, 0, 0, 0, 0, 0, 0, 0, 0, 0, 0, 0, 0, 0, 0, 0, 0, 1, 2, 2, 2, 2, 2, 3, 4, 5, 6, 7, 12, 16, 20, 24, 28, 32, 36, 38, 44, 49, 58, 69, 79, 87, 94, 99, 103, 108, 113, 122, 128, 135, 140, 143, 145, 148, 152, 156, 162, 169, 174, 177, 179, 187, 189, 193, 195, 201, 205, 207, 208, 214, 217, 226, 229, 230, 233, 234, 238, 239, 240, 241]

INFO: Total Population: 501317
INFO: R0: 2
INFO: Incubation Period: 5
INFO: Illness Period: 7
X:[0, 1, 2, 3, 4, 5, 6, 7, 8, 9, 10, 11, 12, 13, 14, 15, 16, 17, 18, 19, 20, 21, 22, 23, 24, 25, 26, 27, 28, 29, 30, 31, 32, 33, 34, 35, 36, 37, 38, 39, 40, 41, 42, 43, 44, 45, 46, 47, 48, 49, 50, 51, 52, 53, 54, 55, 56, 57, 58, 59, 60, 61, 62, 63, 64, 65, 66, 67, 68, 69, 70, 71, 72, 73, 74, 75, 76, 77, 78, 79, 80, 81, 82, 83, 84, 85, 86, 87, 88, 89, 90, 91, 92, 93, 94, 95, 96, 97, 98, 99, 100, 101, 102, 103, 104, 105, 106, 107, 108]
YNEW:[0, 0, 0, 0, 0, 0, 0, 0, 0, 0, 0, 0, 0, 0, 0, 0, 0, 0, 0, 0, 0, 0, 0, 0, 0, 0, 0, 0, 0, 0, 0, 0, 0, 0, 0, 0, 0, 0, 0, 0, 0, 0, 0, 0, 0, 0, 0, 1, 1, 0, 0, 0, 0, 1, 1, 1, 1, 1, 5, 4, 4, 4, 4, 4, 4, 2, 6, 5, 9, 11, 10, 8, 7, 5, 4, 5, 5, 9, 6, 7, 5, 3, 2, 3, 4, 4, 6, 7, 5, 3, 2, 5, 3, 4, 3, 6, 5, 3, 3, 2, 3, 4, 6, 2, 2, 3, 2, 3]
YTOT: [0, 0, 0, 0, 0, 0, 0, 0, 0, 0, 0, 0, 0, 0, 0, 0, 0, 0, 0, 0, 0, 0, 0, 0, 0, 0, 0, 0, 0, 0, 0, 0, 0, 0, 0, 0, 0, 0, 0, 0, 0, 0, 0, 0, 0, 0, 0, 1, 2, 2, 2, 2, 2, 3, 4, 5, 6, 7, 12, 16, 20, 24, 28, 32, 36, 38, 44, 49, 58, 69, 79, 87, 94, 99, 103, 108, 113, 122, 128, 135, 140, 143, 145, 148, 152, 156, 162, 169, 174, 177, 179, 184, 187, 191, 194, 200, 205, 208, 211, 213, 216, 220, 226, 228, 230, 233, 235, 238]

INFO: Total Population: 501317
INFO: R0: 2
INFO: Incubation Period: 5
INFO: Illness Period: 7
X:[0, 1, 2, 3, 4, 5, 6, 7, 8, 9, 10, 11, 12, 13, 14, 15, 16, 17, 18, 19, 20, 21, 22, 23, 24, 25, 26, 27, 28, 29, 30, 31, 32, 33, 34, 35, 36, 37, 38, 39, 40, 41, 42, 43, 44, 45, 46, 47, 48, 49, 50, 51, 52, 53, 54, 55, 56, 57, 58, 59, 60, 61, 62, 63, 64, 65, 66, 67, 68, 69, 70, 71, 72, 73, 74, 75, 76, 77, 78, 79, 80, 81, 82, 83, 84, 85, 86, 87, 88, 89, 90, 91, 92, 93, 94, 95, 96, 97, 98, 99, 100, 101, 102, 103, 104, 105, 106, 107, 108]
YNEW:[0, 0, 0, 0, 0, 0, 0, 0, 0, 0, 0, 0, 0, 0, 0, 0, 0, 0, 0, 0, 0, 0, 0, 0, 0, 0, 0, 0, 0, 0, 0, 0, 0, 0, 0, 0, 0, 0, 0, 0, 0, 0, 0, 0, 0, 0, 0, 1, 1, 0, 0, 0, 0, 1, 1, 1, 1, 1, 5, 4, 4, 4, 4, 4, 4, 2, 6, 5, 9, 11, 10, 8, 7, 5, 4, 5, 5, 9, 6, 7, 5, 3, 2, 3, 4, 4, 6, 7, 5, 3, 2, 1, 4, 4, 3, 1, 3, 4, 5, 5, 2, 1, 2, 2, 1, 1, 2, 1]
YTOT: [0, 0, 0, 0, 0, 0, 0, 0, 0, 0, 0, 0, 0, 0, 0, 0, 0, 0, 0, 0, 0, 0, 0, 0, 0, 0, 0, 0, 0, 0, 0, 0, 0, 0, 0, 0, 0, 0, 0, 0, 0, 0, 0, 0, 0, 0, 0, 1, 2, 2, 2, 2, 2, 3, 4, 5, 6, 7, 12, 16, 20, 24, 28, 32, 36, 38, 44, 49, 58, 69, 79, 87, 94, 99, 103, 108, 113, 122, 128, 135, 140, 143, 145, 148, 152, 156, 162, 169, 174, 177, 179, 180, 184, 188, 191, 192, 195, 199, 204, 209, 211, 212, 214, 216, 217, 218, 220, 221]

INFO: Total Population: 501317
INFO: R0: 2
INFO: Incubation Period: 5
INFO: Illness Period: 7
X:[0, 1, 2, 3, 4, 5, 6, 7, 8, 9, 10, 11, 12, 13, 14, 15, 16, 17, 18, 19, 20, 21, 22, 23, 24, 25, 26, 27, 28, 29, 30, 31, 32, 33, 34, 35, 36, 37, 38, 39, 40, 41, 42, 43, 44, 45, 46, 47, 48, 49, 50, 51, 52, 53, 54, 55, 56, 57, 58, 59, 60, 61, 62, 63, 64, 65, 66, 67, 68, 69, 70, 71, 72, 73, 74, 75, 76, 77, 78, 79, 80, 81, 82, 83, 84, 85, 86, 87, 88, 89, 90, 91, 92, 93, 94, 95, 96, 97, 98, 99, 100, 101, 102, 103]
YNEW:[0, 0, 0, 0, 0, 0, 0, 0, 0, 0, 0, 0, 0, 0, 0, 0, 0, 0, 0, 0, 0, 0, 0, 0, 0, 0, 0, 0, 0, 0, 0, 0, 0, 0, 0, 0, 0, 0, 0, 0, 0, 0, 0, 0, 0, 0, 0, 1, 1, 0, 0, 0, 0, 1, 1, 1, 1, 1, 5, 4, 4, 4, 4, 4, 4, 2, 6, 5, 9, 11, 10, 8, 7, 5, 4, 5, 5, 9, 6, 7, 5, 3, 2, 3, 4, 4, 6, 7, 5, 3, 2, 3, 6, 2, 1, 1, 2, 5, 1, 4, 1, 1, 1]
YTOT: [0, 0, 0, 0, 0, 0, 0, 0, 0, 0, 0, 0, 0, 0, 0, 0, 0, 0, 0, 0, 0, 0, 0, 0, 0, 0, 0, 0, 0, 0, 0, 0, 0, 0, 0, 0, 0, 0, 0, 0, 0, 0, 0, 0, 0, 0, 0, 1, 2, 2, 2, 2, 2, 3, 4, 5, 6, 7, 12, 16, 20, 24, 28, 32, 36, 38, 44, 49, 58, 69, 79, 87, 94, 99, 103, 108, 113, 122, 128, 135, 140, 143, 145, 148, 152, 156, 162, 169, 174, 177, 179, 182, 188, 190, 191, 192, 194, 199, 200, 204, 205, 206, 207]

INFO: Total Population: 501317
INFO: R0: 2
INFO: Incubation Period: 5
INFO: Illness Period: 7
X:[0, 1, 2, 3, 4, 5, 6, 7, 8, 9, 10, 11, 12, 13, 14, 15, 16, 17, 18, 19, 20, 21, 22, 23, 24, 25, 26, 27, 28, 29, 30, 31, 32, 33, 34, 35, 36, 37, 38, 39, 40, 41, 42, 43, 44, 45, 46, 47, 48, 49, 50, 51, 52, 53, 54, 55, 56, 57, 58, 59, 60, 61, 62, 63, 64, 65, 66, 67, 68, 69, 70, 71, 72, 73, 74, 75, 76, 77, 78, 79, 80, 81, 82, 83, 84, 85, 86, 87, 88, 89, 90, 91, 92, 93, 94, 95, 96, 97, 98, 99, 100, 101, 102, 103, 104, 105, 106, 107, 108, 109, 110]
YNEW:[0, 0, 0, 0, 0, 0, 0, 0, 0, 0, 0, 0, 0, 0, 0, 0, 0, 0, 0, 0, 0, 0, 0, 0, 0, 0, 0, 0, 0, 0, 0, 0, 0, 0, 0, 0, 0, 0, 0, 0, 0, 0, 0, 0, 0, 0, 0, 1, 1, 0, 0, 0, 0, 1, 1, 1, 1, 1, 5, 4, 4, 4, 4, 4, 4, 2, 6, 5, 9, 11, 10, 8, 7, 5, 4, 5, 5, 9, 6, 7, 5, 3, 2, 3, 4, 4, 6, 7, 5, 3, 2, 3, 3, 5, 3, 3, 3, 2, 3, 4, 2, 3, 5, 3, 1, 2, 2, 1, 1, 1]
YTOT: [0, 0, 0, 0, 0, 0, 0, 0, 0, 0, 0, 0, 0, 0, 0, 0, 0, 0, 0, 0, 0, 0, 0, 0, 0, 0, 0, 0, 0, 0, 0, 0, 0, 0, 0, 0, 0, 0, 0, 0, 0, 0, 0, 0, 0, 0, 0, 1, 2, 2, 2, 2, 2, 3, 4, 5, 6, 7, 12, 16, 20, 24, 28, 32, 36, 38, 44, 49, 58, 69, 79, 87, 94, 99, 103, 108, 113, 122, 128, 135, 140, 143, 145, 148, 152, 156, 162, 169, 174, 177, 179, 182, 185, 190, 193, 196, 199, 201, 204, 208, 210, 213, 218, 221, 222, 224, 226, 227, 228, 229]

INFO: Total Population: 501317
INFO: R0: 2
INFO: Incubation Period: 5
INFO: Illness Period: 7
X:[0, 1, 2, 3, 4, 5, 6, 7, 8, 9, 10, 11, 12, 13, 14, 15, 16, 17, 18, 19, 20, 21, 22, 23, 24, 25, 26, 27, 28, 29, 30, 31, 32, 33, 34, 35, 36, 37, 38, 39, 40, 41, 42, 43, 44, 45, 46, 47, 48, 49, 50, 51, 52, 53, 54, 55, 56, 57, 58, 59, 60, 61, 62, 63, 64, 65, 66, 67, 68, 69, 70, 71, 72, 73, 74, 75, 76, 77, 78, 79, 80, 81, 82, 83, 84, 85, 86, 87, 88, 89, 90, 91, 92, 93, 94, 95, 96, 97, 98, 99, 100, 101, 102, 103, 104, 105, 106, 107, 108, 109, 110]
YNEW:[0, 0, 0, 0, 0, 0, 0, 0, 0, 0, 0, 0, 0, 0, 0, 0, 0, 0, 0, 0, 0, 0, 0, 0, 0, 0, 0, 0, 0, 0, 0, 0, 0, 0, 0, 0, 0, 0, 0, 0, 0, 0, 0, 0, 0, 0, 0, 1, 1, 0, 0, 0, 0, 1, 1, 1, 1, 1, 5, 4, 4, 4, 4, 4, 4, 2, 6, 5, 9, 11, 10, 8, 7, 5, 4, 5, 5, 9, 6, 7, 5, 3, 2, 3, 4, 4, 6, 7, 5, 3, 2, 5, 1, 5, 3, 3, 2, 2, 3, 6, 5, 5, 2, 1, 1, 1, 1, 2, 1, 1]
YTOT: [0, 0, 0, 0, 0, 0, 0, 0, 0, 0, 0, 0, 0, 0, 0, 0, 0, 0, 0, 0, 0, 0, 0, 0, 0, 0, 0, 0, 0, 0, 0, 0, 0, 0, 0, 0, 0, 0, 0, 0, 0, 0, 0, 0, 0, 0, 0, 1, 2, 2, 2, 2, 2, 3, 4, 5, 6, 7, 12, 16, 20, 24, 28, 32, 36, 38, 44, 49, 58, 69, 79, 87, 94, 99, 103, 108, 113, 122, 128, 135, 140, 143, 145, 148, 152, 156, 162, 169, 174, 177, 179, 184, 185, 190, 193, 196, 198, 200, 203, 209, 214, 219, 221, 222, 223, 224, 225, 227, 228, 229]

INFO: Total Population: 501317
INFO: R0: 2
INFO: Incubation Period: 5
INFO: Illness Period: 7
X:[0, 1, 2, 3, 4, 5, 6, 7, 8, 9, 10, 11, 12, 13, 14, 15, 16, 17, 18, 19, 20, 21, 22, 23, 24, 25, 26, 27, 28, 29, 30, 31, 32, 33, 34, 35, 36, 37, 38, 39, 40, 41, 42, 43, 44, 45, 46, 47, 48, 49, 50, 51, 52, 53, 54, 55, 56, 57, 58, 59, 60, 61, 62, 63, 64, 65, 66, 67, 68, 69, 70, 71, 72, 73, 74, 75, 76, 77, 78, 79, 80, 81, 82, 83, 84, 85, 86, 87, 88, 89, 90, 91, 92, 93, 94, 95, 96, 97, 98, 99, 100, 101, 102, 103, 104, 105, 106, 107]
YNEW:[0, 0, 0, 0, 0, 0, 0, 0, 0, 0, 0, 0, 0, 0, 0, 0, 0, 0, 0, 0, 0, 0, 0, 0, 0, 0, 0, 0, 0, 0, 0, 0, 0, 0, 0, 0, 0, 0, 0, 0, 0, 0, 0, 0, 0, 0, 0, 1, 1, 0, 0, 0, 0, 1, 1, 1, 1, 1, 5, 4, 4, 4, 4, 4, 4, 2, 6, 5, 9, 11, 10, 8, 7, 5, 4, 5, 5, 9, 6, 7, 5, 3, 2, 3, 4, 4, 6, 7, 5, 3, 2, 2, 6, 5, 1, 3, 1, 5, 5, 2, 3, 2, 3, 2, 3, 3, 2]
YTOT: [0, 0, 0, 0, 0, 0, 0, 0, 0, 0, 0, 0, 0, 0, 0, 0, 0, 0, 0, 0, 0, 0, 0, 0, 0, 0, 0, 0, 0, 0, 0, 0, 0, 0, 0, 0, 0, 0, 0, 0, 0, 0, 0, 0, 0, 0, 0, 1, 2, 2, 2, 2, 2, 3, 4, 5, 6, 7, 12, 16, 20, 24, 28, 32, 36, 38, 44, 49, 58, 69, 79, 87, 94, 99, 103, 108, 113, 122, 128, 135, 140, 143, 145, 148, 152, 156, 162, 169, 174, 177, 179, 181, 187, 192, 193, 196, 197, 202, 207, 209, 212, 214, 217, 219, 222, 225, 227]

INFO: Total Population: 501317
INFO: R0: 2
INFO: Incubation Period: 5
INFO: Illness Period: 7
X:[0, 1, 2, 3, 4, 5, 6, 7, 8, 9, 10, 11, 12, 13, 14, 15, 16, 17, 18, 19, 20, 21, 22, 23, 24, 25, 26, 27, 28, 29, 30, 31, 32, 33, 34, 35, 36, 37, 38, 39, 40, 41, 42, 43, 44, 45, 46, 47, 48, 49, 50, 51, 52, 53, 54, 55, 56, 57, 58, 59, 60, 61, 62, 63, 64, 65, 66, 67, 68, 69, 70, 71, 72, 73, 74, 75, 76, 77, 78, 79, 80, 81, 82, 83, 84, 85, 86, 87, 88, 89, 90, 91, 92, 93, 94, 95, 96, 97, 98, 99, 100, 101, 102, 103, 104, 105, 106, 107, 108, 109, 110]
YNEW:[0, 0, 0, 0, 0, 0, 0, 0, 0, 0, 0, 0, 0, 0, 0, 0, 0, 0, 0, 0, 0, 0, 0, 0, 0, 0, 0, 0, 0, 0, 0, 0, 0, 0, 0, 0, 0, 0, 0, 0, 0, 0, 0, 0, 0, 0, 0, 1, 1, 0, 0, 0, 0, 1, 1, 1, 1, 1, 5, 4, 4, 4, 4, 4, 4, 2, 6, 5, 9, 11, 10, 8, 7, 5, 4, 5, 5, 9, 6, 7, 5, 3, 2, 3, 4, 4, 6, 7, 5, 3, 2, 4, 1, 7, 4, 4, 4, 2, 5, 5, 1, 6, 3, 4, 2, 1, 1, 1, 2, 1]
YTOT: [0, 0, 0, 0, 0, 0, 0, 0, 0, 0, 0, 0, 0, 0, 0, 0, 0, 0, 0, 0, 0, 0, 0, 0, 0, 0, 0, 0, 0, 0, 0, 0, 0, 0, 0, 0, 0, 0, 0, 0, 0, 0, 0, 0, 0, 0, 0, 1, 2, 2, 2, 2, 2, 3, 4, 5, 6, 7, 12, 16, 20, 24, 28, 32, 36, 38, 44, 49, 58, 69, 79, 87, 94, 99, 103, 108, 113, 122, 128, 135, 140, 143, 145, 148, 152, 156, 162, 169, 174, 177, 179, 183, 184, 191, 195, 199, 203, 205, 210, 215, 216, 222, 225, 229, 231, 232, 233, 234, 236, 237]

INFO: Total Population: 501317
INFO: R0: 2
INFO: Incubation Period: 5
INFO: Illness Period: 7
X:[0, 1, 2, 3, 4, 5, 6, 7, 8, 9, 10, 11, 12, 13, 14, 15, 16, 17, 18, 19, 20, 21, 22, 23, 24, 25, 26, 27, 28, 29, 30, 31, 32, 33, 34, 35, 36, 37, 38, 39, 40, 41, 42, 43, 44, 45, 46, 47, 48, 49, 50, 51, 52, 53, 54, 55, 56, 57, 58, 59, 60, 61, 62, 63, 64, 65, 66, 67, 68, 69, 70, 71, 72, 73, 74, 75, 76, 77, 78, 79, 80, 81, 82, 83, 84, 85, 86, 87, 88, 89, 90, 91, 92, 93, 94, 95, 96, 97, 98, 99, 100, 101, 102, 103, 104, 105, 106, 107]
YNEW:[0, 0, 0, 0, 0, 0, 0, 0, 0, 0, 0, 0, 0, 0, 0, 0, 0, 0, 0, 0, 0, 0, 0, 0, 0, 0, 0, 0, 0, 0, 0, 0, 0, 0, 0, 0, 0, 0, 0, 0, 0, 0, 0, 0, 0, 0, 0, 1, 1, 0, 0, 0, 0, 1, 1, 1, 1, 1, 5, 4, 4, 4, 4, 4, 4, 2, 6, 5, 9, 11, 10, 8, 7, 5, 4, 5, 5, 9, 6, 7, 5, 3, 2, 3, 4, 4, 6, 7, 5, 3, 2, 6, 4, 2, 2, 4, 2, 6, 4, 6, 5, 6, 1, 1, 1, 4, 2]
YTOT: [0, 0, 0, 0, 0, 0, 0, 0, 0, 0, 0, 0, 0, 0, 0, 0, 0, 0, 0, 0, 0, 0, 0, 0, 0, 0, 0, 0, 0, 0, 0, 0, 0, 0, 0, 0, 0, 0, 0, 0, 0, 0, 0, 0, 0, 0, 0, 1, 2, 2, 2, 2, 2, 3, 4, 5, 6, 7, 12, 16, 20, 24, 28, 32, 36, 38, 44, 49, 58, 69, 79, 87, 94, 99, 103, 108, 113, 122, 128, 135, 140, 143, 145, 148, 152, 156, 162, 169, 174, 177, 179, 185, 189, 191, 193, 197, 199, 205, 209, 215, 220, 226, 227, 228, 229, 233, 235]

INFO: Total Population: 501317
INFO: R0: 2
INFO: Incubation Period: 5
INFO: Illness Period: 7
X:[0, 1, 2, 3, 4, 5, 6, 7, 8, 9, 10, 11, 12, 13, 14, 15, 16, 17, 18, 19, 20, 21, 22, 23, 24, 25, 26, 27, 28, 29, 30, 31, 32, 33, 34, 35, 36, 37, 38, 39, 40, 41, 42, 43, 44, 45, 46, 47, 48, 49, 50, 51, 52, 53, 54, 55, 56, 57, 58, 59, 60, 61, 62, 63, 64, 65, 66, 67, 68, 69, 70, 71, 72, 73, 74, 75, 76, 77, 78, 79, 80, 81, 82, 83, 84, 85, 86, 87, 88, 89, 90, 91, 92, 93, 94, 95, 96, 97, 98, 99, 100, 101, 102, 103, 104, 105, 106, 107, 108, 109]
YNEW:[0, 0, 0, 0, 0, 0, 0, 0, 0, 0, 0, 0, 0, 0, 0, 0, 0, 0, 0, 0, 0, 0, 0, 0, 0, 0, 0, 0, 0, 0, 0, 0, 0, 0, 0, 0, 0, 0, 0, 0, 0, 0, 0, 0, 0, 0, 0, 1, 1, 0, 0, 0, 0, 1, 1, 1, 1, 1, 5, 4, 4, 4, 4, 4, 4, 2, 6, 5, 9, 11, 10, 8, 7, 5, 4, 5, 5, 9, 6, 7, 5, 3, 2, 3, 4, 4, 6, 7, 5, 3, 2, 7, 2, 1, 5, 3, 3, 3, 2, 4, 2, 4, 4, 2, 4, 2, 2, 1, 1]
YTOT: [0, 0, 0, 0, 0, 0, 0, 0, 0, 0, 0, 0, 0, 0, 0, 0, 0, 0, 0, 0, 0, 0, 0, 0, 0, 0, 0, 0, 0, 0, 0, 0, 0, 0, 0, 0, 0, 0, 0, 0, 0, 0, 0, 0, 0, 0, 0, 1, 2, 2, 2, 2, 2, 3, 4, 5, 6, 7, 12, 16, 20, 24, 28, 32, 36, 38, 44, 49, 58, 69, 79, 87, 94, 99, 103, 108, 113, 122, 128, 135, 140, 143, 145, 148, 152, 156, 162, 169, 174, 177, 179, 186, 188, 189, 194, 197, 200, 203, 205, 209, 211, 215, 219, 221, 225, 227, 229, 230, 231]

INFO: Total Population: 501317
INFO: R0: 2
INFO: Incubation Period: 5
INFO: Illness Period: 7
X:[0, 1, 2, 3, 4, 5, 6, 7, 8, 9, 10, 11, 12, 13, 14, 15, 16, 17, 18, 19, 20, 21, 22, 23, 24, 25, 26, 27, 28, 29, 30, 31, 32, 33, 34, 35, 36, 37, 38, 39, 40, 41, 42, 43, 44, 45, 46, 47, 48, 49, 50, 51, 52, 53, 54, 55, 56, 57, 58, 59, 60, 61, 62, 63, 64, 65, 66, 67, 68, 69, 70, 71, 72, 73, 74, 75, 76, 77, 78, 79, 80, 81, 82, 83, 84, 85, 86, 87, 88, 89, 90, 91, 92, 93, 94, 95, 96, 97, 98, 99, 100, 101, 102, 103, 104, 105, 106, 107, 108, 109, 110, 111]
YNEW:[0, 0, 0, 0, 0, 0, 0, 0, 0, 0, 0, 0, 0, 0, 0, 0, 0, 0, 0, 0, 0, 0, 0, 0, 0, 0, 0, 0, 0, 0, 0, 0, 0, 0, 0, 0, 0, 0, 0, 0, 0, 0, 0, 0, 0, 0, 0, 1, 1, 0, 0, 0, 0, 1, 1, 1, 1, 1, 5, 4, 4, 4, 4, 4, 4, 2, 6, 5, 9, 11, 10, 8, 7, 5, 4, 5, 5, 9, 6, 7, 5, 3, 2, 3, 4, 4, 6, 7, 5, 3, 2, 4, 4, 1, 3, 9, 4, 2, 3, 5, 6, 4, 5, 3, 1, 2, 1, 1, 3, 2, 2]
YTOT: [0, 0, 0, 0, 0, 0, 0, 0, 0, 0, 0, 0, 0, 0, 0, 0, 0, 0, 0, 0, 0, 0, 0, 0, 0, 0, 0, 0, 0, 0, 0, 0, 0, 0, 0, 0, 0, 0, 0, 0, 0, 0, 0, 0, 0, 0, 0, 1, 2, 2, 2, 2, 2, 3, 4, 5, 6, 7, 12, 16, 20, 24, 28, 32, 36, 38, 44, 49, 58, 69, 79, 87, 94, 99, 103, 108, 113, 122, 128, 135, 140, 143, 145, 148, 152, 156, 162, 169, 174, 177, 179, 183, 187, 188, 191, 200, 204, 206, 209, 214, 220, 224, 229, 232, 233, 235, 236, 237, 240, 242, 244]

INFO: Total Population: 501317
INFO: R0: 2
INFO: Incubation Period: 5
INFO: Illness Period: 7
X:[0, 1, 2, 3, 4, 5, 6, 7, 8, 9, 10, 11, 12, 13, 14, 15, 16, 17, 18, 19, 20, 21, 22, 23, 24, 25, 26, 27, 28, 29, 30, 31, 32, 33, 34, 35, 36, 37, 38, 39, 40, 41, 42, 43, 44, 45, 46, 47, 48, 49, 50, 51, 52, 53, 54, 55, 56, 57, 58, 59, 60, 61, 62, 63, 64, 65, 66, 67, 68, 69, 70, 71, 72, 73, 74, 75, 76, 77, 78, 79, 80, 81, 82, 83, 84, 85, 86, 87, 88, 89, 90, 91, 92, 93, 94, 95, 96, 97, 98, 99, 100, 101, 102, 103, 104, 105, 106, 107, 108, 109, 110]
YNEW:[0, 0, 0, 0, 0, 0, 0, 0, 0, 0, 0, 0, 0, 0, 0, 0, 0, 0, 0, 0, 0, 0, 0, 0, 0, 0, 0, 0, 0, 0, 0, 0, 0, 0, 0, 0, 0, 0, 0, 0, 0, 0, 0, 0, 0, 0, 0, 1, 1, 0, 0, 0, 0, 1, 1, 1, 1, 1, 5, 4, 4, 4, 4, 4, 4, 2, 6, 5, 9, 11, 10, 8, 7, 5, 4, 5, 5, 9, 6, 7, 5, 3, 2, 3, 4, 4, 6, 7, 5, 3, 2, 3, 5, 1, 4, 5, 4, 2, 2, 3, 3, 2, 3, 5, 3, 2, 2, 1, 2, 1]
YTOT: [0, 0, 0, 0, 0, 0, 0, 0, 0, 0, 0, 0, 0, 0, 0, 0, 0, 0, 0, 0, 0, 0, 0, 0, 0, 0, 0, 0, 0, 0, 0, 0, 0, 0, 0, 0, 0, 0, 0, 0, 0, 0, 0, 0, 0, 0, 0, 1, 2, 2, 2, 2, 2, 3, 4, 5, 6, 7, 12, 16, 20, 24, 28, 32, 36, 38, 44, 49, 58, 69, 79, 87, 94, 99, 103, 108, 113, 122, 128, 135, 140, 143, 145, 148, 152, 156, 162, 169, 174, 177, 179, 182, 187, 188, 192, 197, 201, 203, 205, 208, 211, 213, 216, 221, 224, 226, 228, 229, 231, 232]

INFO: Total Population: 501317
INFO: R0: 2
INFO: Incubation Period: 5
INFO: Illness Period: 7
X:[0, 1, 2, 3, 4, 5, 6, 7, 8, 9, 10, 11, 12, 13, 14, 15, 16, 17, 18, 19, 20, 21, 22, 23, 24, 25, 26, 27, 28, 29, 30, 31, 32, 33, 34, 35, 36, 37, 38, 39, 40, 41, 42, 43, 44, 45, 46, 47, 48, 49, 50, 51, 52, 53, 54, 55, 56, 57, 58, 59, 60, 61, 62, 63, 64, 65, 66, 67, 68, 69, 70, 71, 72, 73, 74, 75, 76, 77, 78, 79, 80, 81, 82, 83, 84, 85, 86, 87, 88, 89, 90, 91, 92, 93, 94, 95, 96, 97, 98, 99, 100, 101, 102, 103, 104, 105, 106, 107, 108, 109, 110]
YNEW:[0, 0, 0, 0, 0, 0, 0, 0, 0, 0, 0, 0, 0, 0, 0, 0, 0, 0, 0, 0, 0, 0, 0, 0, 0, 0, 0, 0, 0, 0, 0, 0, 0, 0, 0, 0, 0, 0, 0, 0, 0, 0, 0, 0, 0, 0, 0, 1, 1, 0, 0, 0, 0, 1, 1, 1, 1, 1, 5, 4, 4, 4, 4, 4, 4, 2, 6, 5, 9, 11, 10, 8, 7, 5, 4, 5, 5, 9, 6, 7, 5, 3, 2, 3, 4, 4, 6, 7, 5, 3, 2, 3, 7, 1, 4, 6, 2, 5, 3, 1, 4, 3, 3, 1, 2, 4, 1, 3, 1, 1]
YTOT: [0, 0, 0, 0, 0, 0, 0, 0, 0, 0, 0, 0, 0, 0, 0, 0, 0, 0, 0, 0, 0, 0, 0, 0, 0, 0, 0, 0, 0, 0, 0, 0, 0, 0, 0, 0, 0, 0, 0, 0, 0, 0, 0, 0, 0, 0, 0, 1, 2, 2, 2, 2, 2, 3, 4, 5, 6, 7, 12, 16, 20, 24, 28, 32, 36, 38, 44, 49, 58, 69, 79, 87, 94, 99, 103, 108, 113, 122, 128, 135, 140, 143, 145, 148, 152, 156, 162, 169, 174, 177, 179, 182, 189, 190, 194, 200, 202, 207, 210, 211, 215, 218, 221, 222, 224, 228, 229, 232, 233, 234]

INFO: Total Population: 501317
INFO: R0: 2
INFO: Incubation Period: 5
INFO: Illness Period: 7
X:[0, 1, 2, 3, 4, 5, 6, 7, 8, 9, 10, 11, 12, 13, 14, 15, 16, 17, 18, 19, 20, 21, 22, 23, 24, 25, 26, 27, 28, 29, 30, 31, 32, 33, 34, 35, 36, 37, 38, 39, 40, 41, 42, 43, 44, 45, 46, 47, 48, 49, 50, 51, 52, 53, 54, 55, 56, 57, 58, 59, 60, 61, 62, 63, 64, 65, 66, 67, 68, 69, 70, 71, 72, 73, 74, 75, 76, 77, 78, 79, 80, 81, 82, 83, 84, 85, 86, 87, 88, 89, 90, 91, 92, 93, 94, 95, 96, 97, 98, 99, 100, 101, 102, 103, 104, 105, 106, 107, 108, 109, 110]
YNEW:[0, 0, 0, 0, 0, 0, 0, 0, 0, 0, 0, 0, 0, 0, 0, 0, 0, 0, 0, 0, 0, 0, 0, 0, 0, 0, 0, 0, 0, 0, 0, 0, 0, 0, 0, 0, 0, 0, 0, 0, 0, 0, 0, 0, 0, 0, 0, 1, 1, 0, 0, 0, 0, 1, 1, 1, 1, 1, 5, 4, 4, 4, 4, 4, 4, 2, 6, 5, 9, 11, 10, 8, 7, 5, 4, 5, 5, 9, 6, 7, 5, 3, 2, 3, 4, 4, 6, 7, 5, 3, 2, 4, 3, 2, 6, 4, 3, 3, 4, 8, 3, 3, 2, 2, 3, 1, 1, 1, 1, 1]
YTOT: [0, 0, 0, 0, 0, 0, 0, 0, 0, 0, 0, 0, 0, 0, 0, 0, 0, 0, 0, 0, 0, 0, 0, 0, 0, 0, 0, 0, 0, 0, 0, 0, 0, 0, 0, 0, 0, 0, 0, 0, 0, 0, 0, 0, 0, 0, 0, 1, 2, 2, 2, 2, 2, 3, 4, 5, 6, 7, 12, 16, 20, 24, 28, 32, 36, 38, 44, 49, 58, 69, 79, 87, 94, 99, 103, 108, 113, 122, 128, 135, 140, 143, 145, 148, 152, 156, 162, 169, 174, 177, 179, 183, 186, 188, 194, 198, 201, 204, 208, 216, 219, 222, 224, 226, 229, 230, 231, 232, 233, 234]

INFO: Total Population: 501317
INFO: R0: 2
INFO: Incubation Period: 5
INFO: Illness Period: 7
X:[0, 1, 2, 3, 4, 5, 6, 7, 8, 9, 10, 11, 12, 13, 14, 15, 16, 17, 18, 19, 20, 21, 22, 23, 24, 25, 26, 27, 28, 29, 30, 31, 32, 33, 34, 35, 36, 37, 38, 39, 40, 41, 42, 43, 44, 45, 46, 47, 48, 49, 50, 51, 52, 53, 54, 55, 56, 57, 58, 59, 60, 61, 62, 63, 64, 65, 66, 67, 68, 69, 70, 71, 72, 73, 74, 75, 76, 77, 78, 79, 80, 81, 82, 83, 84, 85, 86, 87, 88, 89, 90, 91, 92, 93, 94, 95, 96, 97, 98, 99, 100, 101, 102, 103, 104, 105, 106, 107, 108, 109]
YNEW:[0, 0, 0, 0, 0, 0, 0, 0, 0, 0, 0, 0, 0, 0, 0, 0, 0, 0, 0, 0, 0, 0, 0, 0, 0, 0, 0, 0, 0, 0, 0, 0, 0, 0, 0, 0, 0, 0, 0, 0, 0, 0, 0, 0, 0, 0, 0, 1, 1, 0, 0, 0, 0, 1, 1, 1, 1, 1, 5, 4, 4, 4, 4, 4, 4, 2, 6, 5, 9, 11, 10, 8, 7, 5, 4, 5, 5, 9, 6, 7, 5, 3, 2, 3, 4, 4, 6, 7, 5, 3, 2, 3, 4, 3, 7, 2, 1, 4, 2, 3, 2, 4, 3, 3, 1, 4, 2, 1, 1]
YTOT: [0, 0, 0, 0, 0, 0, 0, 0, 0, 0, 0, 0, 0, 0, 0, 0, 0, 0, 0, 0, 0, 0, 0, 0, 0, 0, 0, 0, 0, 0, 0, 0, 0, 0, 0, 0, 0, 0, 0, 0, 0, 0, 0, 0, 0, 0, 0, 1, 2, 2, 2, 2, 2, 3, 4, 5, 6, 7, 12, 16, 20, 24, 28, 32, 36, 38, 44, 49, 58, 69, 79, 87, 94, 99, 103, 108, 113, 122, 128, 135, 140, 143, 145, 148, 152, 156, 162, 169, 174, 177, 179, 182, 186, 189, 196, 198, 199, 203, 205, 208, 210, 214, 217, 220, 221, 225, 227, 228, 229]

INFO: Total Population: 501317
INFO: R0: 2
INFO: Incubation Period: 5
INFO: Illness Period: 7
X:[0, 1, 2, 3, 4, 5, 6, 7, 8, 9, 10, 11, 12, 13, 14, 15, 16, 17, 18, 19, 20, 21, 22, 23, 24, 25, 26, 27, 28, 29, 30, 31, 32, 33, 34, 35, 36, 37, 38, 39, 40, 41, 42, 43, 44, 45, 46, 47, 48, 49, 50, 51, 52, 53, 54, 55, 56, 57, 58, 59, 60, 61, 62, 63, 64, 65, 66, 67, 68, 69, 70, 71, 72, 73, 74, 75, 76, 77, 78, 79, 80, 81, 82, 83, 84, 85, 86, 87, 88, 89, 90, 91, 92, 93, 94, 95, 96, 97, 98, 99, 100, 101, 102, 103, 104, 105, 106, 107, 108]
YNEW:[0, 0, 0, 0, 0, 0, 0, 0, 0, 0, 0, 0, 0, 0, 0, 0, 0, 0, 0, 0, 0, 0, 0, 0, 0, 0, 0, 0, 0, 0, 0, 0, 0, 0, 0, 0, 0, 0, 0, 0, 0, 0, 0, 0, 0, 0, 0, 1, 1, 0, 0, 0, 0, 1, 1, 1, 1, 1, 5, 4, 4, 4, 4, 4, 4, 2, 6, 5, 9, 11, 10, 8, 7, 5, 4, 5, 5, 9, 6, 7, 5, 3, 2, 3, 4, 4, 6, 7, 5, 3, 2, 4, 4, 2, 5, 6, 4, 3, 4, 3, 2, 2, 4, 3, 1, 1, 2, 2]
YTOT: [0, 0, 0, 0, 0, 0, 0, 0, 0, 0, 0, 0, 0, 0, 0, 0, 0, 0, 0, 0, 0, 0, 0, 0, 0, 0, 0, 0, 0, 0, 0, 0, 0, 0, 0, 0, 0, 0, 0, 0, 0, 0, 0, 0, 0, 0, 0, 1, 2, 2, 2, 2, 2, 3, 4, 5, 6, 7, 12, 16, 20, 24, 28, 32, 36, 38, 44, 49, 58, 69, 79, 87, 94, 99, 103, 108, 113, 122, 128, 135, 140, 143, 145, 148, 152, 156, 162, 169, 174, 177, 179, 183, 187, 189, 194, 200, 204, 207, 211, 214, 216, 218, 222, 225, 226, 227, 229, 231]

INFO: Total Population: 501317
INFO: R0: 2
INFO: Incubation Period: 5
INFO: Illness Period: 7
X:[0, 1, 2, 3, 4, 5, 6, 7, 8, 9, 10, 11, 12, 13, 14, 15, 16, 17, 18, 19, 20, 21, 22, 23, 24, 25, 26, 27, 28, 29, 30, 31, 32, 33, 34, 35, 36, 37, 38, 39, 40, 41, 42, 43, 44, 45, 46, 47, 48, 49, 50, 51, 52, 53, 54, 55, 56, 57, 58, 59, 60, 61, 62, 63, 64, 65, 66, 67, 68, 69, 70, 71, 72, 73, 74, 75, 76, 77, 78, 79, 80, 81, 82, 83, 84, 85, 86, 87, 88, 89, 90, 91, 92, 93, 94, 95, 96, 97, 98, 99, 100, 101, 102, 103]
YNEW:[0, 0, 0, 0, 0, 0, 0, 0, 0, 0, 0, 0, 0, 0, 0, 0, 0, 0, 0, 0, 0, 0, 0, 0, 0, 0, 0, 0, 0, 0, 0, 0, 0, 0, 0, 0, 0, 0, 0, 0, 0, 0, 0, 0, 0, 0, 0, 1, 1, 0, 0, 0, 0, 1, 1, 1, 1, 1, 5, 4, 4, 4, 4, 4, 4, 2, 6, 5, 9, 11, 10, 8, 7, 5, 4, 5, 5, 9, 6, 7, 5, 3, 2, 3, 4, 4, 6, 7, 5, 3, 2, 3, 5, 2, 2, 5, 6, 4, 4, 2, 3, 1, 1]
YTOT: [0, 0, 0, 0, 0, 0, 0, 0, 0, 0, 0, 0, 0, 0, 0, 0, 0, 0, 0, 0, 0, 0, 0, 0, 0, 0, 0, 0, 0, 0, 0, 0, 0, 0, 0, 0, 0, 0, 0, 0, 0, 0, 0, 0, 0, 0, 0, 1, 2, 2, 2, 2, 2, 3, 4, 5, 6, 7, 12, 16, 20, 24, 28, 32, 36, 38, 44, 49, 58, 69, 79, 87, 94, 99, 103, 108, 113, 122, 128, 135, 140, 143, 145, 148, 152, 156, 162, 169, 174, 177, 179, 182, 187, 189, 191, 196, 202, 206, 210, 212, 215, 216, 217]

INFO: Total Population: 501317
INFO: R0: 2
INFO: Incubation Period: 5
INFO: Illness Period: 7
X:[0, 1, 2, 3, 4, 5, 6, 7, 8, 9, 10, 11, 12, 13, 14, 15, 16, 17, 18, 19, 20, 21, 22, 23, 24, 25, 26, 27, 28, 29, 30, 31, 32, 33, 34, 35, 36, 37, 38, 39, 40, 41, 42, 43, 44, 45, 46, 47, 48, 49, 50, 51, 52, 53, 54, 55, 56, 57, 58, 59, 60, 61, 62, 63, 64, 65, 66, 67, 68, 69, 70, 71, 72, 73, 74, 75, 76, 77, 78, 79, 80, 81, 82, 83, 84, 85, 86, 87, 88, 89, 90, 91, 92, 93, 94, 95, 96, 97, 98, 99, 100, 101, 102, 103, 104, 105, 106, 107, 108, 109]
YNEW:[0, 0, 0, 0, 0, 0, 0, 0, 0, 0, 0, 0, 0, 0, 0, 0, 0, 0, 0, 0, 0, 0, 0, 0, 0, 0, 0, 0, 0, 0, 0, 0, 0, 0, 0, 0, 0, 0, 0, 0, 0, 0, 0, 0, 0, 0, 0, 1, 1, 0, 0, 0, 0, 1, 1, 1, 1, 1, 5, 4, 4, 4, 4, 4, 4, 2, 6, 5, 9, 11, 10, 8, 7, 5, 4, 5, 5, 9, 6, 7, 5, 3, 2, 3, 4, 4, 6, 7, 5, 3, 2, 5, 4, 7, 2, 2, 3, 5, 2, 4, 4, 3, 4, 5, 4, 1, 1, 1, 1]
YTOT: [0, 0, 0, 0, 0, 0, 0, 0, 0, 0, 0, 0, 0, 0, 0, 0, 0, 0, 0, 0, 0, 0, 0, 0, 0, 0, 0, 0, 0, 0, 0, 0, 0, 0, 0, 0, 0, 0, 0, 0, 0, 0, 0, 0, 0, 0, 0, 1, 2, 2, 2, 2, 2, 3, 4, 5, 6, 7, 12, 16, 20, 24, 28, 32, 36, 38, 44, 49, 58, 69, 79, 87, 94, 99, 103, 108, 113, 122, 128, 135, 140, 143, 145, 148, 152, 156, 162, 169, 174, 177, 179, 184, 188, 195, 197, 199, 202, 207, 209, 213, 217, 220, 224, 229, 233, 234, 235, 236, 237]

INFO: Total Population: 501317
INFO: R0: 2
INFO: Incubation Period: 5
INFO: Illness Period: 7
X:[0, 1, 2, 3, 4, 5, 6, 7, 8, 9, 10, 11, 12, 13, 14, 15, 16, 17, 18, 19, 20, 21, 22, 23, 24, 25, 26, 27, 28, 29, 30, 31, 32, 33, 34, 35, 36, 37, 38, 39, 40, 41, 42, 43, 44, 45, 46, 47, 48, 49, 50, 51, 52, 53, 54, 55, 56, 57, 58, 59, 60, 61, 62, 63, 64, 65, 66, 67, 68, 69, 70, 71, 72, 73, 74, 75, 76, 77, 78, 79, 80, 81, 82, 83, 84, 85, 86, 87, 88, 89, 90, 91, 92, 93, 94, 95, 96, 97, 98, 99, 100, 101, 102, 103, 104]
YNEW:[0, 0, 0, 0, 0, 0, 0, 0, 0, 0, 0, 0, 0, 0, 0, 0, 0, 0, 0, 0, 0, 0, 0, 0, 0, 0, 0, 0, 0, 0, 0, 0, 0, 0, 0, 0, 0, 0, 0, 0, 0, 0, 0, 0, 0, 0, 0, 1, 1, 0, 0, 0, 0, 1, 1, 1, 1, 1, 5, 4, 4, 4, 4, 4, 4, 2, 6, 5, 9, 11, 10, 8, 7, 5, 4, 5, 5, 9, 6, 7, 5, 3, 2, 3, 4, 4, 6, 7, 5, 3, 2, 4, 4, 3, 4, 3, 2, 4, 4, 3, 1, 2, 1, 1]
YTOT: [0, 0, 0, 0, 0, 0, 0, 0, 0, 0, 0, 0, 0, 0, 0, 0, 0, 0, 0, 0, 0, 0, 0, 0, 0, 0, 0, 0, 0, 0, 0, 0, 0, 0, 0, 0, 0, 0, 0, 0, 0, 0, 0, 0, 0, 0, 0, 1, 2, 2, 2, 2, 2, 3, 4, 5, 6, 7, 12, 16, 20, 24, 28, 32, 36, 38, 44, 49, 58, 69, 79, 87, 94, 99, 103, 108, 113, 122, 128, 135, 140, 143, 145, 148, 152, 156, 162, 169, 174, 177, 179, 183, 187, 190, 194, 197, 199, 203, 207, 210, 211, 213, 214, 215]

INFO: Total Population: 501317
INFO: R0: 2
INFO: Incubation Period: 5
INFO: Illness Period: 7
X:[0, 1, 2, 3, 4, 5, 6, 7, 8, 9, 10, 11, 12, 13, 14, 15, 16, 17, 18, 19, 20, 21, 22, 23, 24, 25, 26, 27, 28, 29, 30, 31, 32, 33, 34, 35, 36, 37, 38, 39, 40, 41, 42, 43, 44, 45, 46, 47, 48, 49, 50, 51, 52, 53, 54, 55, 56, 57, 58, 59, 60, 61, 62, 63, 64, 65, 66, 67, 68, 69, 70, 71, 72, 73, 74, 75, 76, 77, 78, 79, 80, 81, 82, 83, 84, 85, 86, 87, 88, 89, 90, 91, 92, 93, 94, 95, 96, 97, 98, 99, 100, 101, 102, 103, 104, 105, 106, 107, 108]
YNEW:[0, 0, 0, 0, 0, 0, 0, 0, 0, 0, 0, 0, 0, 0, 0, 0, 0, 0, 0, 0, 0, 0, 0, 0, 0, 0, 0, 0, 0, 0, 0, 0, 0, 0, 0, 0, 0, 0, 0, 0, 0, 0, 0, 0, 0, 0, 0, 1, 1, 0, 0, 0, 0, 1, 1, 1, 1, 1, 5, 4, 4, 4, 4, 4, 4, 2, 6, 5, 9, 11, 10, 8, 7, 5, 4, 5, 5, 9, 6, 7, 5, 3, 2, 3, 4, 4, 6, 7, 5, 3, 2, 6, 3, 5, 1, 7, 4, 5, 1, 7, 6, 5, 4, 4, 4, 1, 2, 2]
YTOT: [0, 0, 0, 0, 0, 0, 0, 0, 0, 0, 0, 0, 0, 0, 0, 0, 0, 0, 0, 0, 0, 0, 0, 0, 0, 0, 0, 0, 0, 0, 0, 0, 0, 0, 0, 0, 0, 0, 0, 0, 0, 0, 0, 0, 0, 0, 0, 1, 2, 2, 2, 2, 2, 3, 4, 5, 6, 7, 12, 16, 20, 24, 28, 32, 36, 38, 44, 49, 58, 69, 79, 87, 94, 99, 103, 108, 113, 122, 128, 135, 140, 143, 145, 148, 152, 156, 162, 169, 174, 177, 179, 185, 188, 193, 194, 201, 205, 210, 211, 218, 224, 229, 233, 237, 241, 242, 244, 246]

END