

INFO: Total Population: 1133247
INFO: R0: 2
INFO: Incubation Period: 5
INFO: Illness Period: 7
X:[0, 1, 2, 3, 4, 5, 6, 7, 8, 9, 10, 11, 12, 13, 14, 15, 16, 17, 18, 19, 20, 21, 22, 23, 24, 25, 26, 27, 28, 29, 30, 31, 32, 33, 34, 35, 36, 37, 38, 39, 40, 41, 42, 43, 44, 45, 46, 47, 48, 49, 50, 51, 52, 53, 54, 55, 56, 57, 58, 59, 60, 61, 62, 63, 64, 65, 66, 67, 68, 69, 70, 71, 72, 73, 74, 75, 76, 77, 78, 79, 80, 81, 82, 83, 84, 85, 86, 87, 88, 89, 90, 91, 92, 93, 94, 95, 96, 97, 98, 99, 100, 101, 102, 103, 104, 105, 106, 107, 108, 109, 110, 111, 112, 113, 114, 115, 116, 117, 118, 119, 120, 121, 122, 123, 124]
YNEW:[0, 0, 0, 0, 0, 0, 0, 0, 0, 0, 0, 0, 0, 0, 0, 0, 0, 0, 0, 0, 0, 0, 0, 0, 0, 0, 0, 0, 0, 0, 0, 0, 0, 0, 0, 0, 0, 0, 0, 0, 0, 0, 0, 0, 1, 1, 2, 2, 2, 1, 1, 5, 5, 4, 4, 5, 3, 3, 3, 4, 6, 8, 11, 15, 19, 20, 20, 15, 13, 20, 23, 25, 28, 35, 35, 34, 31, 27, 24, 24, 22, 18, 16, 26, 23, 21, 20, 25, 19, 18, 25, 22, 17, 17, 17, 14, 11, 14, 16, 21, 20, 23, 19, 13, 15, 17, 12, 13, 7, 15, 20, 19, 17, 7, 12, 11, 5, 4, 5, 2, 2, 4, 1, 1]
YTOT: [0, 0, 0, 0, 0, 0, 0, 0, 0, 0, 0, 0, 0, 0, 0, 0, 0, 0, 0, 0, 0, 0, 0, 0, 0, 0, 0, 0, 0, 0, 0, 0, 0, 0, 0, 0, 0, 0, 0, 0, 0, 0, 0, 0, 1, 2, 4, 6, 8, 9, 10, 15, 20, 24, 28, 33, 36, 39, 42, 46, 52, 60, 71, 86, 105, 125, 145, 160, 173, 193, 216, 241, 269, 304, 339, 373, 404, 431, 455, 479, 501, 519, 535, 561, 584, 605, 625, 650, 669, 687, 712, 734, 751, 768, 785, 799, 810, 824, 840, 861, 881, 904, 923, 936, 951, 968, 980, 993, 1000, 1015, 1035, 1054, 1071, 1078, 1090, 1101, 1106, 1110, 1115, 1117, 1119, 1123, 1124, 1125]

INFO: Total Population: 1133247
INFO: R0: 2
INFO: Incubation Period: 5
INFO: Illness Period: 7
X:[0, 1, 2, 3, 4, 5, 6, 7, 8, 9, 10, 11, 12, 13, 14, 15, 16, 17, 18, 19, 20, 21, 22, 23, 24, 25, 26, 27, 28, 29, 30, 31, 32, 33, 34, 35, 36, 37, 38, 39, 40, 41, 42, 43, 44, 45, 46, 47, 48, 49, 50, 51, 52, 53, 54, 55, 56, 57, 58, 59, 60, 61, 62, 63, 64, 65, 66, 67, 68, 69, 70, 71, 72, 73, 74, 75, 76, 77, 78, 79, 80, 81, 82, 83, 84, 85, 86, 87, 88, 89, 90, 91, 92, 93, 94, 95, 96, 97, 98, 99, 100, 101, 102, 103, 104, 105, 106, 107, 108, 109, 110, 111, 112, 113, 114, 115, 116, 117, 118, 119, 120, 121, 122, 123, 124, 125]
YNEW:[0, 0, 0, 0, 0, 0, 0, 0, 0, 0, 0, 0, 0, 0, 0, 0, 0, 0, 0, 0, 0, 0, 0, 0, 0, 0, 0, 0, 0, 0, 0, 0, 0, 0, 0, 0, 0, 0, 0, 0, 0, 0, 0, 0, 1, 1, 2, 2, 2, 1, 1, 5, 5, 4, 4, 5, 3, 3, 3, 4, 6, 8, 11, 15, 19, 20, 20, 15, 13, 20, 23, 25, 28, 35, 35, 34, 31, 27, 24, 24, 22, 18, 16, 26, 23, 21, 20, 25, 19, 18, 25, 22, 17, 17, 17, 14, 11, 14, 16, 21, 20, 23, 19, 13, 13, 18, 20, 10, 15, 12, 12, 13, 13, 9, 16, 7, 6, 6, 4, 4, 7, 2, 4, 2, 1]
YTOT: [0, 0, 0, 0, 0, 0, 0, 0, 0, 0, 0, 0, 0, 0, 0, 0, 0, 0, 0, 0, 0, 0, 0, 0, 0, 0, 0, 0, 0, 0, 0, 0, 0, 0, 0, 0, 0, 0, 0, 0, 0, 0, 0, 0, 1, 2, 4, 6, 8, 9, 10, 15, 20, 24, 28, 33, 36, 39, 42, 46, 52, 60, 71, 86, 105, 125, 145, 160, 173, 193, 216, 241, 269, 304, 339, 373, 404, 431, 455, 479, 501, 519, 535, 561, 584, 605, 625, 650, 669, 687, 712, 734, 751, 768, 785, 799, 810, 824, 840, 861, 881, 904, 923, 936, 949, 967, 987, 997, 1012, 1024, 1036, 1049, 1062, 1071, 1087, 1094, 1100, 1106, 1110, 1114, 1121, 1123, 1127, 1129, 1130]

INFO: Total Population: 1133247
INFO: R0: 2
INFO: Incubation Period: 5
INFO: Illness Period: 7
X:[0, 1, 2, 3, 4, 5, 6, 7, 8, 9, 10, 11, 12, 13, 14, 15, 16, 17, 18, 19, 20, 21, 22, 23, 24, 25, 26, 27, 28, 29, 30, 31, 32, 33, 34, 35, 36, 37, 38, 39, 40, 41, 42, 43, 44, 45, 46, 47, 48, 49, 50, 51, 52, 53, 54, 55, 56, 57, 58, 59, 60, 61, 62, 63, 64, 65, 66, 67, 68, 69, 70, 71, 72, 73, 74, 75, 76, 77, 78, 79, 80, 81, 82, 83, 84, 85, 86, 87, 88, 89, 90, 91, 92, 93, 94, 95, 96, 97, 98, 99, 100, 101, 102, 103, 104, 105, 106, 107, 108, 109, 110, 111, 112, 113, 114, 115, 116, 117, 118, 119, 120, 121, 122]
YNEW:[0, 0, 0, 0, 0, 0, 0, 0, 0, 0, 0, 0, 0, 0, 0, 0, 0, 0, 0, 0, 0, 0, 0, 0, 0, 0, 0, 0, 0, 0, 0, 0, 0, 0, 0, 0, 0, 0, 0, 0, 0, 0, 0, 0, 1, 1, 2, 2, 2, 1, 1, 5, 5, 4, 4, 5, 3, 3, 3, 4, 6, 8, 11, 15, 19, 20, 20, 15, 13, 20, 23, 25, 28, 35, 35, 34, 31, 27, 24, 24, 22, 18, 16, 26, 23, 21, 20, 25, 19, 18, 25, 22, 17, 17, 17, 14, 11, 14, 16, 21, 20, 23, 19, 13, 17, 17, 10, 8, 15, 10, 18, 16, 10, 13, 13, 12, 4, 10, 5, 2, 2, 1]
YTOT: [0, 0, 0, 0, 0, 0, 0, 0, 0, 0, 0, 0, 0, 0, 0, 0, 0, 0, 0, 0, 0, 0, 0, 0, 0, 0, 0, 0, 0, 0, 0, 0, 0, 0, 0, 0, 0, 0, 0, 0, 0, 0, 0, 0, 1, 2, 4, 6, 8, 9, 10, 15, 20, 24, 28, 33, 36, 39, 42, 46, 52, 60, 71, 86, 105, 125, 145, 160, 173, 193, 216, 241, 269, 304, 339, 373, 404, 431, 455, 479, 501, 519, 535, 561, 584, 605, 625, 650, 669, 687, 712, 734, 751, 768, 785, 799, 810, 824, 840, 861, 881, 904, 923, 936, 953, 970, 980, 988, 1003, 1013, 1031, 1047, 1057, 1070, 1083, 1095, 1099, 1109, 1114, 1116, 1118, 1119]

INFO: Total Population: 1133247
INFO: R0: 2
INFO: Incubation Period: 5
INFO: Illness Period: 7
X:[0, 1, 2, 3, 4, 5, 6, 7, 8, 9, 10, 11, 12, 13, 14, 15, 16, 17, 18, 19, 20, 21, 22, 23, 24, 25, 26, 27, 28, 29, 30, 31, 32, 33, 34, 35, 36, 37, 38, 39, 40, 41, 42, 43, 44, 45, 46, 47, 48, 49, 50, 51, 52, 53, 54, 55, 56, 57, 58, 59, 60, 61, 62, 63, 64, 65, 66, 67, 68, 69, 70, 71, 72, 73, 74, 75, 76, 77, 78, 79, 80, 81, 82, 83, 84, 85, 86, 87, 88, 89, 90, 91, 92, 93, 94, 95, 96, 97, 98, 99, 100, 101, 102, 103, 104, 105, 106, 107, 108, 109, 110, 111, 112, 113, 114, 115, 116, 117, 118, 119, 120, 121, 122, 123, 124, 125, 126]
YNEW:[0, 0, 0, 0, 0, 0, 0, 0, 0, 0, 0, 0, 0, 0, 0, 0, 0, 0, 0, 0, 0, 0, 0, 0, 0, 0, 0, 0, 0, 0, 0, 0, 0, 0, 0, 0, 0, 0, 0, 0, 0, 0, 0, 0, 1, 1, 2, 2, 2, 1, 1, 5, 5, 4, 4, 5, 3, 3, 3, 4, 6, 8, 11, 15, 19, 20, 20, 15, 13, 20, 23, 25, 28, 35, 35, 34, 31, 27, 24, 24, 22, 18, 16, 26, 23, 21, 20, 25, 19, 18, 25, 22, 17, 17, 17, 14, 11, 14, 16, 21, 20, 23, 19, 13, 22, 15, 14, 16, 19, 12, 17, 18, 9, 20, 11, 9, 7, 7, 6, 4, 7, 2, 1, 2, 2, 1]
YTOT: [0, 0, 0, 0, 0, 0, 0, 0, 0, 0, 0, 0, 0, 0, 0, 0, 0, 0, 0, 0, 0, 0, 0, 0, 0, 0, 0, 0, 0, 0, 0, 0, 0, 0, 0, 0, 0, 0, 0, 0, 0, 0, 0, 0, 1, 2, 4, 6, 8, 9, 10, 15, 20, 24, 28, 33, 36, 39, 42, 46, 52, 60, 71, 86, 105, 125, 145, 160, 173, 193, 216, 241, 269, 304, 339, 373, 404, 431, 455, 479, 501, 519, 535, 561, 584, 605, 625, 650, 669, 687, 712, 734, 751, 768, 785, 799, 810, 824, 840, 861, 881, 904, 923, 936, 958, 973, 987, 1003, 1022, 1034, 1051, 1069, 1078, 1098, 1109, 1118, 1125, 1132, 1138, 1142, 1149, 1151, 1152, 1154, 1156, 1157]

INFO: Total Population: 1133247
INFO: R0: 2
INFO: Incubation Period: 5
INFO: Illness Period: 7
X:[0, 1, 2, 3, 4, 5, 6, 7, 8, 9, 10, 11, 12, 13, 14, 15, 16, 17, 18, 19, 20, 21, 22, 23, 24, 25, 26, 27, 28, 29, 30, 31, 32, 33, 34, 35, 36, 37, 38, 39, 40, 41, 42, 43, 44, 45, 46, 47, 48, 49, 50, 51, 52, 53, 54, 55, 56, 57, 58, 59, 60, 61, 62, 63, 64, 65, 66, 67, 68, 69, 70, 71, 72, 73, 74, 75, 76, 77, 78, 79, 80, 81, 82, 83, 84, 85, 86, 87, 88, 89, 90, 91, 92, 93, 94, 95, 96, 97, 98, 99, 100, 101, 102, 103, 104, 105, 106, 107, 108, 109, 110, 111, 112, 113, 114, 115, 116, 117, 118, 119, 120, 121, 122, 123, 124, 125]
YNEW:[0, 0, 0, 0, 0, 0, 0, 0, 0, 0, 0, 0, 0, 0, 0, 0, 0, 0, 0, 0, 0, 0, 0, 0, 0, 0, 0, 0, 0, 0, 0, 0, 0, 0, 0, 0, 0, 0, 0, 0, 0, 0, 0, 0, 1, 1, 2, 2, 2, 1, 1, 5, 5, 4, 4, 5, 3, 3, 3, 4, 6, 8, 11, 15, 19, 20, 20, 15, 13, 20, 23, 25, 28, 35, 35, 34, 31, 27, 24, 24, 22, 18, 16, 26, 23, 21, 20, 25, 19, 18, 25, 22, 17, 17, 17, 14, 11, 14, 16, 21, 20, 23, 19, 13, 14, 13, 18, 10, 7, 15, 16, 12, 12, 10, 10, 5, 8, 7, 9, 3, 2, 1, 3, 2, 1]
YTOT: [0, 0, 0, 0, 0, 0, 0, 0, 0, 0, 0, 0, 0, 0, 0, 0, 0, 0, 0, 0, 0, 0, 0, 0, 0, 0, 0, 0, 0, 0, 0, 0, 0, 0, 0, 0, 0, 0, 0, 0, 0, 0, 0, 0, 1, 2, 4, 6, 8, 9, 10, 15, 20, 24, 28, 33, 36, 39, 42, 46, 52, 60, 71, 86, 105, 125, 145, 160, 173, 193, 216, 241, 269, 304, 339, 373, 404, 431, 455, 479, 501, 519, 535, 561, 584, 605, 625, 650, 669, 687, 712, 734, 751, 768, 785, 799, 810, 824, 840, 861, 881, 904, 923, 936, 950, 963, 981, 991, 998, 1013, 1029, 1041, 1053, 1063, 1073, 1078, 1086, 1093, 1102, 1105, 1107, 1108, 1111, 1113, 1114]

INFO: Total Population: 1133247
INFO: R0: 2
INFO: Incubation Period: 5
INFO: Illness Period: 7
X:[0, 1, 2, 3, 4, 5, 6, 7, 8, 9, 10, 11, 12, 13, 14, 15, 16, 17, 18, 19, 20, 21, 22, 23, 24, 25, 26, 27, 28, 29, 30, 31, 32, 33, 34, 35, 36, 37, 38, 39, 40, 41, 42, 43, 44, 45, 46, 47, 48, 49, 50, 51, 52, 53, 54, 55, 56, 57, 58, 59, 60, 61, 62, 63, 64, 65, 66, 67, 68, 69, 70, 71, 72, 73, 74, 75, 76, 77, 78, 79, 80, 81, 82, 83, 84, 85, 86, 87, 88, 89, 90, 91, 92, 93, 94, 95, 96, 97, 98, 99, 100, 101, 102, 103, 104, 105, 106, 107, 108, 109, 110, 111, 112, 113, 114, 115, 116, 117, 118, 119, 120, 121, 122, 123]
YNEW:[0, 0, 0, 0, 0, 0, 0, 0, 0, 0, 0, 0, 0, 0, 0, 0, 0, 0, 0, 0, 0, 0, 0, 0, 0, 0, 0, 0, 0, 0, 0, 0, 0, 0, 0, 0, 0, 0, 0, 0, 0, 0, 0, 0, 1, 1, 2, 2, 2, 1, 1, 5, 5, 4, 4, 5, 3, 3, 3, 4, 6, 8, 11, 15, 19, 20, 20, 15, 13, 20, 23, 25, 28, 35, 35, 34, 31, 27, 24, 24, 22, 18, 16, 26, 23, 21, 20, 25, 19, 18, 25, 22, 17, 17, 17, 14, 11, 14, 16, 21, 20, 23, 19, 13, 9, 11, 18, 12, 13, 14, 8, 14, 17, 10, 10, 7, 7, 10, 6, 4, 6, 3, 2]
YTOT: [0, 0, 0, 0, 0, 0, 0, 0, 0, 0, 0, 0, 0, 0, 0, 0, 0, 0, 0, 0, 0, 0, 0, 0, 0, 0, 0, 0, 0, 0, 0, 0, 0, 0, 0, 0, 0, 0, 0, 0, 0, 0, 0, 0, 1, 2, 4, 6, 8, 9, 10, 15, 20, 24, 28, 33, 36, 39, 42, 46, 52, 60, 71, 86, 105, 125, 145, 160, 173, 193, 216, 241, 269, 304, 339, 373, 404, 431, 455, 479, 501, 519, 535, 561, 584, 605, 625, 650, 669, 687, 712, 734, 751, 768, 785, 799, 810, 824, 840, 861, 881, 904, 923, 936, 945, 956, 974, 986, 999, 1013, 1021, 1035, 1052, 1062, 1072, 1079, 1086, 1096, 1102, 1106, 1112, 1115, 1117]

INFO: Total Population: 1133247
INFO: R0: 2
INFO: Incubation Period: 5
INFO: Illness Period: 7
X:[0, 1, 2, 3, 4, 5, 6, 7, 8, 9, 10, 11, 12, 13, 14, 15, 16, 17, 18, 19, 20, 21, 22, 23, 24, 25, 26, 27, 28, 29, 30, 31, 32, 33, 34, 35, 36, 37, 38, 39, 40, 41, 42, 43, 44, 45, 46, 47, 48, 49, 50, 51, 52, 53, 54, 55, 56, 57, 58, 59, 60, 61, 62, 63, 64, 65, 66, 67, 68, 69, 70, 71, 72, 73, 74, 75, 76, 77, 78, 79, 80, 81, 82, 83, 84, 85, 86, 87, 88, 89, 90, 91, 92, 93, 94, 95, 96, 97, 98, 99, 100, 101, 102, 103, 104, 105, 106, 107, 108, 109, 110, 111, 112, 113, 114, 115, 116, 117, 118, 119, 120, 121, 122, 123, 124, 125]
YNEW:[0, 0, 0, 0, 0, 0, 0, 0, 0, 0, 0, 0, 0, 0, 0, 0, 0, 0, 0, 0, 0, 0, 0, 0, 0, 0, 0, 0, 0, 0, 0, 0, 0, 0, 0, 0, 0, 0, 0, 0, 0, 0, 0, 0, 1, 1, 2, 2, 2, 1, 1, 5, 5, 4, 4, 5, 3, 3, 3, 4, 6, 8, 11, 15, 19, 20, 20, 15, 13, 20, 23, 25, 28, 35, 35, 34, 31, 27, 24, 24, 22, 18, 16, 26, 23, 21, 20, 25, 19, 18, 25, 22, 17, 17, 17, 14, 11, 14, 16, 21, 20, 23, 19, 13, 14, 22, 17, 11, 8, 9, 15, 16, 13, 15, 11, 14, 6, 8, 1, 5, 2, 1, 1, 1, 1]
YTOT: [0, 0, 0, 0, 0, 0, 0, 0, 0, 0, 0, 0, 0, 0, 0, 0, 0, 0, 0, 0, 0, 0, 0, 0, 0, 0, 0, 0, 0, 0, 0, 0, 0, 0, 0, 0, 0, 0, 0, 0, 0, 0, 0, 0, 1, 2, 4, 6, 8, 9, 10, 15, 20, 24, 28, 33, 36, 39, 42, 46, 52, 60, 71, 86, 105, 125, 145, 160, 173, 193, 216, 241, 269, 304, 339, 373, 404, 431, 455, 479, 501, 519, 535, 561, 584, 605, 625, 650, 669, 687, 712, 734, 751, 768, 785, 799, 810, 824, 840, 861, 881, 904, 923, 936, 950, 972, 989, 1000, 1008, 1017, 1032, 1048, 1061, 1076, 1087, 1101, 1107, 1115, 1116, 1121, 1123, 1124, 1125, 1126, 1127]

INFO: Total Population: 1133247
INFO: R0: 2
INFO: Incubation Period: 5
INFO: Illness Period: 7
X:[0, 1, 2, 3, 4, 5, 6, 7, 8, 9, 10, 11, 12, 13, 14, 15, 16, 17, 18, 19, 20, 21, 22, 23, 24, 25, 26, 27, 28, 29, 30, 31, 32, 33, 34, 35, 36, 37, 38, 39, 40, 41, 42, 43, 44, 45, 46, 47, 48, 49, 50, 51, 52, 53, 54, 55, 56, 57, 58, 59, 60, 61, 62, 63, 64, 65, 66, 67, 68, 69, 70, 71, 72, 73, 74, 75, 76, 77, 78, 79, 80, 81, 82, 83, 84, 85, 86, 87, 88, 89, 90, 91, 92, 93, 94, 95, 96, 97, 98, 99, 100, 101, 102, 103, 104, 105, 106, 107, 108, 109, 110, 111, 112, 113, 114, 115, 116, 117, 118, 119, 120, 121, 122, 123, 124, 125, 126]
YNEW:[0, 0, 0, 0, 0, 0, 0, 0, 0, 0, 0, 0, 0, 0, 0, 0, 0, 0, 0, 0, 0, 0, 0, 0, 0, 0, 0, 0, 0, 0, 0, 0, 0, 0, 0, 0, 0, 0, 0, 0, 0, 0, 0, 0, 1, 1, 2, 2, 2, 1, 1, 5, 5, 4, 4, 5, 3, 3, 3, 4, 6, 8, 11, 15, 19, 20, 20, 15, 13, 20, 23, 25, 28, 35, 35, 34, 31, 27, 24, 24, 22, 18, 16, 26, 23, 21, 20, 25, 19, 18, 25, 22, 17, 17, 17, 14, 11, 14, 16, 21, 20, 23, 19, 13, 11, 19, 17, 13, 7, 12, 15, 14, 15, 8, 14, 10, 5, 3, 5, 2, 5, 7, 2, 2, 1, 1]
YTOT: [0, 0, 0, 0, 0, 0, 0, 0, 0, 0, 0, 0, 0, 0, 0, 0, 0, 0, 0, 0, 0, 0, 0, 0, 0, 0, 0, 0, 0, 0, 0, 0, 0, 0, 0, 0, 0, 0, 0, 0, 0, 0, 0, 0, 1, 2, 4, 6, 8, 9, 10, 15, 20, 24, 28, 33, 36, 39, 42, 46, 52, 60, 71, 86, 105, 125, 145, 160, 173, 193, 216, 241, 269, 304, 339, 373, 404, 431, 455, 479, 501, 519, 535, 561, 584, 605, 625, 650, 669, 687, 712, 734, 751, 768, 785, 799, 810, 824, 840, 861, 881, 904, 923, 936, 947, 966, 983, 996, 1003, 1015, 1030, 1044, 1059, 1067, 1081, 1091, 1096, 1099, 1104, 1106, 1111, 1118, 1120, 1122, 1123, 1124]

INFO: Total Population: 1133247
INFO: R0: 2
INFO: Incubation Period: 5
INFO: Illness Period: 7
X:[0, 1, 2, 3, 4, 5, 6, 7, 8, 9, 10, 11, 12, 13, 14, 15, 16, 17, 18, 19, 20, 21, 22, 23, 24, 25, 26, 27, 28, 29, 30, 31, 32, 33, 34, 35, 36, 37, 38, 39, 40, 41, 42, 43, 44, 45, 46, 47, 48, 49, 50, 51, 52, 53, 54, 55, 56, 57, 58, 59, 60, 61, 62, 63, 64, 65, 66, 67, 68, 69, 70, 71, 72, 73, 74, 75, 76, 77, 78, 79, 80, 81, 82, 83, 84, 85, 86, 87, 88, 89, 90, 91, 92, 93, 94, 95, 96, 97, 98, 99, 100, 101, 102, 103, 104, 105, 106, 107, 108, 109, 110, 111, 112, 113, 114, 115, 116, 117, 118, 119, 120, 121, 122, 123, 124, 125]
YNEW:[0, 0, 0, 0, 0, 0, 0, 0, 0, 0, 0, 0, 0, 0, 0, 0, 0, 0, 0, 0, 0, 0, 0, 0, 0, 0, 0, 0, 0, 0, 0, 0, 0, 0, 0, 0, 0, 0, 0, 0, 0, 0, 0, 0, 1, 1, 2, 2, 2, 1, 1, 5, 5, 4, 4, 5, 3, 3, 3, 4, 6, 8, 11, 15, 19, 20, 20, 15, 13, 20, 23, 25, 28, 35, 35, 34, 31, 27, 24, 24, 22, 18, 16, 26, 23, 21, 20, 25, 19, 18, 25, 22, 17, 17, 17, 14, 11, 14, 16, 21, 20, 23, 19, 13, 15, 13, 19, 11, 12, 11, 13, 13, 18, 12, 10, 12, 6, 4, 6, 3, 8, 1, 1, 1, 1]
YTOT: [0, 0, 0, 0, 0, 0, 0, 0, 0, 0, 0, 0, 0, 0, 0, 0, 0, 0, 0, 0, 0, 0, 0, 0, 0, 0, 0, 0, 0, 0, 0, 0, 0, 0, 0, 0, 0, 0, 0, 0, 0, 0, 0, 0, 1, 2, 4, 6, 8, 9, 10, 15, 20, 24, 28, 33, 36, 39, 42, 46, 52, 60, 71, 86, 105, 125, 145, 160, 173, 193, 216, 241, 269, 304, 339, 373, 404, 431, 455, 479, 501, 519, 535, 561, 584, 605, 625, 650, 669, 687, 712, 734, 751, 768, 785, 799, 810, 824, 840, 861, 881, 904, 923, 936, 951, 964, 983, 994, 1006, 1017, 1030, 1043, 1061, 1073, 1083, 1095, 1101, 1105, 1111, 1114, 1122, 1123, 1124, 1125, 1126]

INFO: Total Population: 1133247
INFO: R0: 2
INFO: Incubation Period: 5
INFO: Illness Period: 7
X:[0, 1, 2, 3, 4, 5, 6, 7, 8, 9, 10, 11, 12, 13, 14, 15, 16, 17, 18, 19, 20, 21, 22, 23, 24, 25, 26, 27, 28, 29, 30, 31, 32, 33, 34, 35, 36, 37, 38, 39, 40, 41, 42, 43, 44, 45, 46, 47, 48, 49, 50, 51, 52, 53, 54, 55, 56, 57, 58, 59, 60, 61, 62, 63, 64, 65, 66, 67, 68, 69, 70, 71, 72, 73, 74, 75, 76, 77, 78, 79, 80, 81, 82, 83, 84, 85, 86, 87, 88, 89, 90, 91, 92, 93, 94, 95, 96, 97, 98, 99, 100, 101, 102, 103, 104, 105, 106, 107, 108, 109, 110, 111, 112, 113, 114, 115, 116, 117, 118, 119, 120, 121, 122, 123, 124, 125]
YNEW:[0, 0, 0, 0, 0, 0, 0, 0, 0, 0, 0, 0, 0, 0, 0, 0, 0, 0, 0, 0, 0, 0, 0, 0, 0, 0, 0, 0, 0, 0, 0, 0, 0, 0, 0, 0, 0, 0, 0, 0, 0, 0, 0, 0, 1, 1, 2, 2, 2, 1, 1, 5, 5, 4, 4, 5, 3, 3, 3, 4, 6, 8, 11, 15, 19, 20, 20, 15, 13, 20, 23, 25, 28, 35, 35, 34, 31, 27, 24, 24, 22, 18, 16, 26, 23, 21, 20, 25, 19, 18, 25, 22, 17, 17, 17, 14, 11, 14, 16, 21, 20, 23, 19, 13, 12, 19, 16, 9, 16, 9, 14, 19, 15, 7, 9, 6, 8, 8, 4, 7, 2, 5, 1, 2, 1]
YTOT: [0, 0, 0, 0, 0, 0, 0, 0, 0, 0, 0, 0, 0, 0, 0, 0, 0, 0, 0, 0, 0, 0, 0, 0, 0, 0, 0, 0, 0, 0, 0, 0, 0, 0, 0, 0, 0, 0, 0, 0, 0, 0, 0, 0, 1, 2, 4, 6, 8, 9, 10, 15, 20, 24, 28, 33, 36, 39, 42, 46, 52, 60, 71, 86, 105, 125, 145, 160, 173, 193, 216, 241, 269, 304, 339, 373, 404, 431, 455, 479, 501, 519, 535, 561, 584, 605, 625, 650, 669, 687, 712, 734, 751, 768, 785, 799, 810, 824, 840, 861, 881, 904, 923, 936, 948, 967, 983, 992, 1008, 1017, 1031, 1050, 1065, 1072, 1081, 1087, 1095, 1103, 1107, 1114, 1116, 1121, 1122, 1124, 1125]

INFO: Total Population: 1133247
INFO: R0: 2
INFO: Incubation Period: 5
INFO: Illness Period: 7
X:[0, 1, 2, 3, 4, 5, 6, 7, 8, 9, 10, 11, 12, 13, 14, 15, 16, 17, 18, 19, 20, 21, 22, 23, 24, 25, 26, 27, 28, 29, 30, 31, 32, 33, 34, 35, 36, 37, 38, 39, 40, 41, 42, 43, 44, 45, 46, 47, 48, 49, 50, 51, 52, 53, 54, 55, 56, 57, 58, 59, 60, 61, 62, 63, 64, 65, 66, 67, 68, 69, 70, 71, 72, 73, 74, 75, 76, 77, 78, 79, 80, 81, 82, 83, 84, 85, 86, 87, 88, 89, 90, 91, 92, 93, 94, 95, 96, 97, 98, 99, 100, 101, 102, 103, 104, 105, 106, 107, 108, 109, 110, 111, 112, 113, 114, 115, 116, 117, 118, 119, 120, 121, 122, 123, 124, 125]
YNEW:[0, 0, 0, 0, 0, 0, 0, 0, 0, 0, 0, 0, 0, 0, 0, 0, 0, 0, 0, 0, 0, 0, 0, 0, 0, 0, 0, 0, 0, 0, 0, 0, 0, 0, 0, 0, 0, 0, 0, 0, 0, 0, 0, 0, 1, 1, 2, 2, 2, 1, 1, 5, 5, 4, 4, 5, 3, 3, 3, 4, 6, 8, 11, 15, 19, 20, 20, 15, 13, 20, 23, 25, 28, 35, 35, 34, 31, 27, 24, 24, 22, 18, 16, 26, 23, 21, 20, 25, 19, 18, 25, 22, 17, 17, 17, 14, 11, 14, 16, 21, 20, 23, 19, 13, 24, 16, 9, 9, 6, 16, 14, 12, 16, 10, 10, 14, 5, 5, 4, 2, 5, 4, 1, 1, 2]
YTOT: [0, 0, 0, 0, 0, 0, 0, 0, 0, 0, 0, 0, 0, 0, 0, 0, 0, 0, 0, 0, 0, 0, 0, 0, 0, 0, 0, 0, 0, 0, 0, 0, 0, 0, 0, 0, 0, 0, 0, 0, 0, 0, 0, 0, 1, 2, 4, 6, 8, 9, 10, 15, 20, 24, 28, 33, 36, 39, 42, 46, 52, 60, 71, 86, 105, 125, 145, 160, 173, 193, 216, 241, 269, 304, 339, 373, 404, 431, 455, 479, 501, 519, 535, 561, 584, 605, 625, 650, 669, 687, 712, 734, 751, 768, 785, 799, 810, 824, 840, 861, 881, 904, 923, 936, 960, 976, 985, 994, 1000, 1016, 1030, 1042, 1058, 1068, 1078, 1092, 1097, 1102, 1106, 1108, 1113, 1117, 1118, 1119, 1121]

INFO: Total Population: 1133247
INFO: R0: 2
INFO: Incubation Period: 5
INFO: Illness Period: 7
X:[0, 1, 2, 3, 4, 5, 6, 7, 8, 9, 10, 11, 12, 13, 14, 15, 16, 17, 18, 19, 20, 21, 22, 23, 24, 25, 26, 27, 28, 29, 30, 31, 32, 33, 34, 35, 36, 37, 38, 39, 40, 41, 42, 43, 44, 45, 46, 47, 48, 49, 50, 51, 52, 53, 54, 55, 56, 57, 58, 59, 60, 61, 62, 63, 64, 65, 66, 67, 68, 69, 70, 71, 72, 73, 74, 75, 76, 77, 78, 79, 80, 81, 82, 83, 84, 85, 86, 87, 88, 89, 90, 91, 92, 93, 94, 95, 96, 97, 98, 99, 100, 101, 102, 103, 104, 105, 106, 107, 108, 109, 110, 111, 112, 113, 114, 115, 116, 117, 118, 119, 120, 121, 122, 123, 124, 125]
YNEW:[0, 0, 0, 0, 0, 0, 0, 0, 0, 0, 0, 0, 0, 0, 0, 0, 0, 0, 0, 0, 0, 0, 0, 0, 0, 0, 0, 0, 0, 0, 0, 0, 0, 0, 0, 0, 0, 0, 0, 0, 0, 0, 0, 0, 1, 1, 2, 2, 2, 1, 1, 5, 5, 4, 4, 5, 3, 3, 3, 4, 6, 8, 11, 15, 19, 20, 20, 15, 13, 20, 23, 25, 28, 35, 35, 34, 31, 27, 24, 24, 22, 18, 16, 26, 23, 21, 20, 25, 19, 18, 25, 22, 17, 17, 17, 14, 11, 14, 16, 21, 20, 23, 19, 13, 11, 18, 16, 17, 15, 10, 13, 7, 19, 11, 12, 11, 5, 2, 9, 5, 3, 2, 4, 2, 3]
YTOT: [0, 0, 0, 0, 0, 0, 0, 0, 0, 0, 0, 0, 0, 0, 0, 0, 0, 0, 0, 0, 0, 0, 0, 0, 0, 0, 0, 0, 0, 0, 0, 0, 0, 0, 0, 0, 0, 0, 0, 0, 0, 0, 0, 0, 1, 2, 4, 6, 8, 9, 10, 15, 20, 24, 28, 33, 36, 39, 42, 46, 52, 60, 71, 86, 105, 125, 145, 160, 173, 193, 216, 241, 269, 304, 339, 373, 404, 431, 455, 479, 501, 519, 535, 561, 584, 605, 625, 650, 669, 687, 712, 734, 751, 768, 785, 799, 810, 824, 840, 861, 881, 904, 923, 936, 947, 965, 981, 998, 1013, 1023, 1036, 1043, 1062, 1073, 1085, 1096, 1101, 1103, 1112, 1117, 1120, 1122, 1126, 1128, 1131]

INFO: Total Population: 1133247
INFO: R0: 2
INFO: Incubation Period: 5
INFO: Illness Period: 7
X:[0, 1, 2, 3, 4, 5, 6, 7, 8, 9, 10, 11, 12, 13, 14, 15, 16, 17, 18, 19, 20, 21, 22, 23, 24, 25, 26, 27, 28, 29, 30, 31, 32, 33, 34, 35, 36, 37, 38, 39, 40, 41, 42, 43, 44, 45, 46, 47, 48, 49, 50, 51, 52, 53, 54, 55, 56, 57, 58, 59, 60, 61, 62, 63, 64, 65, 66, 67, 68, 69, 70, 71, 72, 73, 74, 75, 76, 77, 78, 79, 80, 81, 82, 83, 84, 85, 86, 87, 88, 89, 90, 91, 92, 93, 94, 95, 96, 97, 98, 99, 100, 101, 102, 103, 104, 105, 106, 107, 108, 109, 110, 111, 112, 113, 114, 115, 116, 117, 118, 119, 120, 121, 122, 123, 124]
YNEW:[0, 0, 0, 0, 0, 0, 0, 0, 0, 0, 0, 0, 0, 0, 0, 0, 0, 0, 0, 0, 0, 0, 0, 0, 0, 0, 0, 0, 0, 0, 0, 0, 0, 0, 0, 0, 0, 0, 0, 0, 0, 0, 0, 0, 1, 1, 2, 2, 2, 1, 1, 5, 5, 4, 4, 5, 3, 3, 3, 4, 6, 8, 11, 15, 19, 20, 20, 15, 13, 20, 23, 25, 28, 35, 35, 34, 31, 27, 24, 24, 22, 18, 16, 26, 23, 21, 20, 25, 19, 18, 25, 22, 17, 17, 17, 14, 11, 14, 16, 21, 20, 23, 19, 13, 15, 22, 13, 8, 7, 9, 9, 23, 12, 13, 8, 6, 8, 6, 5, 6, 2, 3, 1, 1]
YTOT: [0, 0, 0, 0, 0, 0, 0, 0, 0, 0, 0, 0, 0, 0, 0, 0, 0, 0, 0, 0, 0, 0, 0, 0, 0, 0, 0, 0, 0, 0, 0, 0, 0, 0, 0, 0, 0, 0, 0, 0, 0, 0, 0, 0, 1, 2, 4, 6, 8, 9, 10, 15, 20, 24, 28, 33, 36, 39, 42, 46, 52, 60, 71, 86, 105, 125, 145, 160, 173, 193, 216, 241, 269, 304, 339, 373, 404, 431, 455, 479, 501, 519, 535, 561, 584, 605, 625, 650, 669, 687, 712, 734, 751, 768, 785, 799, 810, 824, 840, 861, 881, 904, 923, 936, 951, 973, 986, 994, 1001, 1010, 1019, 1042, 1054, 1067, 1075, 1081, 1089, 1095, 1100, 1106, 1108, 1111, 1112, 1113]

INFO: Total Population: 1133247
INFO: R0: 2
INFO: Incubation Period: 5
INFO: Illness Period: 7
X:[0, 1, 2, 3, 4, 5, 6, 7, 8, 9, 10, 11, 12, 13, 14, 15, 16, 17, 18, 19, 20, 21, 22, 23, 24, 25, 26, 27, 28, 29, 30, 31, 32, 33, 34, 35, 36, 37, 38, 39, 40, 41, 42, 43, 44, 45, 46, 47, 48, 49, 50, 51, 52, 53, 54, 55, 56, 57, 58, 59, 60, 61, 62, 63, 64, 65, 66, 67, 68, 69, 70, 71, 72, 73, 74, 75, 76, 77, 78, 79, 80, 81, 82, 83, 84, 85, 86, 87, 88, 89, 90, 91, 92, 93, 94, 95, 96, 97, 98, 99, 100, 101, 102, 103, 104, 105, 106, 107, 108, 109, 110, 111, 112, 113, 114, 115, 116, 117, 118, 119, 120, 121, 122, 123, 124, 125, 126]
YNEW:[0, 0, 0, 0, 0, 0, 0, 0, 0, 0, 0, 0, 0, 0, 0, 0, 0, 0, 0, 0, 0, 0, 0, 0, 0, 0, 0, 0, 0, 0, 0, 0, 0, 0, 0, 0, 0, 0, 0, 0, 0, 0, 0, 0, 1, 1, 2, 2, 2, 1, 1, 5, 5, 4, 4, 5, 3, 3, 3, 4, 6, 8, 11, 15, 19, 20, 20, 15, 13, 20, 23, 25, 28, 35, 35, 34, 31, 27, 24, 24, 22, 18, 16, 26, 23, 21, 20, 25, 19, 18, 25, 22, 17, 17, 17, 14, 11, 14, 16, 21, 20, 23, 19, 13, 22, 11, 11, 10, 8, 12, 15, 14, 12, 12, 12, 5, 5, 7, 3, 8, 2, 1, 2, 3, 1, 1]
YTOT: [0, 0, 0, 0, 0, 0, 0, 0, 0, 0, 0, 0, 0, 0, 0, 0, 0, 0, 0, 0, 0, 0, 0, 0, 0, 0, 0, 0, 0, 0, 0, 0, 0, 0, 0, 0, 0, 0, 0, 0, 0, 0, 0, 0, 1, 2, 4, 6, 8, 9, 10, 15, 20, 24, 28, 33, 36, 39, 42, 46, 52, 60, 71, 86, 105, 125, 145, 160, 173, 193, 216, 241, 269, 304, 339, 373, 404, 431, 455, 479, 501, 519, 535, 561, 584, 605, 625, 650, 669, 687, 712, 734, 751, 768, 785, 799, 810, 824, 840, 861, 881, 904, 923, 936, 958, 969, 980, 990, 998, 1010, 1025, 1039, 1051, 1063, 1075, 1080, 1085, 1092, 1095, 1103, 1105, 1106, 1108, 1111, 1112, 1113]

INFO: Total Population: 1133247
INFO: R0: 2
INFO: Incubation Period: 5
INFO: Illness Period: 7
X:[0, 1, 2, 3, 4, 5, 6, 7, 8, 9, 10, 11, 12, 13, 14, 15, 16, 17, 18, 19, 20, 21, 22, 23, 24, 25, 26, 27, 28, 29, 30, 31, 32, 33, 34, 35, 36, 37, 38, 39, 40, 41, 42, 43, 44, 45, 46, 47, 48, 49, 50, 51, 52, 53, 54, 55, 56, 57, 58, 59, 60, 61, 62, 63, 64, 65, 66, 67, 68, 69, 70, 71, 72, 73, 74, 75, 76, 77, 78, 79, 80, 81, 82, 83, 84, 85, 86, 87, 88, 89, 90, 91, 92, 93, 94, 95, 96, 97, 98, 99, 100, 101, 102, 103, 104, 105, 106, 107, 108, 109, 110, 111, 112, 113, 114, 115, 116, 117, 118, 119, 120, 121, 122, 123, 124]
YNEW:[0, 0, 0, 0, 0, 0, 0, 0, 0, 0, 0, 0, 0, 0, 0, 0, 0, 0, 0, 0, 0, 0, 0, 0, 0, 0, 0, 0, 0, 0, 0, 0, 0, 0, 0, 0, 0, 0, 0, 0, 0, 0, 0, 0, 1, 1, 2, 2, 2, 1, 1, 5, 5, 4, 4, 5, 3, 3, 3, 4, 6, 8, 11, 15, 19, 20, 20, 15, 13, 20, 23, 25, 28, 35, 35, 34, 31, 27, 24, 24, 22, 18, 16, 26, 23, 21, 20, 25, 19, 18, 25, 22, 17, 17, 17, 14, 11, 14, 16, 21, 20, 23, 19, 13, 13, 14, 17, 9, 13, 5, 9, 15, 9, 17, 12, 8, 9, 4, 5, 5, 2, 2, 2, 1]
YTOT: [0, 0, 0, 0, 0, 0, 0, 0, 0, 0, 0, 0, 0, 0, 0, 0, 0, 0, 0, 0, 0, 0, 0, 0, 0, 0, 0, 0, 0, 0, 0, 0, 0, 0, 0, 0, 0, 0, 0, 0, 0, 0, 0, 0, 1, 2, 4, 6, 8, 9, 10, 15, 20, 24, 28, 33, 36, 39, 42, 46, 52, 60, 71, 86, 105, 125, 145, 160, 173, 193, 216, 241, 269, 304, 339, 373, 404, 431, 455, 479, 501, 519, 535, 561, 584, 605, 625, 650, 669, 687, 712, 734, 751, 768, 785, 799, 810, 824, 840, 861, 881, 904, 923, 936, 949, 963, 980, 989, 1002, 1007, 1016, 1031, 1040, 1057, 1069, 1077, 1086, 1090, 1095, 1100, 1102, 1104, 1106, 1107]

INFO: Total Population: 1133247
INFO: R0: 2
INFO: Incubation Period: 5
INFO: Illness Period: 7
X:[0, 1, 2, 3, 4, 5, 6, 7, 8, 9, 10, 11, 12, 13, 14, 15, 16, 17, 18, 19, 20, 21, 22, 23, 24, 25, 26, 27, 28, 29, 30, 31, 32, 33, 34, 35, 36, 37, 38, 39, 40, 41, 42, 43, 44, 45, 46, 47, 48, 49, 50, 51, 52, 53, 54, 55, 56, 57, 58, 59, 60, 61, 62, 63, 64, 65, 66, 67, 68, 69, 70, 71, 72, 73, 74, 75, 76, 77, 78, 79, 80, 81, 82, 83, 84, 85, 86, 87, 88, 89, 90, 91, 92, 93, 94, 95, 96, 97, 98, 99, 100, 101, 102, 103, 104, 105, 106, 107, 108, 109, 110, 111, 112, 113, 114, 115, 116, 117, 118, 119, 120, 121, 122, 123, 124, 125, 126]
YNEW:[0, 0, 0, 0, 0, 0, 0, 0, 0, 0, 0, 0, 0, 0, 0, 0, 0, 0, 0, 0, 0, 0, 0, 0, 0, 0, 0, 0, 0, 0, 0, 0, 0, 0, 0, 0, 0, 0, 0, 0, 0, 0, 0, 0, 1, 1, 2, 2, 2, 1, 1, 5, 5, 4, 4, 5, 3, 3, 3, 4, 6, 8, 11, 15, 19, 20, 20, 15, 13, 20, 23, 25, 28, 35, 35, 34, 31, 27, 24, 24, 22, 18, 16, 26, 23, 21, 20, 25, 19, 18, 25, 22, 17, 17, 17, 14, 11, 14, 16, 21, 20, 23, 19, 13, 14, 11, 17, 11, 8, 11, 8, 14, 18, 15, 16, 8, 3, 2, 3, 5, 3, 3, 1, 1, 1, 1]
YTOT: [0, 0, 0, 0, 0, 0, 0, 0, 0, 0, 0, 0, 0, 0, 0, 0, 0, 0, 0, 0, 0, 0, 0, 0, 0, 0, 0, 0, 0, 0, 0, 0, 0, 0, 0, 0, 0, 0, 0, 0, 0, 0, 0, 0, 1, 2, 4, 6, 8, 9, 10, 15, 20, 24, 28, 33, 36, 39, 42, 46, 52, 60, 71, 86, 105, 125, 145, 160, 173, 193, 216, 241, 269, 304, 339, 373, 404, 431, 455, 479, 501, 519, 535, 561, 584, 605, 625, 650, 669, 687, 712, 734, 751, 768, 785, 799, 810, 824, 840, 861, 881, 904, 923, 936, 950, 961, 978, 989, 997, 1008, 1016, 1030, 1048, 1063, 1079, 1087, 1090, 1092, 1095, 1100, 1103, 1106, 1107, 1108, 1109, 1110]

INFO: Total Population: 1133247
INFO: R0: 2
INFO: Incubation Period: 5
INFO: Illness Period: 7
X:[0, 1, 2, 3, 4, 5, 6, 7, 8, 9, 10, 11, 12, 13, 14, 15, 16, 17, 18, 19, 20, 21, 22, 23, 24, 25, 26, 27, 28, 29, 30, 31, 32, 33, 34, 35, 36, 37, 38, 39, 40, 41, 42, 43, 44, 45, 46, 47, 48, 49, 50, 51, 52, 53, 54, 55, 56, 57, 58, 59, 60, 61, 62, 63, 64, 65, 66, 67, 68, 69, 70, 71, 72, 73, 74, 75, 76, 77, 78, 79, 80, 81, 82, 83, 84, 85, 86, 87, 88, 89, 90, 91, 92, 93, 94, 95, 96, 97, 98, 99, 100, 101, 102, 103, 104, 105, 106, 107, 108, 109, 110, 111, 112, 113, 114, 115, 116, 117, 118, 119, 120, 121, 122, 123, 124]
YNEW:[0, 0, 0, 0, 0, 0, 0, 0, 0, 0, 0, 0, 0, 0, 0, 0, 0, 0, 0, 0, 0, 0, 0, 0, 0, 0, 0, 0, 0, 0, 0, 0, 0, 0, 0, 0, 0, 0, 0, 0, 0, 0, 0, 0, 1, 1, 2, 2, 2, 1, 1, 5, 5, 4, 4, 5, 3, 3, 3, 4, 6, 8, 11, 15, 19, 20, 20, 15, 13, 20, 23, 25, 28, 35, 35, 34, 31, 27, 24, 24, 22, 18, 16, 26, 23, 21, 20, 25, 19, 18, 25, 22, 17, 17, 17, 14, 11, 14, 16, 21, 20, 23, 19, 13, 15, 13, 8, 14, 11, 13, 13, 20, 11, 8, 11, 10, 4, 5, 6, 3, 4, 1, 3, 3]
YTOT: [0, 0, 0, 0, 0, 0, 0, 0, 0, 0, 0, 0, 0, 0, 0, 0, 0, 0, 0, 0, 0, 0, 0, 0, 0, 0, 0, 0, 0, 0, 0, 0, 0, 0, 0, 0, 0, 0, 0, 0, 0, 0, 0, 0, 1, 2, 4, 6, 8, 9, 10, 15, 20, 24, 28, 33, 36, 39, 42, 46, 52, 60, 71, 86, 105, 125, 145, 160, 173, 193, 216, 241, 269, 304, 339, 373, 404, 431, 455, 479, 501, 519, 535, 561, 584, 605, 625, 650, 669, 687, 712, 734, 751, 768, 785, 799, 810, 824, 840, 861, 881, 904, 923, 936, 951, 964, 972, 986, 997, 1010, 1023, 1043, 1054, 1062, 1073, 1083, 1087, 1092, 1098, 1101, 1105, 1106, 1109, 1112]

INFO: Total Population: 1133247
INFO: R0: 2
INFO: Incubation Period: 5
INFO: Illness Period: 7
X:[0, 1, 2, 3, 4, 5, 6, 7, 8, 9, 10, 11, 12, 13, 14, 15, 16, 17, 18, 19, 20, 21, 22, 23, 24, 25, 26, 27, 28, 29, 30, 31, 32, 33, 34, 35, 36, 37, 38, 39, 40, 41, 42, 43, 44, 45, 46, 47, 48, 49, 50, 51, 52, 53, 54, 55, 56, 57, 58, 59, 60, 61, 62, 63, 64, 65, 66, 67, 68, 69, 70, 71, 72, 73, 74, 75, 76, 77, 78, 79, 80, 81, 82, 83, 84, 85, 86, 87, 88, 89, 90, 91, 92, 93, 94, 95, 96, 97, 98, 99, 100, 101, 102, 103, 104, 105, 106, 107, 108, 109, 110, 111, 112, 113, 114, 115, 116, 117, 118, 119, 120, 121, 122, 123, 124, 125]
YNEW:[0, 0, 0, 0, 0, 0, 0, 0, 0, 0, 0, 0, 0, 0, 0, 0, 0, 0, 0, 0, 0, 0, 0, 0, 0, 0, 0, 0, 0, 0, 0, 0, 0, 0, 0, 0, 0, 0, 0, 0, 0, 0, 0, 0, 1, 1, 2, 2, 2, 1, 1, 5, 5, 4, 4, 5, 3, 3, 3, 4, 6, 8, 11, 15, 19, 20, 20, 15, 13, 20, 23, 25, 28, 35, 35, 34, 31, 27, 24, 24, 22, 18, 16, 26, 23, 21, 20, 25, 19, 18, 25, 22, 17, 17, 17, 14, 11, 14, 16, 21, 20, 23, 19, 13, 14, 11, 7, 10, 12, 11, 18, 11, 12, 8, 11, 8, 7, 4, 6, 1, 8, 2, 1, 1, 1]
YTOT: [0, 0, 0, 0, 0, 0, 0, 0, 0, 0, 0, 0, 0, 0, 0, 0, 0, 0, 0, 0, 0, 0, 0, 0, 0, 0, 0, 0, 0, 0, 0, 0, 0, 0, 0, 0, 0, 0, 0, 0, 0, 0, 0, 0, 1, 2, 4, 6, 8, 9, 10, 15, 20, 24, 28, 33, 36, 39, 42, 46, 52, 60, 71, 86, 105, 125, 145, 160, 173, 193, 216, 241, 269, 304, 339, 373, 404, 431, 455, 479, 501, 519, 535, 561, 584, 605, 625, 650, 669, 687, 712, 734, 751, 768, 785, 799, 810, 824, 840, 861, 881, 904, 923, 936, 950, 961, 968, 978, 990, 1001, 1019, 1030, 1042, 1050, 1061, 1069, 1076, 1080, 1086, 1087, 1095, 1097, 1098, 1099, 1100]

INFO: Total Population: 1133247
INFO: R0: 2
INFO: Incubation Period: 5
INFO: Illness Period: 7
X:[0, 1, 2, 3, 4, 5, 6, 7, 8, 9, 10, 11, 12, 13, 14, 15, 16, 17, 18, 19, 20, 21, 22, 23, 24, 25, 26, 27, 28, 29, 30, 31, 32, 33, 34, 35, 36, 37, 38, 39, 40, 41, 42, 43, 44, 45, 46, 47, 48, 49, 50, 51, 52, 53, 54, 55, 56, 57, 58, 59, 60, 61, 62, 63, 64, 65, 66, 67, 68, 69, 70, 71, 72, 73, 74, 75, 76, 77, 78, 79, 80, 81, 82, 83, 84, 85, 86, 87, 88, 89, 90, 91, 92, 93, 94, 95, 96, 97, 98, 99, 100, 101, 102, 103, 104, 105, 106, 107, 108, 109, 110, 111, 112, 113, 114, 115, 116, 117, 118, 119, 120, 121, 122, 123, 124]
YNEW:[0, 0, 0, 0, 0, 0, 0, 0, 0, 0, 0, 0, 0, 0, 0, 0, 0, 0, 0, 0, 0, 0, 0, 0, 0, 0, 0, 0, 0, 0, 0, 0, 0, 0, 0, 0, 0, 0, 0, 0, 0, 0, 0, 0, 1, 1, 2, 2, 2, 1, 1, 5, 5, 4, 4, 5, 3, 3, 3, 4, 6, 8, 11, 15, 19, 20, 20, 15, 13, 20, 23, 25, 28, 35, 35, 34, 31, 27, 24, 24, 22, 18, 16, 26, 23, 21, 20, 25, 19, 18, 25, 22, 17, 17, 17, 14, 11, 14, 16, 21, 20, 23, 19, 13, 15, 18, 10, 4, 10, 11, 15, 20, 16, 4, 13, 13, 3, 3, 8, 2, 2, 4, 2, 1]
YTOT: [0, 0, 0, 0, 0, 0, 0, 0, 0, 0, 0, 0, 0, 0, 0, 0, 0, 0, 0, 0, 0, 0, 0, 0, 0, 0, 0, 0, 0, 0, 0, 0, 0, 0, 0, 0, 0, 0, 0, 0, 0, 0, 0, 0, 1, 2, 4, 6, 8, 9, 10, 15, 20, 24, 28, 33, 36, 39, 42, 46, 52, 60, 71, 86, 105, 125, 145, 160, 173, 193, 216, 241, 269, 304, 339, 373, 404, 431, 455, 479, 501, 519, 535, 561, 584, 605, 625, 650, 669, 687, 712, 734, 751, 768, 785, 799, 810, 824, 840, 861, 881, 904, 923, 936, 951, 969, 979, 983, 993, 1004, 1019, 1039, 1055, 1059, 1072, 1085, 1088, 1091, 1099, 1101, 1103, 1107, 1109, 1110]

INFO: Total Population: 1133247
INFO: R0: 2
INFO: Incubation Period: 5
INFO: Illness Period: 7
X:[0, 1, 2, 3, 4, 5, 6, 7, 8, 9, 10, 11, 12, 13, 14, 15, 16, 17, 18, 19, 20, 21, 22, 23, 24, 25, 26, 27, 28, 29, 30, 31, 32, 33, 34, 35, 36, 37, 38, 39, 40, 41, 42, 43, 44, 45, 46, 47, 48, 49, 50, 51, 52, 53, 54, 55, 56, 57, 58, 59, 60, 61, 62, 63, 64, 65, 66, 67, 68, 69, 70, 71, 72, 73, 74, 75, 76, 77, 78, 79, 80, 81, 82, 83, 84, 85, 86, 87, 88, 89, 90, 91, 92, 93, 94, 95, 96, 97, 98, 99, 100, 101, 102, 103, 104, 105, 106, 107, 108, 109, 110, 111, 112, 113, 114, 115, 116, 117, 118, 119, 120, 121, 122]
YNEW:[0, 0, 0, 0, 0, 0, 0, 0, 0, 0, 0, 0, 0, 0, 0, 0, 0, 0, 0, 0, 0, 0, 0, 0, 0, 0, 0, 0, 0, 0, 0, 0, 0, 0, 0, 0, 0, 0, 0, 0, 0, 0, 0, 0, 1, 1, 2, 2, 2, 1, 1, 5, 5, 4, 4, 5, 3, 3, 3, 4, 6, 8, 11, 15, 19, 20, 20, 15, 13, 20, 23, 25, 28, 35, 35, 34, 31, 27, 24, 24, 22, 18, 16, 26, 23, 21, 20, 25, 19, 18, 25, 22, 17, 17, 17, 14, 11, 14, 16, 21, 20, 23, 19, 13, 18, 16, 10, 10, 9, 14, 12, 22, 17, 12, 12, 12, 9, 4, 2, 4, 7, 2]
YTOT: [0, 0, 0, 0, 0, 0, 0, 0, 0, 0, 0, 0, 0, 0, 0, 0, 0, 0, 0, 0, 0, 0, 0, 0, 0, 0, 0, 0, 0, 0, 0, 0, 0, 0, 0, 0, 0, 0, 0, 0, 0, 0, 0, 0, 1, 2, 4, 6, 8, 9, 10, 15, 20, 24, 28, 33, 36, 39, 42, 46, 52, 60, 71, 86, 105, 125, 145, 160, 173, 193, 216, 241, 269, 304, 339, 373, 404, 431, 455, 479, 501, 519, 535, 561, 584, 605, 625, 650, 669, 687, 712, 734, 751, 768, 785, 799, 810, 824, 840, 861, 881, 904, 923, 936, 954, 970, 980, 990, 999, 1013, 1025, 1047, 1064, 1076, 1088, 1100, 1109, 1113, 1115, 1119, 1126, 1128]

END